ID_INDIVIDU,NB_VISITES,MONTANT_CUMULE,NB_PRDT_MOY_VISITE,CA_MOY_VISITE,NB_MAG_DIFF,NB_LIGNES_DIFF,NB_FAM_DIFF,NB_CADEAUX,RECENCE,PART_VIST_MAG_GEST
4,6,475,2.1666666666666665,79.16666666666667,4,4,5,13,39,0.0
34,3,207,4.0,69.0,1,3,4,12,498,1.0
91,6,517,3.3333333333333335,86.16666666666667,1,3,9,20,143,1.0
99,6,350,2.1666666666666665,58.333333333333336,1,3,7,13,95,0.0
449,1,66,2.0,66.0,1,1,2,2,562,0.0
557,10,415,2.9,41.5,1,4,10,29,65,1.0
1144,2,0,1.0,0.0,2,1,1,2,586,0.5
1174,2,46,1.0,23.0,1,1,2,2,422,0.0
1396,19,1765,4.2105263157894735,92.89473684210526,5,3,11,80,60,0.10526315789473684
1433,5,400,3.6,80.0,1,4,7,18,41,1.0
1534,6,538,2.5,89.66666666666667,5,4,7,15,9,0.0
1579,3,323,4.666666666666667,107.66666666666667,2,4,7,14,170,0.6666666666666666
1611,3,81,2.3333333333333335,27.0,2,2,3,7,153,0.0
1753,2,339,5.5,169.5,1,2,5,11,146,1.0
1943,5,345,2.6,69.0,2,2,4,13,98,0.0
2096,9,823,4.555555555555555,91.44444444444444,3,3,9,41,70,0.0
2110,2,278,5.0,139.0,1,3,8,10,175,1.0
2142,4,357,3.0,89.25,2,2,6,12,361,0.75
2207,2,245,3.5,122.5,1,2,6,7,196,1.0
2726,3,568,7.0,189.33333333333334,1,2,8,21,466,1.0
2736,1,108,3.0,108.0,1,1,3,3,700,0.0
2789,1,106,5.0,106.0,1,2,3,5,571,1.0
2814,2,88,1.5,44.0,2,1,2,3,65,0.0
2886,20,1603,2.25,80.15,1,4,12,45,140,0.0
2976,7,320,2.857142857142857,45.714285714285715,1,4,7,20,208,1.0
3140,5,895,7.4,179.0,1,4,11,37,119,1.0
3547,4,574,4.0,143.5,2,3,7,16,108,0.75
3676,3,344,3.6666666666666665,114.66666666666667,1,4,6,11,36,1.0
4254,5,566,4.2,113.2,2,3,5,21,98,0.4
4277,1,159,8.0,159.0,1,2,4,8,185,1.0
4335,3,243,3.0,81.0,1,2,5,9,65,1.0
4451,2,121,2.0,60.5,2,1,3,4,10,0.5
4624,5,345,2.8,69.0,1,2,3,14,32,1.0
4747,3,165,4.0,55.0,3,4,5,12,116,0.0
4857,4,207,2.75,51.75,1,2,4,11,46,1.0
5035,1,216,6.0,216.0,1,1,4,6,607,1.0
5259,2,166,3.5,83.0,1,3,5,7,418,0.0
5296,3,201,2.3333333333333335,67.0,2,2,5,7,181,0.0
5458,17,2263,5.294117647058823,133.11764705882354,5,4,15,90,32,0.7058823529411765
5513,3,248,3.0,82.66666666666667,2,3,9,9,598,0.6666666666666666
5602,1,68,3.0,68.0,1,1,2,3,418,1.0
5806,7,455,3.0,65.0,2,3,7,21,27,0.0
5833,1,43,2.0,43.0,1,1,2,2,556,1.0
5857,7,523,3.0,74.71428571428571,5,3,9,21,86,0.14285714285714285
5924,2,136,2.0,68.0,1,2,3,4,99,0.0
6002,2,56,2.5,28.0,1,2,3,5,400,1.0
6071,1,107,5.0,107.0,1,2,3,5,7,1.0
6092,7,599,4.857142857142857,85.57142857142857,1,2,4,34,161,1.0
6133,3,205,2.3333333333333335,68.33333333333333,1,3,6,7,51,0.0
6195,10,397,2.3,39.7,4,4,7,23,23,0.3
6301,4,450,4.25,112.5,4,3,7,17,43,0.25
6338,1,104,4.0,104.0,1,2,3,4,708,0.0
6354,2,176,2.5,88.0,2,1,3,5,255,0.5
6613,1,35,2.0,35.0,1,1,2,2,611,1.0
6663,1,118,4.0,118.0,1,1,4,4,385,0.0
6713,11,845,3.1818181818181817,76.81818181818181,5,2,9,35,21,0.09090909090909091
6904,10,756,2.9,75.6,3,4,11,29,25,0.1
7062,1,89,3.0,89.0,1,1,3,3,199,0.0
7320,1,70,2.0,70.0,1,1,2,2,603,0.0
7481,1,136,9.0,136.0,1,3,6,9,560,0.0
7502,3,201,2.3333333333333335,67.0,1,1,4,7,226,1.0
7755,1,233,9.0,233.0,1,3,4,9,240,1.0
7776,16,2138,4.6875,133.625,1,4,13,75,23,1.0
7834,15,1268,3.2666666666666666,84.53333333333333,1,4,10,49,7,0.0
7853,8,465,2.75,58.125,5,4,8,22,53,0.125
7992,3,249,5.0,83.0,2,3,7,15,147,0.6666666666666666
8102,9,506,2.3333333333333335,56.22222222222222,5,2,5,21,70,0.3333333333333333
8120,7,779,5.285714285714286,111.28571428571429,2,4,7,37,70,0.0
8273,2,111,3.0,55.5,2,2,3,6,220,0.0
8570,1,123,5.0,123.0,1,1,2,5,222,0.0
8668,7,703,3.5714285714285716,100.42857142857143,3,4,9,25,49,0.14285714285714285
8685,5,374,2.4,74.8,2,3,4,12,290,0.6
8856,2,180,3.0,90.0,1,2,6,6,317,0.0
8918,13,1530,4.6923076923076925,117.6923076923077,2,4,10,61,151,0.38461538461538464
8923,1,73,3.0,73.0,1,2,3,3,424,0.0
8967,10,691,3.5,69.1,3,3,10,35,36,0.0
9220,4,608,6.0,152.0,1,4,10,24,49,1.0
9411,5,467,4.6,93.4,1,3,9,23,167,0.0
9496,19,1577,3.473684210526316,83.0,4,4,13,66,30,0.05263157894736842
9835,2,300,5.0,150.0,1,3,4,10,227,1.0
9852,2,161,3.0,80.5,2,2,3,6,20,0.5
9921,3,380,5.0,126.66666666666667,2,2,7,15,50,0.6666666666666666
10035,10,1079,5.0,107.9,5,4,11,50,45,0.0
10054,9,1100,4.0,122.22222222222223,2,3,10,36,6,0.7777777777777778
10144,1,41,5.0,41.0,1,2,4,5,549,1.0
10171,6,374,2.8333333333333335,62.333333333333336,1,3,6,17,56,1.0
10231,10,1227,5.1,122.7,3,4,13,51,28,0.5
10314,5,290,1.8,58.0,2,3,5,9,8,0.0
10343,4,237,2.25,59.25,1,2,3,9,125,1.0
10375,7,552,2.142857142857143,78.85714285714286,3,1,5,15,137,0.2857142857142857
10528,4,156,2.75,39.0,1,2,4,11,212,1.0
10646,5,461,2.8,92.2,1,3,9,14,60,1.0
10683,6,327,2.5,54.5,3,3,9,15,28,0.5
10815,2,250,4.5,125.0,1,3,8,9,98,0.0
10844,1,56,2.0,56.0,1,1,2,2,596,1.0
10858,1,68,3.0,68.0,1,1,3,3,582,1.0
10991,8,933,5.25,116.625,2,3,9,42,30,0.75
11271,1,69,1.0,69.0,1,1,1,1,62,0.0
11348,6,667,4.333333333333333,111.16666666666667,3,4,9,26,65,0.0
11384,10,473,2.0,47.3,3,4,11,20,38,0.8
11449,8,603,3.0,75.375,1,4,7,24,13,1.0
11567,5,396,2.6,79.2,1,2,7,13,590,1.0
11685,9,819,3.6666666666666665,91.0,3,3,9,33,132,0.0
11716,2,270,4.5,135.0,1,2,4,9,337,1.0
11772,13,1060,3.0,81.53846153846153,5,4,13,39,31,0.23076923076923078
11787,1,212,11.0,212.0,1,1,3,11,366,0.0
11851,4,221,2.0,55.25,2,3,5,8,128,0.0
11913,13,1349,4.0,103.76923076923077,2,4,12,52,8,0.0
11988,20,1405,3.0,70.25,1,4,14,60,25,1.0
12126,1,103,3.0,103.0,1,1,3,3,118,0.0
12136,14,2009,4.428571428571429,143.5,2,4,12,62,8,0.0
12185,21,1333,2.5238095238095237,63.476190476190474,2,4,13,53,1,0.09523809523809523
12198,11,1165,3.6363636363636362,105.9090909090909,5,4,12,40,64,0.09090909090909091
12207,20,1271,2.75,63.55,3,4,11,55,6,0.0
12331,1,199,4.0,199.0,1,2,2,4,176,0.0
12484,14,552,2.4285714285714284,39.42857142857143,5,3,12,34,234,0.14285714285714285
12527,7,483,3.857142857142857,69.0,5,4,6,27,167,0.0
12775,13,833,4.076923076923077,64.07692307692308,1,4,14,53,36,1.0
12802,19,1999,3.8947368421052633,105.21052631578948,4,4,13,74,44,0.2631578947368421
12803,4,213,2.5,53.25,2,3,7,10,94,0.5
12894,1,100,4.0,100.0,1,1,3,4,491,1.0
12924,6,305,2.6666666666666665,50.833333333333336,2,4,8,16,114,0.16666666666666666
12935,2,77,2.0,38.5,1,3,3,4,611,1.0
12938,2,206,4.5,103.0,1,2,5,9,95,1.0
13048,6,480,2.8333333333333335,80.0,2,3,9,17,437,0.8333333333333334
13086,3,140,1.6666666666666667,46.666666666666664,2,1,3,5,210,0.6666666666666666
13148,2,167,3.5,83.5,1,1,4,7,420,0.0
13218,1,60,2.0,60.0,1,1,2,2,484,0.0
13324,2,112,2.5,56.0,1,2,4,5,596,0.0
13484,8,458,2.625,57.25,3,4,9,21,52,0.125
13622,7,309,1.7142857142857142,44.142857142857146,3,3,8,12,150,0.0
13637,1,268,8.0,268.0,1,2,6,8,116,1.0
13662,14,1043,3.642857142857143,74.5,2,4,8,51,34,0.0
13732,2,138,2.0,69.0,2,1,3,4,285,0.5
13824,2,185,3.5,92.5,1,3,6,7,399,1.0
13909,6,477,2.1666666666666665,79.5,2,4,10,13,105,0.16666666666666666
13936,6,558,3.6666666666666665,93.0,1,3,9,22,13,1.0
13981,4,133,1.25,33.25,1,1,4,5,214,1.0
14090,1,169,5.0,169.0,1,1,3,5,329,0.0
14096,2,209,3.5,104.5,1,4,6,7,31,1.0
14133,5,194,1.4,38.8,2,3,5,7,42,0.0
14151,4,149,2.0,37.25,1,2,7,8,462,0.0
14176,4,440,3.75,110.0,1,3,9,15,329,1.0
14229,11,1136,4.090909090909091,103.27272727272727,1,3,8,45,30,0.0
14385,10,1301,4.6,130.1,1,2,6,46,241,1.0
14417,1,81,3.0,81.0,1,2,3,3,420,0.0
14538,3,345,3.6666666666666665,115.0,2,3,6,11,350,0.0
14578,4,350,3.0,87.5,3,4,9,12,49,0.0
14800,4,190,2.75,47.5,1,3,5,11,113,0.0
14803,7,826,4.142857142857143,118.0,1,4,11,29,455,0.0
14866,2,169,3.0,84.5,2,1,4,6,86,0.0
14935,5,296,1.8,59.2,4,2,5,9,139,0.2
15003,4,409,3.75,102.25,1,2,6,15,153,0.0
15027,11,476,1.9090909090909092,43.27272727272727,2,4,5,21,7,0.18181818181818182
15039,8,651,3.375,81.375,1,4,10,27,52,0.0
15128,1,77,4.0,77.0,1,1,4,4,417,0.0
15267,3,74,1.3333333333333333,24.666666666666668,2,2,2,4,431,0.0
15276,13,840,1.9230769230769231,64.61538461538461,2,4,13,25,114,0.9230769230769231
15325,3,426,4.333333333333333,142.0,1,2,5,13,84,1.0
15338,2,166,1.5,83.0,1,2,2,3,229,0.0
15383,9,797,3.5555555555555554,88.55555555555556,2,3,9,32,231,0.1111111111111111
15428,14,1873,4.5,133.78571428571428,3,4,11,63,27,0.2857142857142857
15457,2,367,4.0,183.5,1,2,4,8,189,1.0
15512,4,418,2.75,104.5,3,3,6,11,76,0.25
15553,6,500,3.5,83.33333333333333,1,3,10,21,51,1.0
15732,2,355,6.0,177.5,2,2,6,12,192,0.5
15832,3,154,2.6666666666666665,51.333333333333336,2,2,5,8,225,0.0
15854,3,256,2.0,85.33333333333333,2,3,5,6,99,0.6666666666666666
16023,1,25,2.0,25.0,1,1,2,2,597,1.0
16123,5,598,3.6,119.6,2,3,5,18,67,0.0
16262,3,300,3.3333333333333335,100.0,2,2,7,10,229,0.0
16283,11,978,3.5454545454545454,88.9090909090909,5,4,10,39,34,0.09090909090909091
16355,5,311,1.6,62.2,2,3,5,8,193,0.0
16365,1,77,2.0,77.0,1,1,1,2,409,0.0
16393,1,127,3.0,127.0,1,1,3,3,303,1.0
16445,11,764,2.727272727272727,69.45454545454545,2,4,12,30,38,0.6363636363636364
16459,3,371,3.6666666666666665,123.66666666666667,1,3,6,11,227,0.0
16464,9,689,3.2222222222222223,76.55555555555556,2,4,13,29,106,0.1111111111111111
16566,3,111,1.6666666666666667,37.0,2,2,4,5,224,0.6666666666666666
16574,4,281,2.5,70.25,1,3,6,10,63,1.0
16606,10,735,3.0,73.5,3,3,8,30,273,0.0
16687,3,45,1.0,15.0,2,2,2,3,163,0.0
16731,4,316,3.25,79.0,2,2,7,13,403,0.0
16789,4,597,5.25,149.25,1,3,6,21,146,1.0
16903,2,164,2.0,82.0,1,2,3,4,57,0.0
16992,1,54,2.0,54.0,1,1,2,2,420,0.0
17014,3,252,2.0,84.0,2,2,4,6,273,0.3333333333333333
17028,4,456,4.25,114.0,1,3,8,17,2,1.0
17052,5,557,3.4,111.4,2,4,10,17,91,0.6
17120,5,322,2.6,64.4,1,2,7,13,62,0.0
17200,5,253,1.8,50.6,1,3,6,9,41,0.0
17208,12,706,2.5,58.833333333333336,2,3,10,30,167,0.0
17238,3,150,1.6666666666666667,50.0,2,1,4,5,187,0.0
17280,3,310,4.666666666666667,103.33333333333333,2,3,8,14,20,0.0
17406,3,283,3.0,94.33333333333333,1,1,5,9,100,1.0
17424,1,169,6.0,169.0,1,2,4,6,680,1.0
17709,8,1821,8.875,227.625,1,4,11,70,158,0.0
17723,3,189,2.0,63.0,1,1,5,6,10,1.0
17966,10,971,4.1,97.1,2,3,10,41,63,0.8
18077,2,206,3.0,103.0,1,3,5,6,100,1.0
18156,2,0,1.0,0.0,1,1,1,2,326,1.0
18164,17,1247,3.0588235294117645,73.3529411764706,2,4,14,52,34,0.8823529411764706
18170,5,517,4.2,103.4,3,4,9,21,76,0.6
18211,2,193,3.0,96.5,1,2,4,6,86,0.0
18301,1,47,2.0,47.0,1,1,2,2,182,0.0
18317,12,1030,4.0,85.83333333333333,5,4,10,48,27,0.0
18320,1,116,6.0,116.0,1,2,3,6,112,1.0
18379,7,252,1.7142857142857142,36.0,1,4,7,12,13,0.0
18688,11,1064,3.272727272727273,96.72727272727273,3,4,11,36,57,0.8181818181818182
18989,9,775,3.5555555555555554,86.11111111111111,1,4,11,32,62,1.0
19124,1,178,6.0,178.0,1,2,2,6,540,0.0
19235,1,139,4.0,139.0,1,2,3,4,246,0.0
19367,5,358,2.6,71.6,5,3,7,13,220,0.2
19383,2,59,1.0,29.5,2,2,2,2,34,0.5
19569,2,426,6.0,213.0,2,2,6,12,53,0.5
19574,4,560,4.5,140.0,2,3,8,18,60,0.75
19665,5,814,6.6,162.8,2,3,7,33,167,0.6
19852,5,206,1.8,41.2,1,3,6,9,168,1.0
20019,3,276,2.6666666666666665,92.0,2,3,5,8,65,0.6666666666666666
20276,1,47,1.0,47.0,1,1,1,1,53,1.0
20448,1,130,2.0,130.0,1,1,1,2,481,1.0
20472,5,679,6.2,135.8,2,3,9,31,97,0.0
20555,13,966,3.3076923076923075,74.3076923076923,5,4,10,43,170,0.46153846153846156
20563,6,567,3.8333333333333335,94.5,2,4,11,23,46,0.16666666666666666
20651,1,35,2.0,35.0,1,2,2,2,686,1.0
20786,1,39,1.0,39.0,1,1,1,1,115,1.0
20788,1,93,3.0,93.0,1,1,3,3,610,0.0
20830,5,495,3.4,99.0,2,3,6,17,13,0.0
20936,5,186,2.4,37.2,1,4,6,12,97,1.0
21144,2,183,3.0,91.5,1,2,4,6,130,0.0
21343,1,29,2.0,29.0,1,2,2,2,700,1.0
21643,4,326,2.25,81.5,2,3,7,9,63,0.75
21654,1,100,4.0,100.0,1,1,2,4,234,0.0
21665,2,119,1.5,59.5,1,2,3,3,49,1.0
21857,26,2930,4.923076923076923,112.6923076923077,2,4,14,128,6,0.9615384615384616
21858,12,692,2.75,57.666666666666664,2,4,9,33,30,0.9166666666666666
21905,4,464,5.75,116.0,1,3,7,23,234,1.0
21913,8,808,3.75,101.0,7,4,11,30,36,0.0
21943,3,173,1.3333333333333333,57.666666666666664,2,3,4,4,245,0.6666666666666666
21966,1,49,2.0,49.0,1,1,2,2,141,0.0
22160,1,101,4.0,101.0,1,1,2,4,598,0.0
22193,10,863,4.5,86.3,1,4,8,45,27,1.0
22278,1,0,1.0,0.0,1,1,1,1,698,1.0
22341,6,359,2.3333333333333335,59.833333333333336,1,3,6,14,70,1.0
22468,2,190,4.0,95.0,1,3,6,8,199,1.0
22789,3,422,6.333333333333333,140.66666666666666,1,3,8,19,511,1.0
22800,1,99,3.0,99.0,1,2,3,3,611,0.0
22813,2,136,1.5,68.0,1,2,3,3,118,1.0
22883,1,90,4.0,90.0,1,2,2,4,679,1.0
22995,5,557,3.2,111.4,1,2,5,16,29,0.0
23015,5,243,1.8,48.6,1,4,7,9,238,0.0
23323,4,702,5.75,175.5,1,4,11,23,116,0.0
23349,1,68,2.0,68.0,1,1,1,2,483,0.0
23459,3,361,3.6666666666666665,120.33333333333333,1,3,5,11,140,1.0
23607,1,70,2.0,70.0,1,1,2,2,670,1.0
24035,4,413,4.0,103.25,2,3,8,16,445,0.75
24082,4,380,3.25,95.0,1,3,9,13,150,1.0
24180,2,35,1.0,17.5,1,2,2,2,29,1.0
24734,20,972,2.35,48.6,1,4,9,47,32,0.0
24846,16,2760,6.0625,172.5,2,4,13,97,55,0.6875
24952,21,2050,4.428571428571429,97.61904761904762,2,4,10,93,52,0.047619047619047616
24956,1,82,4.0,82.0,1,1,2,4,206,1.0
24998,1,64,2.0,64.0,1,1,1,2,358,1.0
25010,1,64,2.0,64.0,1,1,2,2,341,1.0
25162,3,202,2.0,67.33333333333333,1,1,3,6,287,1.0
25209,16,1754,4.5625,109.625,4,4,13,73,91,0.25
25226,2,200,3.5,100.0,1,4,5,7,99,1.0
25492,1,75,3.0,75.0,1,1,2,3,416,1.0
25564,1,64,2.0,64.0,1,1,2,2,526,1.0
25573,1,67,2.0,67.0,1,1,2,2,469,0.0
25599,8,643,3.125,80.375,1,3,7,25,35,1.0
25876,5,365,3.2,73.0,1,3,7,16,189,1.0
26256,1,227,7.0,227.0,1,2,4,7,239,1.0
26438,1,73,4.0,73.0,1,2,4,4,436,0.0
26700,4,300,2.0,75.0,1,4,6,8,46,0.0
27032,5,76,1.6,15.2,1,2,3,8,469,1.0
27269,5,324,2.4,64.8,2,3,8,12,258,0.2
27357,17,1446,2.411764705882353,85.05882352941177,1,4,13,41,141,1.0
27409,1,0,1.0,0.0,1,1,1,1,675,1.0
27687,8,831,3.875,103.875,1,4,10,31,71,1.0
27749,17,1342,3.6470588235294117,78.94117647058823,1,4,12,62,27,1.0
27870,3,183,2.0,61.0,1,1,3,6,308,1.0
27915,1,32,2.0,32.0,1,1,2,2,707,1.0
27930,21,1262,3.142857142857143,60.095238095238095,2,4,13,66,39,0.6666666666666666
27953,2,141,2.5,70.5,2,2,4,5,290,0.0
28012,2,238,3.5,119.0,1,2,6,7,71,1.0
28086,1,117,5.0,117.0,1,1,4,5,593,1.0
28139,1,70,2.0,70.0,1,1,2,2,596,0.0
28231,7,503,2.857142857142857,71.85714285714286,1,2,6,20,55,1.0
28329,5,514,3.4,102.8,3,3,9,17,48,0.0
28385,1,71,4.0,71.0,1,2,3,4,540,0.0
28448,1,61,4.0,61.0,1,2,3,4,661,1.0
28661,2,124,2.5,62.0,2,1,4,5,219,0.0
29090,5,350,2.8,70.0,1,3,5,14,70,1.0
29192,7,814,4.0,116.28571428571429,1,3,7,28,90,1.0
29301,1,84,4.0,84.0,1,1,3,4,34,1.0
29338,4,451,4.25,112.75,1,4,9,17,42,1.0
29346,1,140,4.0,140.0,1,2,4,4,492,1.0
29393,6,478,2.8333333333333335,79.66666666666667,1,3,6,17,303,1.0
29474,18,2089,4.0,116.05555555555556,3,4,12,72,38,0.8888888888888888
29576,2,162,2.0,81.0,1,1,2,4,525,1.0
29580,1,217,5.0,217.0,1,1,5,5,515,1.0
29915,14,652,1.8571428571428572,46.57142857142857,2,4,9,26,35,0.0
30027,4,216,2.0,54.0,1,2,3,8,273,1.0
30109,21,2062,3.0952380952380953,98.19047619047619,1,4,12,65,23,1.0
30158,6,697,4.833333333333333,116.16666666666667,1,4,9,29,146,1.0
30275,4,0,1.0,0.0,1,2,2,4,161,1.0
30370,1,47,2.0,47.0,1,1,2,2,213,1.0
30400,4,256,3.0,64.0,2,3,6,12,111,0.75
30497,14,1215,4.142857142857143,86.78571428571429,3,4,13,58,44,0.8571428571428571
30574,10,795,2.5,79.5,1,4,10,25,13,1.0
31008,5,738,4.6,147.6,1,4,8,23,64,1.0
31019,1,50,2.0,50.0,1,1,1,2,568,1.0
31048,10,902,2.9,90.2,1,4,11,29,49,1.0
31169,4,68,1.25,17.0,1,2,3,5,167,1.0
31183,8,820,3.25,102.5,2,4,11,26,44,0.0
31285,14,585,2.142857142857143,41.785714285714285,5,4,11,30,37,0.0
31286,6,501,4.0,83.5,1,4,8,24,60,1.0
31486,5,220,2.0,44.0,2,4,6,10,24,0.0
31510,5,217,2.0,43.4,1,4,8,10,46,1.0
31690,1,10,1.0,10.0,1,1,1,1,55,1.0
31693,17,1527,4.352941176470588,89.82352941176471,1,4,12,74,43,1.0
31746,6,492,2.6666666666666665,82.0,1,3,7,16,253,1.0
31833,3,309,3.6666666666666665,103.0,1,4,7,11,1,1.0
32096,6,353,2.5,58.833333333333336,1,3,8,15,70,1.0
32127,3,179,3.6666666666666665,59.666666666666664,1,3,6,11,280,1.0
32379,1,215,7.0,215.0,1,3,5,7,130,1.0
32403,3,232,2.6666666666666665,77.33333333333333,1,3,6,8,83,1.0
32688,9,841,3.2222222222222223,93.44444444444444,1,4,10,29,128,1.0
32760,4,525,4.5,131.25,3,3,7,18,290,0.5
32886,3,401,3.3333333333333335,133.66666666666666,1,3,6,10,119,1.0
32888,3,123,1.6666666666666667,41.0,1,2,3,5,147,1.0
33051,2,270,4.0,135.0,1,1,3,8,296,1.0
33198,1,39,1.0,39.0,1,1,1,1,353,1.0
33251,1,76,4.0,76.0,1,1,1,4,494,1.0
33316,13,911,2.8461538461538463,70.07692307692308,1,3,9,37,139,1.0
33662,1,90,5.0,90.0,1,2,3,5,623,1.0
33710,1,98,4.0,98.0,1,3,3,4,691,1.0
33713,12,1823,6.0,151.91666666666666,2,4,14,72,38,0.9166666666666666
33746,1,140,4.0,140.0,1,1,4,4,347,1.0
33797,9,925,2.888888888888889,102.77777777777777,1,4,9,26,107,1.0
33825,1,0,1.0,0.0,1,1,1,1,700,1.0
33834,8,297,1.75,37.125,2,4,8,14,60,0.875
33865,1,80,2.0,80.0,1,1,2,2,318,1.0
33939,6,324,1.8333333333333333,54.0,2,2,4,11,142,0.8333333333333334
33999,1,71,2.0,71.0,1,1,1,2,113,1.0
34093,2,265,5.5,132.5,1,3,4,11,186,1.0
34138,1,84,2.0,84.0,1,1,2,2,432,1.0
34144,8,451,3.125,56.375,1,4,9,25,141,1.0
34174,8,846,3.75,105.75,1,3,7,30,169,1.0
34203,32,2220,2.96875,69.375,1,4,12,95,21,1.0
34277,9,845,3.0,93.88888888888889,1,4,11,27,35,1.0
34342,2,95,2.5,47.5,2,2,3,5,544,0.5
34372,17,1158,2.6470588235294117,68.11764705882354,3,3,9,45,62,0.6470588235294118
34387,2,102,1.5,51.0,1,1,2,3,114,1.0
34410,2,409,6.0,204.5,1,3,8,12,62,1.0
34422,2,281,5.0,140.5,2,3,7,10,181,0.5
34467,4,533,4.5,133.25,1,4,9,18,477,1.0
34504,1,100,3.0,100.0,1,1,2,3,353,1.0
34521,3,340,3.3333333333333335,113.33333333333333,2,3,6,10,7,0.6666666666666666
34600,13,771,3.3846153846153846,59.30769230769231,2,4,11,44,31,0.9230769230769231
34618,1,98,4.0,98.0,1,1,2,4,487,0.0
34632,5,552,3.4,110.4,3,3,8,17,43,0.4
34676,3,170,2.3333333333333335,56.666666666666664,1,3,5,7,400,1.0
34864,6,294,1.6666666666666667,49.0,1,3,5,10,77,1.0
34875,2,113,1.5,56.5,1,1,3,3,567,1.0
34879,1,113,4.0,113.0,1,1,2,4,506,1.0
34900,7,477,2.142857142857143,68.14285714285714,1,4,8,15,37,1.0
35027,5,286,2.4,57.2,3,1,6,12,410,0.0
35069,1,66,2.0,66.0,1,1,2,2,329,0.0
35079,10,687,3.6,68.7,1,4,8,36,116,1.0
35198,2,148,2.0,74.0,1,1,3,4,508,1.0
35289,2,247,4.5,123.5,1,3,4,9,472,1.0
35338,14,828,2.4285714285714284,59.142857142857146,4,4,10,34,62,0.14285714285714285
35464,15,1127,4.333333333333333,75.13333333333334,2,4,13,65,31,0.9333333333333333
35567,1,152,5.0,152.0,1,2,4,5,93,1.0
35675,4,473,4.5,118.25,1,4,10,18,81,1.0
35934,3,272,3.0,90.66666666666667,1,4,6,9,91,1.0
36138,3,345,2.6666666666666665,115.0,1,4,7,8,67,1.0
36179,5,441,2.6,88.2,2,2,7,13,155,0.8
36221,4,756,7.75,189.0,1,4,9,31,73,1.0
36229,6,616,4.166666666666667,102.66666666666667,3,3,8,25,132,0.5
36250,7,602,3.5714285714285716,86.0,2,4,9,25,76,0.2857142857142857
36463,1,89,5.0,89.0,1,2,3,5,512,0.0
36705,3,217,2.0,72.33333333333333,1,3,4,6,98,1.0
36706,3,278,3.3333333333333335,92.66666666666667,1,3,4,10,241,1.0
36767,20,1603,3.3,80.15,1,4,12,66,34,1.0
36839,3,431,4.333333333333333,143.66666666666666,1,2,5,13,270,1.0
36868,1,67,2.0,67.0,1,1,2,2,539,1.0
36940,9,1120,4.0,124.44444444444444,4,3,11,36,118,0.6666666666666666
36958,1,68,2.0,68.0,1,1,2,2,125,1.0
37017,1,73,2.0,73.0,1,2,2,2,95,1.0
37123,3,287,2.6666666666666665,95.66666666666667,1,3,6,8,22,1.0
37419,9,1149,4.777777777777778,127.66666666666667,3,3,11,43,1,0.3333333333333333
37673,5,203,1.4,40.6,2,4,4,7,187,0.6
37891,2,76,2.0,38.0,1,2,3,4,455,1.0
37935,4,67,1.0,16.75,1,2,3,4,219,1.0
38039,4,233,1.5,58.25,3,3,6,6,139,0.0
38168,1,64,3.0,64.0,1,1,2,3,407,1.0
38294,6,679,3.3333333333333335,113.16666666666667,2,3,9,20,189,0.8333333333333334
38358,15,823,3.0,54.86666666666667,2,4,14,45,38,0.8666666666666667
38408,13,1326,3.769230769230769,102.0,1,4,11,49,38,0.0
38473,4,295,2.5,73.75,1,2,5,10,189,1.0
38544,4,786,7.75,196.5,1,3,10,31,4,1.0
38564,1,304,9.0,304.0,1,2,4,9,701,1.0
38857,1,62,4.0,62.0,1,2,3,4,688,0.0
39232,5,249,2.0,49.8,1,3,6,10,29,1.0
39466,1,56,2.0,56.0,1,1,2,2,628,1.0
39517,1,366,15.0,366.0,1,2,6,15,392,1.0
39525,5,395,3.2,79.0,1,4,10,16,281,1.0
39673,2,363,5.0,181.5,1,3,4,10,134,1.0
39680,1,89,3.0,89.0,1,1,3,3,341,0.0
39745,11,928,2.6363636363636362,84.36363636363636,1,3,8,29,85,1.0
39782,27,2272,3.7037037037037037,84.14814814814815,1,4,15,100,13,1.0
39786,16,1559,3.625,97.4375,1,4,12,58,22,1.0
39822,3,174,2.3333333333333335,58.0,1,1,4,7,617,1.0
40057,1,75,1.0,75.0,1,1,1,1,107,1.0
40071,10,870,2.9,87.0,1,3,9,29,59,1.0
40137,1,32,3.0,32.0,1,3,3,3,730,1.0
40174,1,114,3.0,114.0,1,1,3,3,139,0.0
40421,1,124,4.0,124.0,1,1,2,4,471,1.0
40459,15,1224,2.8666666666666667,81.6,4,4,14,43,22,0.6666666666666666
40509,1,59,2.0,59.0,1,2,2,2,233,0.0
40526,1,0,1.0,0.0,1,1,1,1,700,1.0
40554,5,412,2.2,82.4,1,4,6,11,70,1.0
40665,4,173,1.25,43.25,3,1,3,5,11,0.5
40740,1,239,7.0,239.0,1,4,6,7,120,1.0
40838,1,95,4.0,95.0,1,1,2,4,234,0.0
40842,3,259,2.3333333333333335,86.33333333333333,3,3,7,7,509,0.0
40878,6,200,2.0,33.333333333333336,1,2,4,12,234,1.0
40919,1,151,3.0,151.0,1,1,2,3,658,0.0
40961,6,568,3.0,94.66666666666667,2,4,9,18,148,0.6666666666666666
41170,8,779,4.0,97.375,5,4,11,32,2,0.0
41233,2,265,5.5,132.5,1,1,5,11,228,1.0
41270,5,394,3.4,78.8,2,4,7,17,56,0.6
41398,5,396,2.6,79.2,1,2,4,13,274,1.0
41567,3,64,1.3333333333333333,21.333333333333332,3,2,3,4,467,0.0
41764,1,52,3.0,52.0,1,2,2,3,389,1.0
42024,2,91,5.0,45.5,1,2,5,10,401,1.0
42074,1,95,1.0,95.0,1,1,1,1,506,0.0
42119,1,171,6.0,171.0,1,2,4,6,63,1.0
42277,2,177,4.5,88.5,1,1,2,9,29,0.0
42371,5,346,3.0,69.2,3,3,6,15,154,0.6
42395,12,930,3.5833333333333335,77.5,6,4,12,43,2,0.0
42459,1,75,1.0,75.0,1,1,1,1,94,0.0
42788,1,98,4.0,98.0,1,1,4,4,231,0.0
43091,7,755,4.0,107.85714285714286,2,4,8,28,353,0.2857142857142857
43162,2,328,5.0,164.0,1,3,7,10,65,1.0
43227,6,545,3.0,90.83333333333333,1,3,10,18,55,1.0
43352,3,234,2.6666666666666665,78.0,1,3,4,8,101,1.0
43358,8,554,3.125,69.25,4,4,9,25,34,0.375
43409,4,391,3.5,97.75,1,3,6,14,139,1.0
43444,10,586,2.1,58.6,1,2,5,21,72,1.0
43494,2,257,3.5,128.5,1,3,6,7,64,1.0
43513,1,35,1.0,35.0,1,1,1,1,621,0.0
43527,8,690,4.0,86.25,1,4,9,32,104,1.0
43544,6,693,5.5,115.5,1,4,10,33,11,1.0
43633,5,312,2.0,62.4,1,1,2,10,3,1.0
44035,4,457,4.0,114.25,1,3,6,16,352,0.0
44082,4,234,1.75,58.5,2,2,5,7,232,0.75
44122,1,133,5.0,133.0,1,2,4,5,268,1.0
44329,1,76,2.0,76.0,1,1,2,2,588,1.0
44433,50,5096,3.98,101.92,2,4,12,199,25,0.98
44496,9,1206,5.666666666666667,134.0,2,3,9,51,128,0.5555555555555556
44644,2,270,4.5,135.0,2,2,3,9,39,0.5
44660,3,198,2.0,66.0,1,2,3,6,249,1.0
44686,3,642,7.0,214.0,1,4,6,21,64,1.0
44763,1,197,7.0,197.0,1,2,4,7,562,0.0
44974,2,418,5.5,209.0,1,3,7,11,352,1.0
45302,3,287,2.3333333333333335,95.66666666666667,1,1,6,7,282,1.0
45366,1,35,1.0,35.0,1,1,1,1,623,1.0
45438,17,1485,3.6470588235294117,87.3529411764706,2,4,13,62,34,0.9411764705882353
45448,2,97,1.5,48.5,1,1,2,3,449,1.0
45504,2,128,2.0,64.0,2,2,3,4,112,0.0
45603,13,1240,4.076923076923077,95.38461538461539,1,3,11,53,36,1.0
45626,1,38,1.0,38.0,1,1,1,1,585,1.0
45810,3,211,2.0,70.33333333333333,2,2,4,6,58,0.6666666666666666
45977,2,182,3.0,91.0,1,3,4,6,73,1.0
45984,1,45,2.0,45.0,1,2,2,2,673,1.0
46158,2,212,3.0,106.0,1,1,3,6,267,1.0
46355,7,882,5.857142857142857,126.0,1,4,12,41,167,1.0
46452,10,544,2.4,54.4,2,3,9,24,71,0.7
46492,7,458,2.4285714285714284,65.42857142857143,3,4,10,17,30,0.14285714285714285
46498,1,0,1.0,0.0,1,1,1,1,700,0.0
46504,8,410,2.75,51.25,1,2,7,22,167,1.0
46532,1,132,6.0,132.0,1,3,4,6,563,0.0
46560,9,545,2.5555555555555554,60.55555555555556,1,4,9,23,37,1.0
46611,6,354,2.1666666666666665,59.0,1,3,7,13,27,1.0
46714,2,235,4.0,117.5,2,2,6,8,441,0.5
46876,1,93,3.0,93.0,1,1,3,3,309,1.0
46989,1,60,2.0,60.0,1,1,2,2,527,1.0
47036,8,405,2.375,50.625,2,4,13,19,128,0.875
47039,1,53,3.0,53.0,1,1,2,3,28,0.0
47059,2,159,2.0,79.5,1,2,3,4,132,1.0
47108,3,217,3.0,72.33333333333333,1,3,5,9,338,1.0
47424,2,98,2.0,49.0,1,2,2,4,263,1.0
47506,6,231,1.6666666666666667,38.5,1,3,5,10,429,1.0
47599,2,190,3.0,95.0,1,1,4,6,372,1.0
47692,8,677,4.0,84.625,2,4,12,32,39,0.875
47790,2,128,2.0,64.0,1,1,3,4,146,0.0
47879,6,670,4.166666666666667,111.66666666666667,1,4,9,25,53,1.0
48046,1,146,5.0,146.0,1,1,3,5,233,0.0
48169,6,234,1.3333333333333333,39.0,2,3,5,8,91,0.8333333333333334
48549,4,39,2.5,9.75,1,3,3,10,465,1.0
49009,1,81,2.0,81.0,1,1,1,2,140,1.0
49151,5,254,1.6,50.8,1,3,4,8,50,1.0
49213,4,390,4.25,97.5,2,2,8,17,231,0.5
49285,4,463,2.75,115.75,1,3,5,11,46,1.0
49325,1,123,6.0,123.0,1,2,3,6,626,1.0
49482,4,332,3.5,83.0,3,2,7,14,62,0.25
49601,2,349,5.0,174.5,2,3,5,10,84,0.0
49635,19,1062,2.3684210526315788,55.89473684210526,2,3,7,45,20,0.0
49813,3,134,1.3333333333333333,44.666666666666664,1,3,3,4,196,0.0
49851,5,821,6.0,164.2,1,3,6,30,107,0.0
49900,9,701,2.888888888888889,77.88888888888889,2,3,7,26,17,0.1111111111111111
49923,4,285,2.25,71.25,1,3,5,9,267,1.0
50006,3,243,3.3333333333333335,81.0,2,4,6,10,231,0.0
50039,6,741,4.166666666666667,123.5,4,4,9,25,77,0.0
50234,3,165,3.0,55.0,1,2,6,9,211,0.0
50290,15,1088,3.466666666666667,72.53333333333333,3,4,11,52,127,0.0
50427,4,215,1.75,53.75,2,2,6,7,234,0.5
50456,2,91,1.5,45.5,2,2,2,3,253,0.5
50504,9,616,2.7777777777777777,68.44444444444444,4,4,9,25,153,0.1111111111111111
50596,1,20,1.0,20.0,1,1,1,1,729,1.0
50624,7,417,2.0,59.57142857142857,5,3,6,14,27,0.14285714285714285
50659,15,1137,3.8,75.8,2,4,13,57,39,0.0
50755,3,290,1.3333333333333333,96.66666666666667,1,1,1,4,346,1.0
50761,1,26,1.0,26.0,1,1,1,1,389,0.0
50829,5,388,2.4,77.6,2,3,7,12,7,0.8
50874,1,0,1.0,0.0,1,1,1,1,665,0.0
50878,3,229,2.6666666666666665,76.33333333333333,3,3,7,8,332,0.0
50902,2,183,2.5,91.5,2,1,4,5,42,0.0
51011,2,355,4.0,177.5,1,3,4,8,118,0.0
51061,1,67,3.0,67.0,1,1,2,3,27,0.0
51247,38,2523,2.8421052631578947,66.39473684210526,4,4,14,108,27,0.7631578947368421
51291,5,481,2.6,96.2,1,4,7,13,77,1.0
51332,1,171,5.0,171.0,1,2,5,5,634,0.0
51348,3,34,1.0,11.333333333333334,1,1,1,3,428,0.0
51402,4,381,3.25,95.25,1,2,7,13,63,0.0
51432,3,166,1.6666666666666667,55.333333333333336,2,1,5,5,226,0.3333333333333333
51469,1,275,7.0,275.0,1,3,5,7,128,0.0
51659,4,550,5.25,137.5,1,3,6,21,90,1.0
51661,1,113,5.0,113.0,1,1,5,5,592,0.0
51666,1,0,1.0,0.0,1,1,1,1,686,0.0
51698,2,210,3.0,105.0,1,2,4,6,104,0.0
51814,2,172,2.5,86.0,1,2,3,5,353,1.0
51943,1,108,5.0,108.0,1,2,5,5,315,1.0
52275,10,1214,4.7,121.4,1,4,12,47,325,1.0
52333,1,88,3.0,88.0,1,1,3,3,634,0.0
52517,7,457,2.2857142857142856,65.28571428571429,3,3,6,16,126,0.5714285714285714
52568,1,88,2.0,88.0,1,1,2,2,353,1.0
52592,4,239,1.25,59.75,3,2,4,5,193,0.5
52611,5,492,4.0,98.4,2,2,5,20,63,0.2
52640,1,29,1.0,29.0,1,1,1,1,148,1.0
52697,7,518,3.0,74.0,1,4,9,21,91,1.0
52710,7,421,2.5714285714285716,60.142857142857146,4,3,8,18,25,0.14285714285714285
52714,1,135,4.0,135.0,1,1,3,4,308,0.0
52858,11,306,1.7272727272727273,27.818181818181817,2,4,8,19,35,0.0
53062,1,134,4.0,134.0,1,1,3,4,462,1.0
53090,3,240,2.3333333333333335,80.0,1,1,2,7,48,1.0
53107,2,85,1.5,42.5,2,1,2,3,63,0.0
53118,7,445,2.4285714285714284,63.57142857142857,2,4,9,17,63,0.0
53119,4,353,3.25,88.25,2,3,5,13,458,0.25
53156,12,788,3.0,65.66666666666667,3,4,12,36,90,0.0
53188,1,57,2.0,57.0,1,1,2,2,309,1.0
53216,9,836,3.4444444444444446,92.88888888888889,3,4,13,31,98,0.1111111111111111
53333,2,519,9.5,259.5,1,3,6,19,150,1.0
53447,1,217,6.0,217.0,1,1,2,6,703,1.0
53500,9,537,2.6666666666666665,59.666666666666664,2,2,5,24,6,0.0
53511,1,249,7.0,249.0,1,3,4,7,415,1.0
53637,2,189,2.5,94.5,1,1,5,5,125,1.0
53650,2,70,1.5,35.0,2,2,3,3,31,0.0
53714,4,522,4.75,130.5,1,3,9,19,55,1.0
53743,4,389,2.5,97.25,1,4,6,10,114,1.0
53803,10,754,2.6,75.4,1,4,10,26,114,0.0
53832,6,548,3.3333333333333335,91.33333333333333,1,3,8,20,200,0.0
53934,4,271,2.0,67.75,1,3,5,8,65,1.0
53972,5,331,1.8,66.2,3,2,3,9,126,0.6
54025,6,539,3.3333333333333335,89.83333333333333,2,3,7,20,43,0.0
54062,1,71,2.0,71.0,1,1,1,2,492,0.0
54067,1,60,2.0,60.0,1,1,2,2,478,0.0
54113,44,3457,2.9318181818181817,78.56818181818181,2,4,15,129,39,0.5681818181818182
54124,15,1682,5.0,112.13333333333334,1,3,11,75,70,1.0
54174,4,353,2.75,88.25,1,3,6,11,245,0.0
54297,4,274,2.5,68.5,2,3,6,10,269,0.0
54402,1,107,3.0,107.0,1,1,3,3,686,0.0
54467,4,814,8.25,203.5,2,2,9,33,52,0.75
54576,2,189,3.5,94.5,1,3,6,7,417,1.0
54614,2,132,2.5,66.0,1,2,4,5,525,0.0
54630,4,348,3.0,87.0,1,4,6,12,371,1.0
54688,7,616,3.2857142857142856,88.0,1,3,9,23,301,0.0
54763,11,704,2.4545454545454546,64.0,3,4,10,27,36,0.0
54832,13,1288,4.384615384615385,99.07692307692308,2,4,12,57,35,0.9230769230769231
54847,13,712,2.230769230769231,54.76923076923077,2,4,12,29,39,0.7692307692307693
54925,2,382,5.5,191.0,1,2,7,11,156,1.0
55040,1,25,1.0,25.0,1,1,1,1,484,1.0
55049,6,405,2.0,67.5,3,3,8,12,66,0.3333333333333333
55056,2,161,4.0,80.5,1,3,7,8,439,1.0
55203,2,101,1.5,50.5,2,1,1,3,136,0.5
55451,5,403,2.8,80.6,1,3,9,14,233,1.0
55469,5,333,3.4,66.6,2,2,6,17,231,0.8
55554,1,101,4.0,101.0,1,2,4,4,660,0.0
55562,9,613,3.4444444444444446,68.11111111111111,1,3,10,31,72,0.0
55845,1,213,5.0,213.0,1,2,5,5,726,1.0
55917,3,163,2.6666666666666665,54.333333333333336,1,2,4,8,222,0.0
56013,2,200,2.5,100.0,2,2,5,5,24,0.0
56104,2,57,1.5,28.5,1,2,3,3,228,1.0
56475,6,750,3.8333333333333335,125.0,1,4,10,23,49,1.0
56524,1,50,2.0,50.0,1,1,2,2,588,0.0
56543,2,332,5.0,166.0,1,2,6,10,56,0.0
56546,3,240,3.0,80.0,1,3,6,9,52,1.0
56839,3,218,1.6666666666666667,72.66666666666667,1,3,4,5,273,0.0
56849,1,64,2.0,64.0,1,1,2,2,694,0.0
56940,8,708,3.0,88.5,5,4,10,24,56,0.375
56968,13,853,2.6923076923076925,65.61538461538461,1,3,11,35,43,0.0
57010,8,305,2.25,38.125,3,3,6,18,34,0.375
57046,2,126,2.0,63.0,1,1,2,4,420,1.0
57066,2,201,3.5,100.5,1,1,5,7,417,0.0
57093,2,255,5.5,127.5,1,2,7,11,241,0.0
57100,6,689,4.5,114.83333333333333,2,4,11,27,48,0.0
57103,1,0,1.0,0.0,1,1,1,1,700,0.0
57116,2,93,1.5,46.5,2,1,2,3,430,0.0
57182,2,119,4.0,59.5,2,3,6,8,198,0.5
57193,4,388,3.0,97.0,1,3,7,12,421,0.0
57223,3,486,5.0,162.0,1,3,9,15,11,0.0
57231,1,104,3.0,104.0,1,1,2,3,31,0.0
57288,2,81,1.5,40.5,2,2,3,3,271,0.5
57323,4,211,2.25,52.75,2,1,5,9,214,0.0
57326,1,39,1.0,39.0,1,1,1,1,634,0.0
57461,6,242,1.8333333333333333,40.333333333333336,1,3,6,11,48,1.0
57640,3,132,1.6666666666666667,44.0,1,1,3,5,60,0.0
57690,7,501,3.0,71.57142857142857,1,4,9,21,410,0.0
57956,1,92,3.0,92.0,1,2,2,3,623,0.0
57985,1,306,10.0,306.0,1,3,6,10,85,1.0
58013,1,71,2.0,71.0,1,1,2,2,557,1.0
58152,5,344,2.0,68.8,3,3,8,10,56,0.0
58192,10,992,3.2,99.2,1,3,10,32,65,1.0
58276,18,1742,3.611111111111111,96.77777777777777,4,4,13,65,37,0.5555555555555556
58551,4,411,2.75,102.75,1,3,5,11,150,1.0
58604,1,125,4.0,125.0,1,2,3,4,254,1.0
58624,2,370,5.0,185.0,1,1,7,10,101,1.0
58636,9,549,1.7777777777777777,61.0,4,3,5,16,139,0.5555555555555556
58688,2,187,1.5,93.5,2,1,2,3,275,0.0
58854,1,148,5.0,148.0,1,1,4,5,324,0.0
59135,3,435,6.0,145.0,2,4,7,18,189,0.6666666666666666
59316,4,539,5.0,134.75,1,3,7,20,228,0.0
59353,7,816,4.0,116.57142857142857,1,4,9,28,146,1.0
59640,4,192,2.25,48.0,2,3,4,9,108,0.5
59675,1,137,4.0,137.0,1,3,3,4,397,0.0
59743,5,556,4.4,111.2,2,3,11,22,59,0.8
59882,1,136,4.0,136.0,1,1,3,4,118,0.0
59883,7,455,3.142857142857143,65.0,1,2,7,22,206,1.0
59886,5,143,1.6,28.6,2,4,5,8,167,0.8
59906,2,108,2.0,54.0,1,3,3,4,450,0.0
60116,2,75,1.0,37.5,1,2,2,2,422,1.0
60155,8,500,2.875,62.5,3,4,9,23,56,0.5
60192,13,1378,3.8461538461538463,106.0,2,3,9,50,74,0.9230769230769231
60333,1,191,6.0,191.0,1,3,5,6,239,0.0
60411,11,456,1.3636363636363635,41.45454545454545,4,4,9,15,9,0.2727272727272727
60421,5,1274,8.8,254.8,3,4,9,44,66,0.0
60460,2,156,3.0,78.0,2,2,3,6,76,0.5
60471,7,1393,8.0,199.0,1,4,14,56,71,1.0
60552,9,934,2.888888888888889,103.77777777777777,1,3,8,26,91,1.0
60558,4,165,1.0,41.25,1,2,3,4,37,1.0
60654,1,96,3.0,96.0,1,1,1,3,21,0.0
60907,1,61,2.0,61.0,1,1,1,2,41,0.0
61015,3,448,4.666666666666667,149.33333333333334,1,3,8,14,287,0.0
61035,7,742,3.7142857142857144,106.0,3,4,9,26,17,0.5714285714285714
61165,11,720,2.727272727272727,65.45454545454545,2,4,8,30,80,0.9090909090909091
61241,3,34,1.0,11.333333333333334,2,2,2,3,165,0.6666666666666666
61264,6,426,3.1666666666666665,71.0,3,3,7,19,3,0.0
61532,12,1046,4.0,87.16666666666667,2,4,12,48,41,0.9166666666666666
61599,12,1410,5.0,117.5,3,4,13,60,55,0.08333333333333333
61845,9,600,3.4444444444444446,66.66666666666667,2,4,10,31,168,0.8888888888888888
62043,18,1932,4.333333333333333,107.33333333333333,6,4,10,78,8,0.05555555555555555
62123,8,730,3.75,91.25,2,4,10,30,46,0.0
62172,5,418,3.4,83.6,1,3,6,17,31,1.0
62276,14,1792,4.428571428571429,128.0,1,4,14,62,69,1.0
62350,3,316,3.0,105.33333333333333,1,2,6,9,0,1.0
62351,1,113,3.0,113.0,1,1,2,3,139,0.0
62361,4,469,5.25,117.25,2,3,10,21,487,0.0
62363,4,284,3.0,71.0,1,2,5,12,104,0.0
62444,2,139,2.0,69.5,2,2,3,4,431,0.0
62464,3,209,2.6666666666666665,69.66666666666667,2,3,5,8,350,0.6666666666666666
62553,7,677,3.2857142857142856,96.71428571428571,2,4,11,23,24,0.7142857142857143
62641,6,732,4.0,122.0,1,4,8,24,83,1.0
62757,12,614,2.4166666666666665,51.166666666666664,5,4,8,29,35,0.5
63072,1,33,2.0,33.0,1,1,2,2,203,1.0
63203,1,81,2.0,81.0,1,1,1,2,141,1.0
63214,4,374,3.25,93.5,1,3,6,13,69,1.0
63297,3,330,4.0,110.0,1,2,5,12,287,1.0
63385,1,173,5.0,173.0,1,2,4,5,473,1.0
63591,11,693,2.1818181818181817,63.0,1,4,7,24,3,1.0
63606,2,142,1.5,71.0,1,2,3,3,70,1.0
63607,6,811,4.833333333333333,135.16666666666666,1,4,10,29,120,1.0
63790,3,541,5.666666666666667,180.33333333333334,1,3,8,17,21,1.0
63797,3,371,4.333333333333333,123.66666666666667,1,2,7,13,65,1.0
63806,8,750,2.875,93.75,1,3,8,23,114,1.0
63891,14,761,3.142857142857143,54.357142857142854,3,4,12,44,36,0.0
63917,1,55,1.0,55.0,1,1,1,1,20,1.0
63919,11,1044,3.4545454545454546,94.9090909090909,2,3,9,38,11,0.0
63938,4,522,4.5,130.5,4,2,7,18,73,0.25
64092,4,635,4.5,158.75,3,3,8,18,8,0.5
64095,1,146,5.0,146.0,1,2,4,5,290,1.0
64123,5,540,5.0,108.0,1,4,9,25,114,0.0
64131,7,392,2.142857142857143,56.0,4,3,7,15,161,0.14285714285714285
64164,4,660,5.0,165.0,2,2,7,20,100,0.75
64193,9,780,3.4444444444444446,86.66666666666667,1,3,8,31,55,0.0
64212,2,202,2.0,101.0,1,3,4,4,225,1.0
64213,5,426,3.0,85.2,1,3,9,15,52,1.0
64481,2,42,1.0,21.0,1,2,2,2,232,1.0
64517,5,512,3.6,102.4,2,4,9,18,168,0.0
64768,2,136,2.0,68.0,1,2,3,4,287,0.0
64772,1,89,4.0,89.0,1,2,3,4,714,1.0
64791,16,1376,2.8125,86.0,1,3,11,45,71,1.0
64793,1,145,4.0,145.0,1,1,3,4,140,0.0
64866,2,191,3.0,95.5,1,1,3,6,346,0.0
64915,7,416,2.7142857142857144,59.42857142857143,4,4,9,19,65,0.5714285714285714
64930,13,930,2.6923076923076925,71.53846153846153,4,4,7,35,168,0.6153846153846154
64950,5,618,4.0,123.6,1,3,5,20,185,1.0
65048,4,1077,8.75,269.25,3,4,7,35,79,0.25
65052,2,260,3.5,130.0,2,2,5,7,105,0.5
65106,1,168,5.0,168.0,1,3,5,5,491,1.0
65137,2,233,5.0,116.5,1,2,6,10,43,1.0
65157,1,12,2.0,12.0,1,2,2,2,526,0.0
65342,1,225,7.0,225.0,1,2,3,7,108,1.0
65409,1,171,5.0,171.0,1,2,4,5,31,1.0
65422,2,203,4.0,101.5,2,3,6,8,570,0.5
65602,4,312,2.75,78.0,1,3,4,11,456,0.0
65610,16,1084,2.375,67.75,5,4,9,38,65,0.4375
65715,16,877,2.625,54.8125,4,4,10,42,17,0.0
65797,4,292,2.25,73.0,2,3,5,9,62,0.0
65889,3,294,2.6666666666666665,98.0,1,1,4,8,91,1.0
65959,11,1417,4.909090909090909,128.8181818181818,1,4,11,54,83,1.0
66021,1,118,5.0,118.0,1,2,4,5,532,1.0
66028,24,2576,4.083333333333333,107.33333333333333,3,4,10,98,38,0.08333333333333333
66085,3,239,4.0,79.66666666666667,2,4,8,12,57,0.0
66147,2,378,5.0,189.0,1,3,7,10,402,0.0
66200,6,576,3.5,96.0,2,2,5,21,91,0.5
66266,4,401,3.25,100.25,1,2,8,13,79,1.0
66348,4,235,1.75,58.75,1,3,4,7,44,1.0
66383,3,286,3.3333333333333335,95.33333333333333,1,4,5,10,64,0.0
66654,3,571,5.333333333333333,190.33333333333334,1,2,7,16,232,1.0
66685,9,1191,4.555555555555555,132.33333333333334,4,4,12,41,60,0.5555555555555556
66784,5,243,2.2,48.6,5,3,5,11,174,0.0
66796,2,154,2.0,77.0,2,2,3,4,149,0.0
66803,4,429,4.5,107.25,3,3,9,18,65,0.25
66813,3,245,3.0,81.66666666666667,2,2,5,9,215,0.0
66948,3,326,2.6666666666666665,108.66666666666667,2,2,4,8,34,0.0
66961,6,592,2.6666666666666665,98.66666666666667,3,4,10,16,85,0.6666666666666666
67005,1,152,5.0,152.0,1,1,3,5,613,0.0
67044,1,69,2.0,69.0,1,1,2,2,151,1.0
67056,10,410,1.8,41.0,1,3,9,18,84,1.0
67142,14,812,3.142857142857143,58.0,4,4,12,44,8,0.5714285714285714
67184,8,578,2.125,72.25,5,3,7,17,90,0.25
67206,4,475,5.0,118.75,1,2,7,20,340,1.0
67211,5,812,5.0,162.4,2,4,8,25,50,0.0
67237,8,602,2.5,75.25,2,3,7,20,35,0.5
67304,18,1531,3.3333333333333335,85.05555555555556,3,4,12,60,0,0.16666666666666666
67394,5,243,2.6,48.6,2,2,6,13,211,0.6
67397,7,763,4.0,109.0,1,3,8,28,234,1.0
67455,12,2571,7.083333333333333,214.25,3,4,14,85,36,0.0
67463,12,1164,4.583333333333333,97.0,6,4,10,55,15,0.08333333333333333
67612,4,267,2.5,66.75,3,3,7,10,228,0.5
67631,6,420,2.6666666666666665,70.0,3,1,6,16,55,0.0
67716,6,205,2.3333333333333335,34.166666666666664,1,2,5,14,55,1.0
67757,2,258,6.0,129.0,1,2,5,12,478,1.0
67797,8,765,4.125,95.625,2,4,10,33,76,0.5
67828,8,1257,6.375,157.125,2,4,11,51,259,0.875
68020,2,219,3.5,109.5,2,3,5,7,69,0.5
68177,1,65,1.0,65.0,1,1,1,1,703,1.0
68189,3,181,3.0,60.333333333333336,3,3,4,9,160,0.3333333333333333
68296,3,205,4.0,68.33333333333333,3,2,4,12,125,0.3333333333333333
68399,8,839,3.5,104.875,2,3,10,28,99,0.875
68481,3,227,2.3333333333333335,75.66666666666667,1,1,3,7,429,1.0
68529,4,230,1.25,57.5,1,2,4,5,253,1.0
68693,5,455,3.6,91.0,1,4,10,18,436,1.0
68744,5,396,2.8,79.2,1,3,6,14,13,1.0
68799,2,257,5.0,128.5,1,3,7,10,518,1.0
69101,1,116,3.0,116.0,1,1,2,3,344,1.0
69194,2,163,2.5,81.5,1,2,5,5,588,1.0
69395,3,94,1.3333333333333333,31.333333333333332,1,1,3,4,121,1.0
69402,5,547,3.2,109.4,4,4,8,16,55,0.2
69489,14,1110,4.857142857142857,79.28571428571429,1,4,12,68,30,1.0
69550,5,86,1.4,17.2,1,2,4,7,167,1.0
69593,5,294,2.0,58.8,1,4,8,10,190,1.0
69743,9,660,3.0,73.33333333333333,1,3,11,27,231,1.0
69778,15,1764,6.066666666666666,117.6,3,4,14,91,30,0.8
69793,2,145,2.0,72.5,1,2,4,4,351,1.0
69832,2,221,3.5,110.5,1,2,3,7,463,0.0
69909,10,457,2.0,45.7,1,3,9,20,234,1.0
69964,13,2486,7.230769230769231,191.23076923076923,1,4,13,94,35,1.0
69976,7,452,3.142857142857143,64.57142857142857,2,4,7,22,116,0.5714285714285714
70010,10,1122,4.4,112.2,1,4,13,44,20,1.0
70114,3,544,5.666666666666667,181.33333333333334,2,3,8,17,83,0.6666666666666666
70267,7,498,3.142857142857143,71.14285714285714,1,4,8,22,18,1.0
70289,5,189,2.2,37.8,2,2,5,11,62,0.6
70297,6,589,2.6666666666666665,98.16666666666667,1,4,8,16,1,1.0
70344,11,679,3.3636363636363638,61.72727272727273,2,4,9,37,39,0.45454545454545453
70384,1,59,2.0,59.0,1,1,2,2,596,1.0
70431,1,92,3.0,92.0,1,2,3,3,507,0.0
70705,2,255,4.0,127.5,2,1,5,8,331,0.5
70751,3,183,2.3333333333333335,61.0,3,2,4,7,104,0.3333333333333333
70780,7,829,3.7142857142857144,118.42857142857143,3,4,10,26,63,0.42857142857142855
70813,19,1338,2.6842105263157894,70.42105263157895,1,4,13,51,90,1.0
70987,16,861,2.5625,53.8125,3,4,12,41,34,0.0
71056,11,1024,3.727272727272727,93.0909090909091,2,3,8,41,150,0.9090909090909091
71113,6,358,2.1666666666666665,59.666666666666664,2,3,7,13,265,0.3333333333333333
71181,6,555,4.333333333333333,92.5,1,3,9,26,72,1.0
71247,2,166,3.5,83.0,1,3,6,7,98,1.0
71315,4,433,5.5,108.25,2,4,8,22,52,0.0
71559,2,266,3.0,133.0,2,2,6,6,280,0.0
71620,3,90,1.6666666666666667,30.0,1,3,4,5,37,1.0
71671,6,503,2.6666666666666665,83.83333333333333,2,4,10,16,18,0.0
71730,4,220,1.75,55.0,3,2,6,7,170,0.5
71756,19,1657,3.1578947368421053,87.21052631578948,5,4,11,60,29,0.21052631578947367
71854,5,597,4.4,119.4,1,4,9,22,6,1.0
71859,3,339,3.0,113.0,1,3,6,9,69,1.0
71882,7,272,2.2857142857142856,38.857142857142854,3,3,5,16,208,0.0
71948,3,183,1.6666666666666667,61.0,1,3,4,5,34,0.0
71992,5,511,3.2,102.2,2,3,8,16,45,0.0
72134,12,1163,5.166666666666667,96.91666666666667,3,4,12,62,37,0.8333333333333334
72275,10,779,3.5,77.9,3,4,12,35,37,0.2
72286,4,432,4.5,108.0,3,3,8,18,64,0.25
72504,8,682,4.375,85.25,3,4,11,35,9,0.25
72515,2,189,2.5,94.5,1,2,3,5,438,1.0
72543,1,101,3.0,101.0,1,1,2,3,449,1.0
72547,6,341,1.8333333333333333,56.833333333333336,1,3,7,11,34,0.0
72571,4,374,4.0,93.5,1,3,8,16,441,1.0
72602,4,337,3.25,84.25,1,3,9,13,37,1.0
72621,2,217,3.0,108.5,1,1,4,6,160,1.0
72661,2,351,6.0,175.5,2,2,4,12,55,0.5
72710,23,2479,4.913043478260869,107.78260869565217,2,4,13,113,59,0.9565217391304348
72722,3,265,5.0,88.33333333333333,1,3,6,15,78,1.0
72805,5,578,3.2,115.6,3,4,8,16,90,0.6
72820,12,729,2.3333333333333335,60.75,1,4,9,28,140,1.0
72822,10,839,2.9,83.9,3,4,9,29,212,0.8
72827,9,1019,5.444444444444445,113.22222222222223,3,4,7,49,50,0.4444444444444444
72899,2,23,1.5,11.5,1,2,2,3,423,1.0
72964,3,262,3.0,87.33333333333333,1,1,3,9,45,1.0
73002,2,168,3.0,84.0,1,1,4,6,241,1.0
73049,3,279,2.3333333333333335,93.0,1,1,5,7,139,0.0
73085,3,293,3.3333333333333335,97.66666666666667,2,2,3,10,31,0.6666666666666666
73103,9,663,2.6666666666666665,73.66666666666667,1,3,10,24,408,0.0
73134,3,0,1.0,0.0,2,1,1,3,165,0.6666666666666666
73147,1,95,3.0,95.0,1,1,3,3,579,0.0
73159,1,96,4.0,96.0,1,1,2,4,596,0.0
73165,4,312,3.25,78.0,1,3,6,13,181,0.0
73212,5,518,3.2,103.6,2,2,7,16,6,0.2
73343,1,103,3.0,103.0,1,1,2,3,487,1.0
73368,1,132,6.0,132.0,1,2,5,6,693,1.0
73371,3,283,3.0,94.33333333333333,2,1,4,9,444,0.3333333333333333
73375,16,833,2.875,52.0625,4,4,13,46,38,0.6875
73419,2,148,3.5,74.0,2,2,4,7,43,0.5
73455,1,53,2.0,53.0,1,1,1,2,48,1.0
73541,9,846,3.3333333333333335,94.0,2,4,9,30,35,0.0
73547,2,110,2.0,55.0,2,1,2,4,60,0.5
73701,1,126,3.0,126.0,1,2,3,3,71,1.0
73703,6,308,1.1666666666666667,51.333333333333336,4,3,4,7,18,0.3333333333333333
73739,1,136,5.0,136.0,1,2,3,5,76,1.0
73761,6,453,2.6666666666666665,75.5,3,3,11,16,125,0.5
73967,1,110,3.0,110.0,1,1,3,3,623,1.0
74292,4,204,3.5,51.0,2,3,6,14,680,0.5
74371,1,95,3.0,95.0,1,2,3,3,58,1.0
74490,15,1681,4.866666666666666,112.06666666666666,1,3,7,73,86,1.0
74682,8,680,3.75,85.0,3,3,9,30,199,0.75
74837,5,794,6.2,158.8,1,4,13,31,120,1.0
74856,5,315,3.6,63.0,2,4,8,18,83,0.8
74883,1,130,5.0,130.0,1,2,4,5,217,0.0
74941,1,81,2.0,81.0,1,1,1,2,114,1.0
74961,9,530,2.6666666666666665,58.888888888888886,2,4,10,24,37,0.8888888888888888
74977,15,1053,3.466666666666667,70.2,3,4,11,52,70,0.6666666666666666
75016,4,334,2.5,83.5,2,3,7,10,34,0.0
75018,3,385,3.3333333333333335,128.33333333333334,2,2,6,10,83,0.6666666666666666
75019,3,268,2.3333333333333335,89.33333333333333,2,3,6,7,43,0.0
75057,4,561,4.75,140.25,1,4,7,19,141,1.0
75071,1,42,1.0,42.0,1,1,1,1,355,0.0
75087,1,48,2.0,48.0,1,1,2,2,408,0.0
75115,1,80,2.0,80.0,1,1,1,2,146,0.0
75146,20,1875,4.7,93.75,5,4,11,93,81,0.0
75183,7,420,2.142857142857143,60.0,2,3,6,15,249,0.14285714285714285
75217,3,144,1.6666666666666667,48.0,1,2,4,5,619,1.0
75238,3,292,3.0,97.33333333333333,2,2,4,9,255,0.3333333333333333
75246,5,685,4.2,137.0,2,4,8,21,127,0.6
75260,9,742,3.0,82.44444444444444,2,4,9,27,126,0.0
75272,13,1713,4.923076923076923,131.76923076923077,1,4,12,64,494,1.0
75342,1,222,7.0,222.0,1,3,4,7,97,1.0
75386,6,469,2.1666666666666665,78.16666666666667,1,4,8,13,44,1.0
75430,7,903,5.0,129.0,1,4,10,35,146,1.0
75440,7,908,5.571428571428571,129.71428571428572,2,3,8,39,120,0.5714285714285714
75499,2,92,1.5,46.0,2,2,2,3,31,0.5
75524,1,25,1.0,25.0,1,1,1,1,329,0.0
75527,1,127,3.0,127.0,1,1,3,3,327,1.0
75562,1,74,2.0,74.0,1,1,2,2,557,0.0
75650,1,124,6.0,124.0,1,2,5,6,705,0.0
75662,5,329,2.6,65.8,2,3,8,13,64,0.6
75763,8,417,2.875,52.125,2,4,8,23,36,0.875
75774,8,397,1.75,49.625,2,4,9,14,34,0.875
75830,8,636,3.125,79.5,3,3,7,25,81,0.25
75839,1,71,3.0,71.0,1,1,2,3,133,0.0
75859,7,537,3.5714285714285716,76.71428571428571,4,3,7,25,31,0.0
75878,3,265,3.6666666666666665,88.33333333333333,1,3,6,11,213,0.0
75888,8,731,4.125,91.375,4,3,9,33,62,0.625
75906,2,588,9.0,294.0,1,1,6,18,455,0.0
75931,4,109,1.25,27.25,2,3,4,5,49,0.5
75937,7,694,4.714285714285714,99.14285714285714,1,3,11,33,241,1.0
75984,1,238,9.0,238.0,1,3,7,9,203,0.0
76019,6,358,3.1666666666666665,59.666666666666664,1,4,10,19,115,1.0
76043,4,303,2.25,75.75,1,3,6,9,44,1.0
76068,7,1139,5.142857142857143,162.71428571428572,4,4,9,36,6,0.14285714285714285
76092,1,142,5.0,142.0,1,1,3,5,594,0.0
76182,7,480,2.142857142857143,68.57142857142857,1,4,8,15,196,1.0
76202,4,472,4.0,118.0,1,3,6,16,135,1.0
76204,1,88,2.0,88.0,1,1,1,2,282,1.0
76207,4,417,3.75,104.25,1,3,5,15,67,1.0
76245,3,135,2.0,45.0,1,2,4,6,427,0.0
76251,1,127,5.0,127.0,1,1,3,5,60,0.0
76253,4,690,5.75,172.5,1,2,6,23,320,0.0
76260,11,466,2.0,42.36363636363637,1,4,10,22,36,1.0
76279,4,283,2.0,70.75,2,3,5,8,8,0.25
76333,3,354,4.0,118.0,1,1,6,12,381,1.0
76334,1,97,3.0,97.0,1,1,3,3,83,0.0
76488,6,573,4.0,95.5,2,3,11,24,102,0.8333333333333334
76493,2,189,2.5,94.5,1,1,4,5,630,0.0
76506,1,239,8.0,239.0,1,2,8,8,515,0.0
76514,8,659,2.75,82.375,3,4,9,22,3,0.25
76536,10,670,3.0,67.0,2,4,10,30,38,0.9
76547,9,462,2.888888888888889,51.333333333333336,1,3,7,26,203,1.0
76554,1,56,2.0,56.0,1,1,2,2,62,0.0
76565,18,1441,3.1666666666666665,80.05555555555556,2,4,12,57,1,0.9444444444444444
76581,5,234,1.6,46.8,1,3,4,8,163,1.0
76585,2,221,3.5,110.5,1,1,3,7,126,1.0
76589,1,135,9.0,135.0,1,2,5,9,697,0.0
76656,1,64,2.0,64.0,1,1,2,2,511,0.0
76670,5,607,3.2,121.4,1,4,9,16,24,1.0
76716,3,132,1.3333333333333333,44.0,2,2,4,4,62,0.6666666666666666
76740,13,1265,4.6923076923076925,97.3076923076923,2,2,6,61,162,0.9230769230769231
76746,10,821,2.7,82.1,3,4,10,27,127,0.8
76783,2,142,2.0,71.0,1,1,3,4,189,0.0
76798,1,55,2.0,55.0,1,1,2,2,32,1.0
76804,1,27,1.0,27.0,1,1,1,1,231,0.0
76826,3,328,4.0,109.33333333333333,1,3,5,12,274,1.0
76932,3,594,7.0,198.0,1,3,7,21,46,1.0
76933,4,263,3.25,65.75,3,2,6,13,14,0.5
76961,1,0,1.0,0.0,1,1,1,1,483,0.0
76965,1,277,9.0,277.0,1,2,4,9,535,1.0
77065,1,114,4.0,114.0,1,2,3,4,687,0.0
77075,17,1188,3.588235294117647,69.88235294117646,8,4,11,61,27,0.35294117647058826
77091,4,282,2.25,70.5,1,3,5,9,146,0.0
77140,3,276,2.6666666666666665,92.0,2,3,5,8,308,0.6666666666666666
77170,3,138,1.6666666666666667,46.0,1,2,3,5,133,1.0
77174,11,912,3.727272727272727,82.9090909090909,2,3,11,41,165,0.9090909090909091
77194,2,193,2.5,96.5,1,3,4,5,351,1.0
77197,7,631,4.857142857142857,90.14285714285714,1,2,7,34,317,0.0
77240,8,865,4.625,108.125,1,4,10,37,13,1.0
77248,3,342,3.6666666666666665,114.0,1,2,6,11,0,1.0
77309,10,1732,5.5,173.2,2,4,9,55,139,0.0
77318,1,72,4.0,72.0,1,2,3,4,641,0.0
77347,3,338,5.0,112.66666666666667,1,2,6,15,639,1.0
77375,16,1065,2.625,66.5625,1,4,12,42,7,0.0
77383,11,998,3.3636363636363638,90.72727272727273,1,4,12,37,39,1.0
77388,10,585,2.6,58.5,2,4,10,26,76,0.8
77568,4,143,1.75,35.75,2,2,5,7,256,0.5
77571,6,457,2.8333333333333335,76.16666666666667,1,3,7,17,167,1.0
77589,9,755,4.777777777777778,83.88888888888889,1,3,8,43,84,1.0
77626,3,343,2.6666666666666665,114.33333333333333,1,2,5,8,380,0.0
77651,1,191,6.0,191.0,1,1,4,6,270,0.0
77754,5,578,3.4,115.6,4,3,10,17,111,0.2
77765,6,393,1.8333333333333333,65.5,1,3,6,11,1,0.0
77780,8,1025,5.25,128.125,1,4,13,42,150,0.0
77829,12,1480,4.916666666666667,123.33333333333333,1,4,14,59,39,1.0
77838,1,74,2.0,74.0,1,1,2,2,630,0.0
77840,1,86,2.0,86.0,1,1,2,2,574,1.0
77844,14,1372,4.857142857142857,98.0,2,4,14,68,41,0.42857142857142855
77860,1,69,1.0,69.0,1,1,1,1,87,0.0
77862,13,1872,6.769230769230769,144.0,5,4,14,88,70,0.07692307692307693
77960,4,389,3.75,97.25,1,3,7,15,278,0.0
77977,1,468,11.0,468.0,1,4,8,11,638,0.0
77998,4,395,3.25,98.75,1,3,7,13,1,0.0
77999,1,138,4.0,138.0,1,1,2,4,161,1.0
78018,12,656,2.5,54.666666666666664,1,3,7,30,120,1.0
78019,4,257,2.0,64.25,2,2,4,8,59,0.0
78022,13,776,2.923076923076923,59.69230769230769,2,4,10,38,38,0.46153846153846156
78028,2,228,4.5,114.0,1,2,6,9,149,1.0
78076,18,1010,2.3333333333333335,56.111111111111114,2,4,15,42,37,0.7777777777777778
78135,2,55,1.0,27.5,1,2,2,2,649,1.0
78187,1,345,11.0,345.0,1,1,5,11,329,1.0
78198,3,231,4.0,77.0,1,3,6,12,185,1.0
78221,3,217,2.6666666666666665,72.33333333333333,1,4,5,8,31,1.0
78242,4,280,2.0,70.0,2,2,6,8,515,0.0
78264,2,172,2.5,86.0,1,2,4,5,28,0.0
78367,2,281,3.5,140.5,2,2,6,7,449,0.0
78368,1,70,2.0,70.0,1,2,2,2,185,0.0
78385,7,517,2.4285714285714284,73.85714285714286,1,3,10,17,137,0.0
78444,2,145,2.5,72.5,1,1,4,5,532,1.0
78514,3,306,2.3333333333333335,102.0,3,3,5,7,280,0.0
78517,2,146,2.0,73.0,1,2,2,4,259,1.0
78533,7,708,4.714285714285714,101.14285714285714,1,4,10,33,62,1.0
78588,3,259,3.0,86.33333333333333,1,2,5,9,59,1.0
78633,4,237,1.75,59.25,1,4,5,7,18,1.0
78635,2,313,5.5,156.5,1,2,5,11,394,0.0
78648,3,317,3.0,105.66666666666667,1,3,6,9,280,1.0
78755,5,537,3.2,107.4,1,3,7,16,128,1.0
78831,1,15,3.0,15.0,1,2,3,3,688,1.0
78869,5,350,2.2,70.0,1,3,6,11,170,1.0
78903,8,582,3.5,72.75,2,3,8,28,21,0.875
78915,2,81,1.5,40.5,2,2,2,3,256,0.5
78934,1,39,1.0,39.0,1,1,1,1,722,1.0
78939,1,85,3.0,85.0,1,1,2,3,725,1.0
78994,4,447,4.25,111.75,1,4,10,17,410,1.0
79003,2,107,2.0,53.5,1,2,3,4,413,1.0
79022,14,756,2.0,54.0,1,4,12,28,23,1.0
79096,5,523,4.4,104.6,4,2,4,22,36,0.4
79143,1,54,2.0,54.0,1,1,2,2,224,0.0
79148,3,267,2.6666666666666665,89.0,1,2,5,8,50,1.0
79179,1,55,1.0,55.0,1,1,1,1,567,1.0
79198,2,384,7.0,192.0,1,2,4,14,84,1.0
79250,8,352,2.375,44.0,3,3,7,19,57,0.625
79255,1,0,1.0,0.0,1,1,1,1,623,1.0
79288,1,203,7.0,203.0,1,3,5,7,632,1.0
79292,2,148,2.0,74.0,2,2,4,4,486,0.0
79329,1,121,5.0,121.0,1,3,5,5,402,1.0
79380,2,206,5.5,103.0,1,2,6,11,210,1.0
79447,12,1229,3.75,102.41666666666667,4,4,14,45,35,0.3333333333333333
79522,24,1447,2.4166666666666665,60.291666666666664,3,4,11,58,63,0.25
79586,2,144,2.5,72.0,1,2,4,5,487,0.0
79593,1,77,3.0,77.0,1,1,2,3,52,0.0
79599,8,788,3.375,98.5,1,4,8,27,57,1.0
79746,1,62,2.0,62.0,1,1,2,2,667,1.0
79770,1,65,2.0,65.0,1,2,2,2,234,1.0
79788,3,310,3.3333333333333335,103.33333333333333,1,2,6,10,425,1.0
79792,2,216,3.0,108.0,2,1,4,6,81,0.5
79894,9,1294,5.666666666666667,143.77777777777777,4,4,9,51,146,0.0
79904,4,261,2.0,65.25,2,2,4,8,29,0.0
79973,5,508,3.2,101.6,1,4,7,16,133,1.0
79974,7,405,2.7142857142857144,57.857142857142854,1,3,7,19,60,1.0
79998,5,318,2.4,63.6,2,4,7,12,167,0.0
80115,13,1295,3.8461538461538463,99.61538461538461,3,4,12,50,48,0.0
80139,4,183,1.5,45.75,3,3,5,6,161,0.0
80158,9,1440,5.888888888888889,160.0,4,2,6,53,34,0.0
80197,2,77,1.5,38.5,1,1,1,3,375,1.0
80205,4,307,6.25,76.75,1,4,5,25,112,1.0
80219,8,663,2.125,82.875,2,2,6,17,64,0.0
80254,12,1049,3.25,87.41666666666667,1,4,7,39,37,0.0
80265,2,112,1.5,56.0,2,2,3,3,418,0.5
80337,1,42,1.0,42.0,1,1,1,1,592,1.0
80364,5,325,3.0,65.0,3,4,7,15,441,0.6
80417,4,650,5.5,162.5,1,3,8,22,95,0.0
80446,7,409,1.7142857142857142,58.42857142857143,3,4,8,12,46,0.14285714285714285
80479,15,2133,6.2,142.2,3,4,13,93,39,0.8666666666666667
80485,13,813,3.230769230769231,62.53846153846154,6,4,11,42,27,0.38461538461538464
80495,11,815,3.3636363636363638,74.0909090909091,1,4,11,37,37,1.0
80509,1,87,2.0,87.0,1,1,2,2,693,0.0
80531,4,183,2.75,45.75,1,2,3,11,541,1.0
80555,3,245,1.6666666666666667,81.66666666666667,1,2,3,5,257,1.0
80567,2,179,2.5,89.5,1,2,5,5,168,1.0
80584,13,832,2.6923076923076925,64.0,1,4,11,35,169,1.0
80656,3,671,7.0,223.66666666666666,2,2,5,21,241,0.6666666666666666
80689,7,514,2.857142857142857,73.42857142857143,3,3,8,20,65,0.2857142857142857
80785,1,43,2.0,43.0,1,1,2,2,56,1.0
80787,4,368,4.0,92.0,1,2,6,16,270,1.0
80810,5,402,3.0,80.4,1,3,7,15,214,0.0
80834,8,318,2.5,39.75,3,4,5,20,6,0.5
80905,2,0,1.0,0.0,1,1,1,2,167,1.0
80969,5,878,5.6,175.6,2,4,8,28,88,0.8
81046,2,287,3.0,143.5,1,2,4,6,291,1.0
81050,4,399,3.25,99.75,3,2,6,13,125,0.0
81124,5,448,3.0,89.6,1,3,9,15,50,1.0
81176,6,675,3.6666666666666665,112.5,3,3,6,22,29,0.0
81192,15,1378,3.2,91.86666666666666,1,4,12,48,36,1.0
81232,1,124,4.0,124.0,1,1,3,4,631,0.0
81260,13,757,2.6923076923076925,58.23076923076923,1,4,10,35,35,0.0
81283,2,362,10.0,181.0,1,2,7,20,421,1.0
81318,7,652,4.428571428571429,93.14285714285714,1,4,10,31,57,0.0
81342,3,268,3.0,89.33333333333333,2,2,7,9,114,0.0
81381,3,351,3.0,117.0,1,2,6,9,28,1.0
81438,2,374,6.0,187.0,1,4,6,12,85,0.0
81443,14,518,2.357142857142857,37.0,2,4,10,33,38,0.6428571428571429
81444,5,247,2.2,49.4,2,4,7,11,27,0.4
81474,3,269,3.0,89.66666666666667,1,2,6,9,42,1.0
81494,20,1597,3.45,79.85,1,4,14,69,34,0.0
81506,9,833,3.6666666666666665,92.55555555555556,2,4,13,33,37,0.0
81517,12,1022,3.5833333333333335,85.16666666666667,2,4,15,43,29,0.08333333333333333
81542,2,213,3.0,106.5,1,2,3,6,37,1.0
81551,2,320,5.0,160.0,1,3,6,10,263,1.0
81596,1,47,3.0,47.0,1,2,3,3,621,0.0
81603,2,164,3.5,82.0,2,3,4,7,125,0.0
81618,1,30,2.0,30.0,1,1,2,2,729,0.0
81662,2,237,3.0,118.5,2,1,2,6,296,0.0
81702,2,277,4.5,138.5,2,2,4,9,189,0.0
81707,10,888,2.8,88.8,1,4,11,28,44,1.0
81789,2,210,2.0,105.0,1,2,4,4,49,1.0
81808,3,195,3.3333333333333335,65.0,1,3,6,10,299,1.0
81830,1,55,1.0,55.0,1,1,1,1,77,1.0
81934,1,42,1.0,42.0,1,1,1,1,415,0.0
81940,7,339,2.4285714285714284,48.42857142857143,1,2,6,17,465,0.0
81951,6,603,3.1666666666666665,100.5,1,2,7,19,100,1.0
81954,16,714,2.5625,44.625,2,4,11,41,39,0.1875
81982,5,323,3.0,64.6,1,3,9,15,69,0.0
82009,3,350,4.666666666666667,116.66666666666667,1,3,4,14,162,1.0
82042,19,1923,3.8421052631578947,101.21052631578948,2,4,12,73,85,0.9473684210526315
82051,6,340,1.8333333333333333,56.666666666666664,3,4,7,11,97,0.0
82101,13,1530,4.153846153846154,117.6923076923077,4,4,12,54,14,0.0
82143,3,272,5.333333333333333,90.66666666666667,3,3,7,16,48,0.3333333333333333
82236,1,37,2.0,37.0,1,1,2,2,194,0.0
82245,1,152,4.0,152.0,1,2,2,4,284,0.0
82282,4,279,3.0,69.75,1,2,5,12,337,1.0
82283,3,577,8.333333333333334,192.33333333333334,1,4,10,25,310,1.0
82309,4,60,1.5,15.0,2,2,3,6,420,0.0
82347,1,45,1.0,45.0,1,1,1,1,155,0.0
82357,3,383,4.666666666666667,127.66666666666667,1,3,8,14,67,0.0
82358,2,218,3.5,109.0,1,2,4,7,361,1.0
82364,3,197,2.6666666666666665,65.66666666666667,1,2,4,8,7,1.0
82383,2,726,10.5,363.0,1,4,12,21,132,1.0
82392,11,720,2.6363636363636362,65.45454545454545,4,4,9,29,6,0.2727272727272727
82403,1,59,2.0,59.0,1,2,2,2,436,1.0
82409,7,833,5.571428571428571,119.0,4,3,7,39,90,0.0
82431,1,66,2.0,66.0,1,1,1,2,449,0.0
82465,2,190,3.5,95.0,1,3,4,7,198,1.0
82489,10,625,2.0,62.5,3,4,11,20,430,0.6
82503,2,133,2.0,66.5,1,1,3,4,126,0.0
82506,1,356,13.0,356.0,1,1,5,13,567,0.0
82521,1,64,2.0,64.0,1,2,2,2,661,0.0
82532,7,871,4.0,124.42857142857143,3,4,10,28,111,0.2857142857142857
82542,9,621,2.4444444444444446,69.0,1,4,10,22,60,1.0
82544,2,140,1.5,70.0,2,3,3,3,242,0.5
82576,3,228,4.0,76.0,2,2,4,12,582,0.6666666666666666
82594,9,1206,5.444444444444445,134.0,1,4,11,49,13,1.0
82603,9,769,3.2222222222222223,85.44444444444444,3,3,9,29,257,0.1111111111111111
82623,2,127,3.5,63.5,1,3,4,7,651,1.0
82625,3,276,4.333333333333333,92.0,1,2,6,13,257,1.0
82652,11,1084,3.8181818181818183,98.54545454545455,4,4,10,42,31,0.18181818181818182
82698,4,275,2.25,68.75,3,2,4,9,62,0.0
82729,4,358,2.75,89.5,1,2,6,11,383,0.0
82731,11,1294,3.4545454545454546,117.63636363636364,1,4,11,38,127,1.0
82741,1,73,4.0,73.0,1,1,3,4,204,1.0
82767,1,163,6.0,163.0,1,2,3,6,617,0.0
82803,9,740,3.2222222222222223,82.22222222222223,1,4,10,29,63,1.0
82827,5,280,2.0,56.0,1,3,5,10,420,1.0
82831,1,49,1.0,49.0,1,1,1,1,234,1.0
82933,5,980,7.2,196.0,4,3,9,36,98,0.2
82941,10,475,1.7,47.5,2,3,8,17,71,0.8
83016,2,186,3.0,93.0,1,3,5,6,497,1.0
83046,2,0,1.0,0.0,1,1,1,2,505,1.0
83063,1,94,2.0,94.0,1,1,2,2,190,0.0
83072,3,159,1.6666666666666667,53.0,2,2,3,5,484,0.3333333333333333
83097,6,415,3.1666666666666665,69.16666666666667,2,2,6,19,160,0.8333333333333334
83102,4,609,5.25,152.25,1,2,8,21,64,0.0
83119,16,1523,4.4375,95.1875,1,3,10,71,72,1.0
83143,2,223,4.0,111.5,1,1,3,8,320,0.0
83151,6,461,3.1666666666666665,76.83333333333333,2,2,5,19,569,0.6666666666666666
83161,1,84,2.0,84.0,1,1,1,2,532,1.0
83166,2,117,2.5,58.5,2,2,5,5,553,0.0
83181,1,77,2.0,77.0,1,1,2,2,539,0.0
83187,2,261,4.0,130.5,2,3,4,8,305,0.0
83189,12,676,2.5,56.333333333333336,1,4,8,30,427,1.0
83322,2,215,4.0,107.5,1,1,4,8,499,1.0
83327,4,432,3.25,108.0,3,3,7,13,100,0.0
83333,9,205,1.4444444444444444,22.77777777777778,1,2,3,13,22,1.0
83361,11,812,3.4545454545454546,73.81818181818181,5,4,8,38,36,0.0
83369,1,90,2.0,90.0,1,1,2,2,92,0.0
83393,14,1207,2.5,86.21428571428571,1,4,14,35,8,1.0
83444,5,607,5.4,121.4,2,4,5,27,37,0.8
83448,3,25,1.0,8.333333333333334,2,2,2,3,465,0.0
83574,1,149,4.0,149.0,1,1,2,4,30,0.0
83599,1,68,2.0,68.0,1,1,2,2,133,1.0
83609,3,197,2.3333333333333335,65.66666666666667,2,2,6,7,532,0.3333333333333333
83643,6,248,2.0,41.333333333333336,3,4,6,12,84,0.3333333333333333
83645,3,113,2.3333333333333335,37.666666666666664,1,2,4,7,55,1.0
83650,1,256,7.0,256.0,1,3,4,7,80,1.0
83702,7,631,4.714285714285714,90.14285714285714,1,4,11,33,128,1.0
83779,3,217,2.3333333333333335,72.33333333333333,1,2,3,7,31,1.0
83845,2,156,2.5,78.0,1,2,4,5,43,0.0
83877,2,119,3.0,59.5,2,2,3,6,542,0.5
83880,1,72,2.0,72.0,1,2,2,2,501,1.0
83909,1,180,5.0,180.0,1,2,4,5,280,1.0
83922,1,76,2.0,76.0,1,1,2,2,569,1.0
83923,7,493,3.7142857142857144,70.42857142857143,1,2,6,26,62,1.0
83928,1,242,5.0,242.0,1,2,5,5,149,0.0
83939,9,634,3.888888888888889,70.44444444444444,4,3,9,35,30,0.0
83957,2,105,2.0,52.5,1,1,2,4,402,1.0
83966,13,1185,3.5384615384615383,91.15384615384616,3,4,14,46,83,0.0
84013,4,285,3.25,71.25,1,2,4,13,316,1.0
84031,27,2640,3.7777777777777777,97.77777777777777,3,4,11,102,37,0.18518518518518517
84042,12,709,2.5,59.083333333333336,2,4,8,30,20,0.5833333333333334
84066,2,171,2.5,85.5,1,2,4,5,112,0.0
84076,7,559,2.5714285714285716,79.85714285714286,4,3,5,18,72,0.2857142857142857
84093,2,87,1.5,43.5,2,2,2,3,48,0.5
84165,7,811,4.857142857142857,115.85714285714286,1,4,10,34,72,1.0
84170,1,41,2.0,41.0,1,1,2,2,578,1.0
84192,13,634,2.3076923076923075,48.76923076923077,1,4,11,30,24,1.0
84243,3,125,1.6666666666666667,41.666666666666664,1,3,5,5,694,0.0
84246,10,935,3.7,93.5,1,3,7,37,38,0.0
84256,2,344,7.0,172.0,1,3,5,14,474,1.0
84288,9,789,3.7777777777777777,87.66666666666667,3,4,10,34,27,0.1111111111111111
84334,1,101,3.0,101.0,1,1,3,3,638,0.0
84350,1,236,8.0,236.0,1,2,5,8,656,0.0
84355,19,1949,3.8947368421052633,102.57894736842105,2,4,12,74,34,0.05263157894736842
84466,1,51,2.0,51.0,1,1,1,2,37,1.0
84491,1,84,2.0,84.0,1,1,2,2,63,0.0
84511,6,409,2.5,68.16666666666667,2,3,6,15,230,0.8333333333333334
84530,1,64,3.0,64.0,1,2,2,3,676,0.0
84551,1,57,2.0,57.0,1,1,2,2,264,1.0
84583,1,157,4.0,157.0,1,1,3,4,316,1.0
84605,7,316,2.4285714285714284,45.142857142857146,2,4,8,17,129,0.8571428571428571
84616,6,616,3.5,102.66666666666667,2,3,5,21,100,0.8333333333333334
84618,3,238,3.6666666666666665,79.33333333333333,2,3,6,11,304,0.3333333333333333
84634,3,307,4.666666666666667,102.33333333333333,1,3,7,14,422,0.0
84655,1,56,1.0,56.0,1,1,1,1,137,0.0
84658,4,232,2.25,58.0,1,3,5,9,312,1.0
84690,4,213,2.25,53.25,1,4,6,9,136,1.0
84751,2,357,5.0,178.5,2,2,7,10,177,0.0
84782,4,434,2.75,108.5,1,3,7,11,305,1.0
84802,8,609,3.5,76.125,2,4,10,28,27,0.875
84808,1,60,2.0,60.0,1,1,2,2,38,1.0
84865,8,314,1.375,39.25,1,4,6,11,27,1.0
84908,4,521,4.5,130.25,3,4,9,18,90,0.0
84947,6,411,2.3333333333333335,68.5,4,2,6,14,596,0.0
84951,1,28,1.0,28.0,1,1,1,1,423,1.0
85000,7,187,1.5714285714285714,26.714285714285715,2,3,5,11,49,0.7142857142857143
85038,1,50,2.0,50.0,1,1,2,2,590,1.0
85114,1,74,2.0,74.0,1,2,2,2,372,1.0
85128,2,302,5.0,151.0,2,3,6,10,139,0.5
85168,1,69,2.0,69.0,1,1,2,2,90,0.0
85243,3,342,4.666666666666667,114.0,1,3,7,14,229,1.0
85250,4,270,3.5,67.5,1,3,7,14,97,1.0
85255,2,389,6.5,194.5,2,4,6,13,322,0.5
85283,10,824,2.9,82.4,2,4,12,29,143,0.2
85290,3,390,4.0,130.0,1,2,3,12,55,1.0
85323,4,256,2.5,64.0,1,3,6,10,234,1.0
85386,1,69,2.0,69.0,1,2,2,2,616,1.0
85396,1,25,1.0,25.0,1,1,1,1,14,0.0
85406,10,689,2.7,68.9,2,4,11,27,39,0.9
85437,6,411,3.1666666666666665,68.5,1,3,9,19,64,1.0
85476,3,266,2.6666666666666665,88.66666666666667,1,2,5,8,64,1.0
85477,5,512,3.4,102.4,1,4,7,17,129,0.0
85490,5,270,2.8,54.0,3,4,5,14,140,0.0
85531,1,51,2.0,51.0,1,1,2,2,596,1.0
85533,4,230,2.0,57.5,2,2,4,8,105,0.0
85547,3,698,7.0,232.66666666666666,1,3,12,21,49,1.0
85622,1,59,1.0,59.0,1,1,1,1,449,0.0
85681,26,1746,2.5,67.15384615384616,1,4,14,65,58,1.0
85690,5,664,3.8,132.8,1,3,7,19,0,1.0
85691,1,179,5.0,179.0,1,2,5,5,623,1.0
85716,3,245,3.0,81.66666666666667,2,1,3,9,181,0.3333333333333333
85734,1,278,17.0,278.0,1,2,5,17,196,0.0
85761,1,156,5.0,156.0,1,1,3,5,396,1.0
85809,2,273,4.0,136.5,1,2,5,8,177,1.0
85813,1,68,2.0,68.0,1,1,2,2,164,0.0
85831,10,1136,4.6,113.6,2,3,9,46,97,0.6
85844,1,42,1.0,42.0,1,1,1,1,409,1.0
85881,4,544,5.25,136.0,3,4,9,21,233,0.25
85933,1,0,1.0,0.0,1,1,1,1,693,0.0
85979,2,129,1.5,64.5,1,1,3,3,84,1.0
85982,3,254,2.6666666666666665,84.66666666666667,1,2,6,8,48,1.0
85983,4,305,3.25,76.25,3,3,6,13,241,0.0
86005,7,678,4.142857142857143,96.85714285714286,1,2,8,29,0,1.0
86042,1,81,3.0,81.0,1,1,2,3,396,0.0
86051,9,634,2.6666666666666665,70.44444444444444,1,3,10,24,43,1.0
86104,3,414,5.0,138.0,1,3,8,15,78,0.0
86132,15,1875,4.4,125.0,2,4,14,66,92,0.9333333333333333
86150,5,415,2.0,83.0,4,4,7,10,24,0.0
86158,4,150,2.25,37.5,1,3,5,9,165,0.0
86172,1,50,2.0,50.0,1,2,2,2,611,1.0
86180,1,189,5.0,189.0,1,1,1,5,120,0.0
86192,7,474,2.7142857142857144,67.71428571428571,3,3,8,19,119,0.0
86209,6,996,6.0,166.0,6,4,11,36,23,0.16666666666666666
86212,3,779,7.0,259.6666666666667,2,4,10,21,123,0.0
86220,1,138,4.0,138.0,1,2,3,4,589,0.0
86229,9,608,3.2222222222222223,67.55555555555556,1,4,13,29,31,1.0
86231,2,189,2.5,94.5,1,3,4,5,118,1.0
86232,1,160,4.0,160.0,1,2,2,4,425,0.0
86256,1,79,2.0,79.0,1,1,2,2,28,0.0
86259,7,826,3.857142857142857,118.0,2,4,8,27,72,0.8571428571428571
86268,11,594,2.272727272727273,54.0,1,3,8,25,38,1.0
86284,3,106,1.6666666666666667,35.333333333333336,2,2,5,5,161,0.0
86286,1,64,3.0,64.0,1,2,2,3,80,0.0
86294,1,78,2.0,78.0,1,1,1,2,466,0.0
86295,4,405,3.75,101.25,2,3,9,15,38,0.0
86337,5,561,3.6,112.2,1,4,10,18,113,1.0
86348,4,489,3.5,122.25,1,4,10,14,32,1.0
86363,5,430,2.4,86.0,3,2,5,12,224,0.2
86382,1,67,4.0,67.0,1,2,3,4,560,1.0
86392,2,195,3.0,97.5,2,2,3,6,55,0.5
86413,6,296,2.0,49.333333333333336,3,2,5,12,151,0.3333333333333333
86423,4,298,2.0,74.5,2,2,4,8,220,0.5
86439,14,1369,3.5714285714285716,97.78571428571429,4,4,11,50,1,0.21428571428571427
86465,8,550,3.5,68.75,2,4,8,28,57,0.0
86467,5,414,2.2,82.8,3,3,9,11,118,0.0
86468,1,52,4.0,52.0,1,2,3,4,337,1.0
86471,2,433,6.0,216.5,1,3,9,12,518,1.0
86503,22,2165,3.909090909090909,98.4090909090909,2,4,14,86,38,0.8636363636363636
86534,17,1218,2.9411764705882355,71.6470588235294,5,4,13,50,13,0.5882352941176471
86535,3,213,2.0,71.0,1,2,3,6,30,1.0
86538,13,718,1.9230769230769231,55.23076923076923,3,4,9,25,65,0.8461538461538461
86566,1,156,5.0,156.0,1,2,4,5,310,1.0
86596,4,343,2.25,85.75,1,2,7,9,6,0.0
86599,1,55,1.0,55.0,1,1,1,1,439,1.0
86638,6,634,3.6666666666666665,105.66666666666667,1,3,7,22,125,1.0
86665,3,137,1.3333333333333333,45.666666666666664,1,2,3,4,261,1.0
86671,1,36,1.0,36.0,1,1,1,1,624,0.0
86730,2,914,16.0,457.0,1,4,9,32,64,0.0
86734,16,1121,3.375,70.0625,2,4,12,54,37,0.875
86793,2,164,3.5,82.0,1,2,5,7,205,1.0
86800,1,68,2.0,68.0,1,1,2,2,95,0.0
86837,4,413,3.25,103.25,1,2,7,13,125,0.0
86849,1,33,1.0,33.0,1,1,1,1,423,1.0
86855,1,130,4.0,130.0,1,2,3,4,662,0.0
86915,6,419,2.3333333333333335,69.83333333333333,1,3,3,14,81,1.0
86985,6,671,4.5,111.83333333333333,2,4,12,27,224,0.5
86999,5,567,4.6,113.4,3,4,9,23,84,0.6
87010,13,1424,3.923076923076923,109.53846153846153,1,3,9,51,7,1.0
87019,4,389,3.0,97.25,1,3,9,12,344,1.0
87063,2,144,1.5,72.0,1,3,3,3,289,1.0
87070,2,54,2.0,27.0,1,2,3,4,154,1.0
87090,6,392,2.6666666666666665,65.33333333333333,1,2,7,16,277,1.0
87123,1,175,6.0,175.0,1,2,5,6,505,0.0
87126,6,655,3.5,109.16666666666667,3,4,10,21,104,0.5
87131,3,135,1.3333333333333333,45.0,1,2,2,4,315,0.0
87144,2,319,5.0,159.5,1,2,6,10,179,1.0
87155,1,132,4.0,132.0,1,1,2,4,697,0.0
87160,13,1166,2.8461538461538463,89.6923076923077,2,4,11,37,42,0.7692307692307693
87201,8,856,5.625,107.0,3,3,10,45,238,0.5
87295,7,454,2.0,64.85714285714286,1,3,7,14,60,1.0
87310,2,161,3.0,80.5,1,3,5,6,210,1.0
87317,5,501,3.4,100.2,1,2,8,17,59,1.0
87325,4,397,2.5,99.25,2,2,4,10,62,0.25
87374,6,664,5.333333333333333,110.66666666666667,1,4,9,32,62,1.0
87402,1,165,3.0,165.0,1,2,3,3,703,0.0
87417,4,336,3.25,84.0,2,4,7,13,105,0.25
87427,8,596,3.875,74.5,1,3,9,31,126,0.0
87444,7,573,2.7142857142857144,81.85714285714286,1,3,9,19,56,1.0
87446,9,721,3.3333333333333335,80.11111111111111,3,3,7,30,51,0.7777777777777778
87451,3,231,2.6666666666666665,77.0,1,2,6,8,161,0.0
87454,5,891,6.6,178.2,1,4,11,33,31,1.0
87496,1,31,2.0,31.0,1,1,2,2,536,1.0
87546,14,966,2.642857142857143,69.0,2,4,11,37,55,0.9285714285714286
87563,1,56,4.0,56.0,1,2,3,4,712,1.0
87570,7,625,4.142857142857143,89.28571428571429,2,3,9,29,83,0.8571428571428571
87600,1,39,1.0,39.0,1,1,1,1,292,1.0
87619,1,64,3.0,64.0,1,2,3,3,700,1.0
87772,7,206,2.142857142857143,29.428571428571427,3,3,6,15,58,0.42857142857142855
87842,3,196,2.6666666666666665,65.33333333333333,2,2,6,8,403,0.0
87843,22,1765,3.6363636363636362,80.22727272727273,1,4,14,80,72,1.0
87884,5,473,3.8,94.6,1,4,9,19,55,1.0
87887,3,357,4.0,119.0,2,3,7,12,65,0.3333333333333333
87940,4,297,3.25,74.25,2,3,4,13,56,0.25
87993,8,1304,5.5,163.0,5,4,12,44,98,0.0
88018,1,71,2.0,71.0,1,2,2,2,218,0.0
88023,12,1168,3.1666666666666665,97.33333333333333,2,4,13,38,37,0.9166666666666666
88040,1,123,5.0,123.0,1,2,4,5,511,1.0
88067,1,91,3.0,91.0,1,1,3,3,172,1.0
88092,6,705,3.3333333333333335,117.5,2,4,10,20,259,0.0
88121,16,1242,3.25,77.625,3,3,12,52,2,0.0
88122,11,717,2.8181818181818183,65.18181818181819,1,3,4,31,118,1.0
88205,4,248,2.0,62.0,1,3,7,8,257,1.0
88253,1,89,3.0,89.0,1,1,2,3,448,1.0
88254,1,221,7.0,221.0,1,2,5,7,541,1.0
88312,5,439,2.6,87.8,1,2,7,13,1,1.0
88416,15,1354,3.533333333333333,90.26666666666667,1,4,11,53,9,1.0
88429,8,781,4.625,97.625,3,4,11,37,34,0.125
88430,6,755,5.166666666666667,125.83333333333333,2,3,7,31,63,0.8333333333333334
88470,7,668,3.857142857142857,95.42857142857143,1,4,9,27,30,1.0
88489,1,64,4.0,64.0,1,2,3,4,631,1.0
88549,2,268,4.0,134.0,1,1,4,8,88,1.0
88555,2,111,1.5,55.5,1,2,3,3,305,1.0
88566,1,168,4.0,168.0,1,2,4,4,659,1.0
88599,5,793,5.8,158.6,1,3,7,29,63,0.0
88607,9,502,3.111111111111111,55.77777777777778,3,4,10,28,39,0.6666666666666666
88634,4,230,2.0,57.5,2,2,6,8,427,0.25
88664,27,3116,4.222222222222222,115.4074074074074,2,4,15,114,15,0.0
88681,22,1580,3.1818181818181817,71.81818181818181,5,4,13,70,29,0.0
88690,1,35,1.0,35.0,1,1,1,1,546,0.0
88698,13,1938,5.6923076923076925,149.07692307692307,1,3,12,74,135,1.0
88701,9,223,1.4444444444444444,24.77777777777778,2,3,4,13,83,0.8888888888888888
88706,4,221,2.75,55.25,1,3,4,11,157,1.0
88716,1,110,3.0,110.0,1,2,3,3,280,1.0
88731,18,1719,5.0,95.5,1,4,15,90,65,1.0
88732,1,77,2.0,77.0,1,1,2,2,17,0.0
88741,8,722,3.875,90.25,2,3,11,31,251,0.0
88750,2,164,3.0,82.0,1,2,5,6,560,1.0
88894,2,226,3.5,113.0,1,2,5,7,86,1.0
88929,3,272,3.6666666666666665,90.66666666666667,1,3,5,11,79,1.0
88946,3,135,2.6666666666666665,45.0,1,2,4,8,315,1.0
88952,1,90,2.0,90.0,1,1,2,2,111,0.0
89003,1,377,9.0,377.0,1,2,5,9,287,1.0
89077,3,176,2.3333333333333335,58.666666666666664,1,2,3,7,230,1.0
89101,2,301,4.0,150.5,1,4,6,8,34,1.0
89112,1,146,4.0,146.0,1,2,3,4,257,1.0
89125,3,204,3.6666666666666665,68.0,2,3,6,11,646,0.6666666666666666
89166,4,189,2.25,47.25,1,1,5,9,1,1.0
89205,1,39,1.0,39.0,1,1,1,1,326,1.0
89209,6,488,3.0,81.33333333333333,2,4,9,18,112,0.8333333333333334
89223,6,141,1.5,23.5,2,4,6,9,167,0.0
89231,1,53,2.0,53.0,1,1,1,2,46,1.0
89282,6,292,2.8333333333333335,48.666666666666664,3,3,7,17,70,0.16666666666666666
89284,8,856,3.75,107.0,1,3,7,30,62,0.0
89334,1,122,3.0,122.0,1,2,3,3,428,0.0
89338,3,121,1.3333333333333333,40.333333333333336,2,2,4,4,308,0.0
89440,1,56,1.0,56.0,1,1,1,1,299,0.0
89450,5,294,2.8,58.8,1,3,9,14,149,1.0
89470,7,596,3.857142857142857,85.14285714285714,3,4,10,27,38,0.42857142857142855
89481,1,66,6.0,66.0,1,2,4,6,693,0.0
89483,3,263,3.0,87.66666666666667,1,2,4,9,542,1.0
89604,1,0,1.0,0.0,1,1,1,1,700,1.0
89625,9,559,2.888888888888889,62.111111111111114,4,3,7,26,219,0.4444444444444444
89666,4,842,7.0,210.5,2,3,9,28,13,0.75
89675,1,77,2.0,77.0,1,1,1,2,30,1.0
89699,4,289,2.5,72.25,2,1,5,10,52,0.25
89709,11,1404,4.454545454545454,127.63636363636364,1,4,14,49,41,1.0
89714,3,287,4.0,95.66666666666667,3,4,6,12,125,0.3333333333333333
89747,3,227,1.6666666666666667,75.66666666666667,2,1,3,5,666,0.6666666666666666
89761,2,72,1.5,36.0,2,2,3,3,452,0.5
89764,5,585,4.4,117.0,2,2,6,22,64,0.2
89783,2,315,4.0,157.5,2,1,6,8,153,0.0
89854,6,515,3.6666666666666665,85.83333333333333,1,4,9,22,274,0.0
89880,5,277,2.0,55.4,1,3,8,10,50,1.0
89886,5,328,2.4,65.6,1,2,6,12,231,1.0
89888,1,291,9.0,291.0,1,2,5,9,64,1.0
89890,2,159,2.5,79.5,1,2,4,5,20,0.0
89893,12,813,2.6666666666666665,67.75,3,4,12,32,30,0.0
89952,9,650,3.4444444444444446,72.22222222222223,2,4,8,31,52,0.8888888888888888
89969,17,1503,3.7058823529411766,88.41176470588235,2,4,14,63,87,0.9411764705882353
89978,1,70,2.0,70.0,1,1,2,2,634,1.0
89987,4,618,5.0,154.5,1,3,9,20,21,1.0
89991,2,124,2.0,62.0,2,2,4,4,476,0.0
89997,1,405,12.0,405.0,1,3,5,12,259,1.0
90018,3,815,8.666666666666666,271.6666666666667,2,3,6,26,248,0.6666666666666666
90020,3,166,1.6666666666666667,55.333333333333336,1,4,4,5,41,1.0
90039,1,192,3.0,192.0,1,2,2,3,109,1.0
90101,3,268,3.0,89.33333333333333,2,2,3,9,163,0.6666666666666666
90109,13,1051,2.6923076923076925,80.84615384615384,1,4,10,35,18,1.0
90115,32,3116,3.59375,97.375,4,4,14,115,3,0.09375
90201,29,2300,4.413793103448276,79.3103448275862,2,4,13,128,48,0.9655172413793104
90214,4,437,3.75,109.25,1,3,4,15,104,1.0
90250,8,740,3.375,92.5,4,4,9,27,39,0.5
90275,7,361,1.7142857142857142,51.57142857142857,2,3,6,12,24,0.8571428571428571
90293,5,387,3.6,77.4,3,2,5,18,37,0.6
90297,16,1315,3.125,82.1875,3,4,14,50,28,0.3125
90332,2,117,2.0,58.5,1,1,2,4,430,0.0
90345,4,258,2.5,64.5,2,3,5,10,252,0.0
90356,3,300,4.0,100.0,1,2,4,12,31,1.0
90379,17,865,2.823529411764706,50.88235294117647,6,4,8,48,38,0.17647058823529413
90398,1,43,1.0,43.0,1,1,1,1,36,0.0
90443,1,76,2.0,76.0,1,1,2,2,529,1.0
90460,3,201,2.3333333333333335,67.0,2,2,4,7,306,0.6666666666666666
90495,15,1136,2.6,75.73333333333333,2,4,11,39,44,0.6666666666666666
90498,1,50,2.0,50.0,1,1,2,2,425,1.0
90502,7,583,3.5714285714285716,83.28571428571429,1,3,5,25,79,1.0
90537,3,305,2.3333333333333335,101.66666666666667,3,2,5,7,93,0.0
90554,12,287,1.6666666666666667,23.916666666666668,1,4,7,20,43,1.0
90587,10,565,2.8,56.5,7,3,8,28,38,0.3
90624,4,266,2.75,66.5,1,2,5,11,46,0.0
90649,1,100,4.0,100.0,1,1,3,4,27,0.0
90727,6,236,2.1666666666666665,39.333333333333336,1,3,5,13,234,1.0
90731,1,158,6.0,158.0,1,3,4,6,41,1.0
90743,1,53,2.0,53.0,1,1,2,2,215,0.0
90744,5,737,4.0,147.4,3,3,8,20,181,0.4
90745,10,640,3.5,64.0,4,4,9,35,70,0.2
90763,1,42,3.0,42.0,1,2,3,3,39,1.0
90804,8,585,3.125,73.125,3,4,10,25,99,0.125
90829,2,177,3.5,88.5,1,2,4,7,406,1.0
90846,3,342,3.3333333333333335,114.0,2,1,5,10,22,0.6666666666666666
90869,22,1799,3.1818181818181817,81.77272727272727,3,4,14,70,8,0.8636363636363636
90874,22,1389,2.590909090909091,63.13636363636363,1,4,13,57,55,1.0
90898,2,266,4.0,133.0,1,3,6,8,373,1.0
90935,15,1435,3.2666666666666666,95.66666666666667,1,4,9,49,37,1.0
90955,17,1209,2.7058823529411766,71.11764705882354,2,4,12,46,3,0.8823529411764706
90976,3,239,3.3333333333333335,79.66666666666667,1,3,5,10,420,0.0
90987,6,636,4.166666666666667,106.0,2,3,10,25,232,0.8333333333333334
90994,10,747,2.9,74.7,1,3,9,29,0,1.0
91006,1,100,3.0,100.0,1,1,3,3,231,1.0
91011,1,103,3.0,103.0,1,1,2,3,539,0.0
91020,1,67,2.0,67.0,1,1,2,2,565,1.0
91058,1,229,9.0,229.0,1,2,2,9,353,0.0
91079,2,216,4.5,108.0,1,2,6,9,698,1.0
91182,1,103,3.0,103.0,1,3,3,3,181,1.0
91212,2,178,4.0,89.0,1,2,6,8,204,1.0
91280,2,159,4.0,79.5,2,2,6,8,339,0.0
91288,1,165,5.0,165.0,1,2,4,5,448,1.0
91291,1,217,8.0,217.0,1,3,6,8,275,1.0
91327,3,170,2.0,56.666666666666664,1,1,5,6,705,0.0
91374,3,142,2.3333333333333335,47.333333333333336,1,3,5,7,63,0.0
91385,6,1039,6.833333333333333,173.16666666666666,1,4,9,41,69,1.0
91424,2,371,8.0,185.5,1,3,6,16,203,1.0
91452,1,50,2.0,50.0,1,1,2,2,234,0.0
91540,2,308,6.0,154.0,1,4,6,12,311,1.0
91543,1,0,2.0,0.0,1,1,1,2,629,0.0
91574,10,915,3.0,91.5,1,4,12,30,77,1.0
91598,3,610,5.666666666666667,203.33333333333334,1,3,4,17,44,1.0
91640,9,1088,4.666666666666667,120.88888888888889,1,3,5,42,142,0.0
91701,1,73,3.0,73.0,1,2,3,3,231,1.0
91722,1,47,3.0,47.0,1,1,3,3,707,1.0
91730,7,578,3.4285714285714284,82.57142857142857,1,4,10,24,62,1.0
91799,2,131,3.5,65.5,1,2,5,7,252,1.0
91816,1,218,8.0,218.0,1,1,2,8,369,0.0
91874,2,162,2.0,81.0,2,1,2,4,295,0.5
91894,1,130,4.0,130.0,1,1,4,4,336,0.0
91945,3,128,2.3333333333333335,42.666666666666664,1,1,4,7,143,1.0
91996,1,71,2.0,71.0,1,1,2,2,214,0.0
92014,5,581,3.4,116.2,1,3,5,17,298,1.0
92023,5,622,4.6,124.4,3,3,7,23,99,0.4
92057,8,716,2.625,89.5,4,4,6,21,38,0.375
92062,2,226,3.0,113.0,1,1,2,6,431,0.0
92080,1,169,7.0,169.0,1,2,4,7,681,0.0
92096,3,229,2.0,76.33333333333333,1,1,3,6,133,1.0
92144,3,390,4.0,130.0,2,2,7,12,111,0.6666666666666666
92161,7,655,3.7142857142857144,93.57142857142857,1,3,5,26,2,1.0
92211,2,22,1.0,11.0,1,2,2,2,206,0.0
92231,10,635,2.7,63.5,4,3,9,27,295,0.2
92248,1,41,1.0,41.0,1,1,1,1,60,0.0
92289,8,379,1.75,47.375,2,3,8,14,141,0.75
92291,2,223,3.0,111.5,1,3,5,6,231,1.0
92310,20,2389,4.0,119.45,1,4,16,80,42,1.0
92352,11,1220,4.2727272727272725,110.9090909090909,3,4,14,47,101,0.09090909090909091
92372,6,595,4.333333333333333,99.16666666666667,1,3,9,26,39,1.0
92419,1,173,5.0,173.0,1,2,4,5,65,1.0
92436,1,106,3.0,106.0,1,1,3,3,6,0.0
92450,4,249,2.25,62.25,1,2,6,9,59,1.0
92531,1,81,3.0,81.0,1,1,2,3,592,0.0
92563,4,340,2.75,85.0,2,3,5,11,4,0.0
92564,9,776,3.111111111111111,86.22222222222223,5,3,9,28,41,0.0
92582,2,354,6.5,177.0,2,2,5,13,415,0.0
92596,1,160,5.0,160.0,1,2,3,5,588,1.0
92606,2,59,1.0,29.5,1,2,2,2,35,1.0
92667,9,559,2.111111111111111,62.111111111111114,3,3,8,19,21,0.0
92704,3,299,3.3333333333333335,99.66666666666667,3,2,5,10,63,0.3333333333333333
92732,4,531,4.5,132.75,1,4,10,18,111,1.0
92747,14,1560,4.428571428571429,111.42857142857143,2,4,11,62,29,0.9285714285714286
92754,4,1114,8.0,278.5,1,3,6,32,41,0.0
92756,3,344,4.0,114.66666666666667,1,2,4,12,59,1.0
92769,1,70,3.0,70.0,1,2,2,3,252,1.0
92819,2,279,4.5,139.5,1,1,5,9,311,0.0
92826,14,759,2.9285714285714284,54.214285714285715,2,4,13,41,34,0.5714285714285714
92838,8,578,2.5,72.25,1,3,7,20,231,1.0
92931,3,247,2.3333333333333335,82.33333333333333,2,3,5,7,30,0.0
92968,1,166,5.0,166.0,1,2,5,5,192,0.0
93010,17,1195,2.9411764705882355,70.29411764705883,2,4,12,50,10,0.0
93033,5,486,3.0,97.2,2,4,10,15,45,0.0
93047,7,79,1.2857142857142858,11.285714285714286,1,2,3,9,165,1.0
93062,2,295,5.0,147.5,1,3,5,10,318,1.0
93080,1,75,6.0,75.0,1,2,4,6,695,1.0
93093,3,684,6.666666666666667,228.0,2,2,7,20,6,0.6666666666666666
93095,7,561,4.285714285714286,80.14285714285714,1,3,7,30,167,1.0
93098,1,141,5.0,141.0,1,1,4,5,179,1.0
93145,11,237,2.0,21.545454545454547,3,4,8,22,39,0.0
93172,13,545,1.9230769230769231,41.92307692307692,3,2,6,25,15,0.07692307692307693
93194,2,63,3.5,31.5,1,2,5,7,560,0.0
93213,10,733,3.5,73.3,2,2,9,35,64,0.9
93214,12,852,2.9166666666666665,71.0,1,3,12,35,438,1.0
93216,4,234,1.75,58.5,2,2,5,7,49,0.75
93217,3,275,4.0,91.66666666666667,1,2,6,12,564,1.0
93229,3,252,2.6666666666666665,84.0,3,3,5,8,246,0.0
93244,1,79,3.0,79.0,1,2,3,3,625,1.0
93281,6,598,4.0,99.66666666666667,1,3,7,24,238,1.0
93322,4,125,1.75,31.25,1,3,4,7,193,0.0
93323,4,722,5.5,180.5,2,4,11,22,20,0.5
93350,15,978,2.8,65.2,3,3,9,42,41,0.4
93371,2,104,1.5,52.0,2,2,3,3,598,0.5
93392,16,1478,3.5,92.375,3,4,13,56,41,0.375
93439,16,1499,3.75,93.6875,1,4,12,60,2,1.0
93465,5,556,4.6,111.2,1,3,8,23,197,1.0
93517,2,510,8.0,255.0,1,3,9,16,123,0.0
93539,9,907,3.0,100.77777777777777,3,3,10,27,64,0.0
93541,6,1116,6.666666666666667,186.0,1,3,8,40,161,1.0
93568,5,733,4.6,146.6,2,3,8,23,97,0.0
93598,13,1426,4.230769230769231,109.6923076923077,2,4,13,55,31,0.38461538461538464
93611,1,77,2.0,77.0,1,1,1,2,94,1.0
93619,3,299,3.3333333333333335,99.66666666666667,1,1,4,10,57,1.0
93649,9,510,2.5555555555555554,56.666666666666664,1,3,10,23,554,1.0
93790,14,1457,4.142857142857143,104.07142857142857,4,4,13,58,34,0.35714285714285715
93798,1,43,2.0,43.0,1,1,2,2,436,0.0
93799,3,86,1.6666666666666667,28.666666666666668,1,2,3,5,59,1.0
93811,1,25,2.0,25.0,1,2,2,2,80,1.0
93824,2,205,3.0,102.5,1,1,3,6,360,0.0
93875,1,85,3.0,85.0,1,1,2,3,232,0.0
93919,1,108,4.0,108.0,1,2,4,4,38,1.0
93930,1,126,4.0,126.0,1,2,3,4,622,1.0
94011,2,179,2.0,89.5,1,1,3,4,128,0.0
94017,2,173,2.5,86.5,2,2,4,5,53,0.5
94022,4,660,6.25,165.0,1,4,13,25,136,1.0
94023,3,198,2.0,66.0,1,2,4,6,63,1.0
94040,8,1146,5.375,143.25,1,3,11,43,90,1.0
94063,2,159,4.0,79.5,1,2,4,8,425,1.0
94232,2,97,2.0,48.5,1,1,3,4,617,0.0
94274,13,857,2.923076923076923,65.92307692307692,4,4,11,38,63,0.15384615384615385
94341,8,669,3.0,83.625,1,4,11,24,36,1.0
94357,25,1293,2.12,51.72,2,4,13,53,41,0.92
94366,7,701,3.2857142857142856,100.14285714285714,1,3,6,23,161,1.0
94370,1,69,1.0,69.0,1,1,1,1,434,1.0
94400,3,288,2.3333333333333335,96.0,1,2,5,7,43,1.0
94423,14,1039,2.857142857142857,74.21428571428571,2,4,12,40,36,0.0
94502,2,97,2.0,48.5,1,2,3,4,215,0.0
94549,6,390,2.1666666666666665,65.0,2,3,5,13,228,0.8333333333333334
94552,7,969,4.571428571428571,138.42857142857142,1,4,13,32,167,1.0
94588,1,0,1.0,0.0,1,1,1,1,624,1.0
94594,2,251,4.5,125.5,1,3,6,9,123,1.0
94595,9,561,2.6666666666666665,62.333333333333336,1,4,12,24,65,1.0
94616,1,69,2.0,69.0,1,1,2,2,23,1.0
94623,12,698,1.9166666666666667,58.166666666666664,1,4,9,23,51,1.0
94631,3,406,4.333333333333333,135.33333333333334,1,4,8,13,143,1.0
94692,2,193,2.5,96.5,1,3,3,5,51,1.0
94717,1,134,4.0,134.0,1,1,4,4,231,0.0
94732,1,176,3.0,176.0,1,3,3,3,262,1.0
94734,10,1236,4.6,123.6,2,3,8,46,53,0.0
94750,3,192,2.0,64.0,1,2,3,6,329,1.0
94751,6,485,3.3333333333333335,80.83333333333333,1,4,7,20,50,1.0
94779,2,180,2.5,90.0,2,2,4,5,90,0.5
94784,11,959,2.8181818181818183,87.18181818181819,1,4,8,31,28,1.0
94816,14,945,3.642857142857143,67.5,2,4,13,51,6,0.0
94833,2,172,3.0,86.0,1,2,3,6,323,1.0
94838,2,166,3.0,83.0,1,2,4,6,190,1.0
94878,3,105,2.0,35.0,1,2,5,6,168,0.0
94890,4,556,6.0,139.0,1,4,8,24,111,0.0
94893,9,1338,5.888888888888889,148.66666666666666,1,4,10,53,199,1.0
94951,7,1026,6.571428571428571,146.57142857142858,2,3,10,46,41,0.8571428571428571
94979,5,478,2.2,95.6,3,2,5,11,323,0.6
94980,25,1227,2.36,49.08,4,4,10,59,30,0.76
94990,9,370,2.2222222222222223,41.111111111111114,2,3,9,20,238,0.8888888888888888
94991,4,265,2.0,66.25,1,2,4,8,205,0.0
94994,1,71,2.0,71.0,1,1,2,2,160,1.0
95002,4,489,4.25,122.25,2,3,7,17,341,0.75
95033,3,376,2.6666666666666665,125.33333333333333,2,3,6,8,156,0.6666666666666666
95047,5,884,5.8,176.8,2,4,10,29,154,0.6
95083,2,350,5.0,175.0,1,3,5,10,121,1.0
95098,14,2164,6.0,154.57142857142858,3,3,10,84,31,0.0
95146,3,489,4.333333333333333,163.0,1,2,9,13,348,1.0
95150,10,975,3.9,97.5,2,3,11,39,311,0.4
95153,1,70,2.0,70.0,1,1,1,2,443,0.0
95162,7,512,3.7142857142857144,73.14285714285714,2,4,8,26,69,0.8571428571428571
95168,9,955,3.2222222222222223,106.11111111111111,2,4,7,29,58,0.6666666666666666
95197,2,109,2.0,54.5,1,2,3,4,118,1.0
95201,10,1554,6.2,155.4,1,4,13,62,80,1.0
95230,2,209,6.0,104.5,2,2,6,12,64,0.0
95233,5,778,6.0,155.6,1,3,8,30,111,1.0
95256,3,289,3.3333333333333335,96.33333333333333,1,1,5,10,434,0.0
95315,1,51,2.0,51.0,1,1,2,2,430,0.0
95333,1,41,2.0,41.0,1,1,2,2,218,0.0
95361,4,492,3.75,123.0,1,3,6,15,248,1.0
95433,8,700,4.0,87.5,3,4,11,32,65,0.625
95437,1,136,4.0,136.0,1,2,3,4,441,0.0
95438,11,429,2.3636363636363638,39.0,1,4,10,26,29,0.0
95466,1,50,2.0,50.0,1,1,1,2,481,0.0
95483,4,310,2.5,77.5,1,3,7,10,105,1.0
95488,1,119,6.0,119.0,1,1,3,6,65,1.0
95512,5,396,2.2,79.2,2,4,9,11,62,0.8
95519,1,106,3.0,106.0,1,1,3,3,640,0.0
95543,2,92,1.0,46.0,1,1,1,2,287,1.0
95577,1,230,6.0,230.0,1,1,3,6,549,0.0
95579,3,346,3.3333333333333335,115.33333333333333,1,2,5,10,238,1.0
95582,6,538,5.0,89.66666666666667,1,3,7,30,48,1.0
95639,2,246,4.0,123.0,1,2,6,8,694,1.0
95668,5,379,3.6,75.8,2,4,8,18,133,0.0
95704,3,363,3.6666666666666665,121.0,2,3,6,11,34,0.6666666666666666
95713,3,295,3.6666666666666665,98.33333333333333,1,3,7,11,520,1.0
95726,11,1252,4.2727272727272725,113.81818181818181,3,3,9,47,112,0.8181818181818182
95789,19,1763,4.0,92.78947368421052,2,4,11,76,37,0.05263157894736842
95793,2,147,2.0,73.5,1,1,2,4,287,1.0
95800,4,139,2.0,34.75,1,2,3,8,208,1.0
95830,4,280,3.75,70.0,1,3,7,15,210,1.0
95841,5,494,2.6,98.8,2,3,7,13,221,0.8
95872,1,92,3.0,92.0,1,1,3,3,721,0.0
95884,3,282,5.0,94.0,1,2,7,15,234,1.0
95937,1,45,2.0,45.0,1,1,1,2,383,0.0
95949,2,159,5.0,79.5,1,2,3,10,641,0.0
95969,8,508,2.125,63.5,4,4,8,17,225,0.625
95970,3,177,1.6666666666666667,59.0,1,2,3,5,249,1.0
96047,2,93,3.5,46.5,1,3,4,7,551,1.0
96076,1,91,2.0,91.0,1,1,2,2,14,1.0
96077,2,194,3.5,97.0,1,2,4,7,140,1.0
96081,4,224,2.25,56.0,1,3,6,9,215,1.0
96082,4,316,4.75,79.0,1,3,6,19,71,1.0
96116,5,328,2.8,65.6,1,3,4,14,275,1.0
96128,1,118,5.0,118.0,1,1,3,5,591,1.0
96140,3,264,3.6666666666666665,88.0,1,2,4,11,403,1.0
96156,5,316,2.0,63.2,1,2,5,10,445,1.0
96160,6,427,4.166666666666667,71.16666666666667,1,2,6,25,234,1.0
96164,1,74,2.0,74.0,1,1,2,2,29,1.0
96205,11,1313,4.454545454545454,119.36363636363636,1,4,11,49,147,1.0
96211,14,1109,3.5714285714285716,79.21428571428571,2,3,10,50,16,0.14285714285714285
96220,1,492,11.0,492.0,1,2,7,11,700,1.0
96224,8,988,4.75,123.5,2,4,12,38,49,0.5
96232,3,314,3.3333333333333335,104.66666666666667,1,3,5,10,118,1.0
96233,6,374,2.8333333333333335,62.333333333333336,1,4,10,17,21,0.0
96234,10,532,2.7,53.2,3,3,8,27,32,0.1
96243,2,285,4.5,142.5,1,2,7,9,336,1.0
96296,1,75,7.0,75.0,1,2,3,7,698,0.0
96301,3,263,3.3333333333333335,87.66666666666667,1,3,6,10,274,1.0
96325,3,307,4.333333333333333,102.33333333333333,2,3,7,13,238,0.6666666666666666
96351,13,1520,5.0,116.92307692307692,2,3,11,65,231,0.8461538461538461
96353,2,355,6.5,177.5,2,4,5,13,393,0.5
96356,1,94,2.0,94.0,1,1,2,2,116,0.0
96387,15,1530,4.066666666666666,102.0,4,4,12,61,297,0.7333333333333333
96417,2,209,4.0,104.5,1,2,4,8,217,0.0
96556,1,126,3.0,126.0,1,1,1,3,442,0.0
96589,1,75,2.0,75.0,1,2,2,2,670,1.0
96669,1,155,4.0,155.0,1,1,2,4,428,1.0
96676,8,702,3.125,87.75,1,3,7,25,406,1.0
96680,7,386,2.0,55.142857142857146,3,3,8,14,14,0.2857142857142857
96681,4,268,2.75,67.0,1,3,6,11,200,1.0
96717,4,808,7.75,202.0,2,4,8,31,233,0.5
96740,2,104,2.0,52.0,1,1,2,4,228,0.0
96742,3,812,7.666666666666667,270.6666666666667,2,3,6,23,79,0.3333333333333333
96743,1,56,4.0,56.0,1,1,2,4,355,1.0
96788,1,158,4.0,158.0,1,2,4,4,121,1.0
96835,4,316,3.0,79.0,2,2,5,12,169,0.0
96946,6,530,2.5,88.33333333333333,1,2,6,15,21,0.0
96953,14,1239,3.7142857142857144,88.5,1,4,15,52,18,1.0
96984,1,78,2.0,78.0,1,1,1,2,424,0.0
96985,2,222,3.0,111.0,2,2,5,6,491,0.5
96998,1,99,4.0,99.0,1,2,4,4,662,0.0
97025,2,134,2.0,67.0,1,1,3,4,547,1.0
97044,4,343,2.75,85.75,2,2,5,11,88,0.0
97058,1,111,4.0,111.0,1,2,3,4,45,1.0
97089,1,78,4.0,78.0,1,2,2,4,455,1.0
97217,4,171,3.5,42.75,2,3,5,14,181,0.5
97222,12,1175,5.0,97.91666666666667,1,4,8,60,37,1.0
97234,1,163,6.0,163.0,1,1,4,6,357,1.0
97318,1,138,6.0,138.0,1,2,3,6,491,1.0
97339,8,369,1.75,46.125,2,2,6,14,90,0.0
97353,3,277,3.0,92.33333333333333,1,1,4,9,39,0.0
97360,17,1630,3.6470588235294117,95.88235294117646,1,4,12,62,38,1.0
97383,1,173,6.0,173.0,1,2,3,6,238,1.0
97392,12,1014,3.25,84.5,4,3,10,39,252,0.75
97423,2,183,2.5,91.5,1,2,4,5,176,1.0
97443,8,769,2.875,96.125,1,4,13,23,7,1.0
97447,3,381,3.6666666666666665,127.0,2,2,5,11,142,0.0
97455,6,376,2.3333333333333335,62.666666666666664,6,4,7,14,24,0.0
97467,1,248,6.0,248.0,1,2,5,6,619,1.0
97490,2,229,3.5,114.5,2,3,7,7,199,0.0
97565,6,503,2.6666666666666665,83.83333333333333,3,3,9,16,199,0.5
97572,2,134,2.0,67.0,1,2,4,4,333,1.0
97580,2,229,3.5,114.5,1,1,4,7,168,1.0
97600,4,314,2.75,78.5,2,3,7,11,160,0.75
97607,15,1086,3.2,72.4,1,4,13,48,37,1.0
97608,1,42,1.0,42.0,1,1,1,1,417,1.0
97611,4,476,4.0,119.0,1,2,6,16,118,1.0
97620,3,811,6.666666666666667,270.3333333333333,2,3,11,20,118,0.6666666666666666
97627,1,126,4.0,126.0,1,1,2,4,567,1.0
97664,2,206,3.0,103.0,1,2,4,6,492,1.0
97687,7,1327,6.857142857142857,189.57142857142858,1,4,11,48,69,1.0
97723,3,185,1.6666666666666667,61.666666666666664,1,3,3,5,157,0.0
97731,1,73,2.0,73.0,1,1,2,2,721,1.0
97745,2,181,3.0,90.5,1,3,6,6,276,0.0
97757,2,517,7.0,258.5,1,3,7,14,305,1.0
97810,1,122,4.0,122.0,1,2,3,4,714,1.0
97836,11,982,4.090909090909091,89.27272727272727,2,3,11,45,69,0.0
97840,13,1727,6.153846153846154,132.84615384615384,1,4,15,80,61,1.0
97849,6,829,5.333333333333333,138.16666666666666,3,4,13,32,72,0.6666666666666666
97857,7,512,3.0,73.14285714285714,2,4,8,21,90,0.8571428571428571
97863,6,319,2.6666666666666665,53.166666666666664,2,4,8,16,38,0.0
97897,3,183,2.3333333333333335,61.0,1,3,5,7,55,1.0
97899,2,263,4.0,131.5,2,1,5,8,94,0.5
97930,2,190,2.5,95.0,1,2,5,5,261,1.0
97933,2,0,2.0,0.0,1,1,1,4,458,1.0
97943,1,81,3.0,81.0,1,1,3,3,593,1.0
97950,3,827,8.333333333333334,275.6666666666667,1,4,9,25,113,1.0
97959,12,1036,2.8333333333333335,86.33333333333333,5,3,10,34,62,0.16666666666666666
97990,8,837,4.75,104.625,2,4,8,38,59,0.875
97996,1,123,4.0,123.0,1,2,3,4,228,0.0
97998,1,133,4.0,133.0,1,1,3,4,291,1.0
98013,6,258,2.1666666666666665,43.0,1,3,5,13,175,1.0
98081,2,491,7.0,245.5,1,4,8,14,72,1.0
98106,6,692,5.166666666666667,115.33333333333333,5,3,6,31,41,0.0
98108,2,187,4.0,93.5,1,2,5,8,522,1.0
98111,1,353,13.0,353.0,1,2,4,13,124,0.0
98171,8,634,3.125,79.25,1,4,10,25,150,0.0
98195,2,0,1.0,0.0,1,1,1,2,683,1.0
98213,21,1938,3.238095238095238,92.28571428571429,2,4,15,68,21,0.0
98223,3,335,3.0,111.66666666666667,1,3,5,9,438,0.0
98228,4,293,3.75,73.25,1,3,5,15,118,1.0
98267,1,198,6.0,198.0,1,1,4,6,277,1.0
98285,1,61,2.0,61.0,1,1,2,2,234,0.0
98321,4,573,4.5,143.25,1,3,8,18,94,1.0
98372,2,346,5.5,173.0,1,2,6,11,126,1.0
98401,22,1000,2.3181818181818183,45.45454545454545,4,4,9,51,56,0.45454545454545453
98471,3,239,3.6666666666666665,79.66666666666667,1,3,7,11,24,0.0
98484,3,64,2.0,21.333333333333332,1,2,3,6,607,1.0
98487,2,202,2.5,101.0,2,2,4,5,139,0.0
98516,3,217,2.0,72.33333333333333,2,3,5,6,175,0.0
98523,1,206,6.0,206.0,1,1,2,6,23,0.0
98543,6,243,1.8333333333333333,40.5,2,3,5,11,65,0.0
98546,1,189,5.0,189.0,1,2,4,5,701,1.0
98564,1,56,2.0,56.0,1,1,1,2,31,1.0
98604,2,407,6.0,203.5,2,2,5,12,472,0.5
98609,5,698,4.4,139.6,1,4,9,22,55,1.0
98611,3,417,4.333333333333333,139.0,2,3,7,13,20,0.6666666666666666
98618,3,263,3.3333333333333335,87.66666666666667,1,2,5,10,259,0.0
98678,1,37,1.0,37.0,1,1,1,1,696,0.0
98679,8,880,4.25,110.0,3,4,9,34,60,0.0
98685,1,69,2.0,69.0,1,1,1,2,452,1.0
98761,2,319,3.5,159.5,1,2,4,7,10,0.0
98794,2,154,2.0,77.0,1,3,3,4,394,0.0
98803,6,691,4.833333333333333,115.16666666666667,2,4,11,29,125,0.0
98818,9,465,3.3333333333333335,51.666666666666664,1,4,11,30,37,1.0
98824,11,877,3.909090909090909,79.72727272727273,1,3,9,43,30,0.0
98829,2,390,5.0,195.0,1,3,5,10,576,1.0
98859,7,727,4.428571428571429,103.85714285714286,1,3,9,31,50,0.0
98879,1,68,2.0,68.0,1,1,2,2,474,1.0
98948,2,46,1.5,23.0,1,3,3,3,59,1.0
98950,2,167,2.0,83.5,1,2,3,4,464,1.0
98963,1,66,2.0,66.0,1,1,2,2,340,0.0
98975,7,1124,5.142857142857143,160.57142857142858,1,3,9,36,44,1.0
99013,2,106,2.0,53.0,2,1,3,4,346,0.0
99017,2,128,1.0,64.0,1,2,2,2,451,0.0
99031,2,197,3.0,98.5,1,1,3,6,267,1.0
99033,20,1494,3.6,74.7,6,4,12,72,39,0.05
99040,2,299,5.0,149.5,2,2,5,10,357,0.5
99045,5,416,3.4,83.2,1,3,6,17,28,1.0
99056,1,169,6.0,169.0,1,3,4,6,497,1.0
99061,1,66,3.0,66.0,1,1,3,3,585,0.0
99062,4,770,6.25,192.5,1,4,9,25,113,1.0
99083,1,44,2.0,44.0,1,1,2,2,420,0.0
99093,4,166,1.0,41.5,1,1,2,4,62,1.0
99109,1,55,3.0,55.0,1,2,3,3,684,1.0
99115,1,69,1.0,69.0,1,1,1,1,189,0.0
99116,4,271,2.0,67.75,2,4,7,8,457,0.75
99134,2,181,4.0,90.5,1,1,4,8,225,0.0
99137,2,54,1.0,27.0,1,1,2,2,443,0.0
99150,1,60,2.0,60.0,1,1,2,2,334,0.0
99158,1,74,2.0,74.0,1,1,1,2,555,0.0
99159,1,70,2.0,70.0,1,1,2,2,670,1.0
99166,2,328,5.5,164.0,1,2,4,11,232,0.0
99179,18,2476,4.5,137.55555555555554,2,4,13,81,30,0.9444444444444444
99182,3,555,5.0,185.0,2,3,6,15,55,0.6666666666666666
99184,6,650,2.1666666666666665,108.33333333333333,1,2,4,13,34,0.0
99213,2,292,6.0,146.0,1,2,4,12,422,1.0
99214,1,74,2.0,74.0,1,1,1,2,458,0.0
99267,8,476,2.5,59.5,1,4,9,20,87,0.0
99273,1,126,5.0,126.0,1,1,3,5,453,1.0
99274,1,206,7.0,206.0,1,1,5,7,730,1.0
99283,2,81,1.0,40.5,1,1,2,2,108,1.0
99291,1,55,1.0,55.0,1,1,1,1,631,1.0
99310,5,522,6.0,104.4,1,4,11,30,324,1.0
99312,1,156,4.0,156.0,1,3,4,4,141,0.0
99330,1,105,3.0,105.0,1,2,3,3,137,1.0
99343,1,103,3.0,103.0,1,1,3,3,270,1.0
99366,8,658,3.125,82.25,1,2,6,25,10,1.0
99394,5,610,4.2,122.0,3,2,8,21,62,0.6
99397,1,98,4.0,98.0,1,1,2,4,227,0.0
99398,1,80,5.0,80.0,1,2,4,5,708,1.0
99432,1,91,5.0,91.0,1,3,4,5,84,1.0
99444,2,103,2.5,51.5,1,1,3,5,302,0.0
99460,5,470,3.6,94.0,1,4,6,18,183,1.0
99499,2,95,2.5,47.5,1,1,5,5,399,1.0
99506,5,513,3.6,102.6,1,4,9,18,78,1.0
99529,5,444,3.4,88.8,1,2,5,17,79,0.0
99567,3,0,1.3333333333333333,0.0,1,1,1,4,506,1.0
99569,3,278,5.0,92.66666666666667,1,2,5,15,71,1.0
99591,3,273,3.3333333333333335,91.0,3,1,5,10,56,0.0
99597,1,322,11.0,322.0,1,2,4,11,108,1.0
99602,1,62,2.0,62.0,1,1,2,2,469,0.0
99616,2,92,2.0,46.0,1,2,3,4,532,0.0
99628,2,172,2.5,86.0,1,1,3,5,79,0.0
99647,4,299,2.75,74.75,3,4,7,11,191,0.5
99658,11,793,2.8181818181818183,72.0909090909091,3,4,10,31,56,0.0
99674,2,317,6.0,158.5,1,2,5,12,345,1.0
99693,1,108,6.0,108.0,1,2,3,6,494,0.0
99700,2,364,6.0,182.0,2,2,6,12,245,0.5
99725,1,62,2.0,62.0,1,1,2,2,4,1.0
99731,6,521,3.3333333333333335,86.83333333333333,1,4,10,20,88,0.0
99743,1,129,4.0,129.0,1,1,3,4,383,1.0
99753,3,253,3.6666666666666665,84.33333333333333,1,3,6,11,389,1.0
99777,7,821,3.5714285714285716,117.28571428571429,1,4,8,25,65,0.0
99788,11,453,2.1818181818181817,41.18181818181818,3,4,6,24,1,0.09090909090909091
99840,4,367,2.5,91.75,2,2,7,10,65,0.5
99845,5,1040,7.6,208.0,1,4,12,38,41,1.0
99850,1,45,1.0,45.0,1,1,1,1,526,1.0
99878,1,111,4.0,111.0,1,2,4,4,336,1.0
99911,1,67,2.0,67.0,1,1,1,2,119,0.0
99914,5,208,2.8,41.6,1,3,5,14,169,1.0
99922,1,108,4.0,108.0,1,2,3,4,422,1.0
99928,4,501,3.75,125.25,1,3,7,15,127,1.0
99936,2,178,3.5,89.0,1,3,5,7,420,0.0
99970,3,212,3.6666666666666665,70.66666666666667,1,2,3,11,224,1.0
99973,1,66,2.0,66.0,1,1,2,2,397,1.0
99978,3,314,3.0,104.66666666666667,2,2,4,9,196,0.6666666666666666
99996,2,121,2.0,60.5,1,1,4,4,58,1.0
99999,4,685,5.5,171.25,1,3,10,22,181,0.0
100002,2,271,3.5,135.5,2,1,5,7,151,0.5
100016,3,239,2.6666666666666665,79.66666666666667,1,2,4,8,556,1.0
100017,1,89,4.0,89.0,1,1,4,4,224,0.0
100058,16,1514,3.6875,94.625,2,4,10,59,36,0.9375
100072,6,533,3.0,88.83333333333333,1,2,5,18,263,1.0
100083,1,249,8.0,249.0,1,1,2,8,256,1.0
100098,3,149,2.0,49.666666666666664,1,4,5,6,17,1.0
100104,26,1667,2.1923076923076925,64.11538461538461,3,4,9,57,27,0.5
100108,3,146,3.0,48.666666666666664,1,2,5,9,467,1.0
100110,3,208,2.3333333333333335,69.33333333333333,1,2,4,7,280,1.0
100114,12,1498,4.5,124.83333333333333,1,4,13,54,196,1.0
100132,2,182,2.5,91.0,2,2,3,5,69,0.0
100154,1,35,1.0,35.0,1,1,1,1,598,1.0
100176,1,70,2.0,70.0,1,1,1,2,455,1.0
100214,1,514,15.0,514.0,1,4,6,15,518,1.0
100237,6,788,6.166666666666667,131.33333333333334,2,4,9,37,69,0.0
100245,5,340,3.0,68.0,1,3,8,15,55,1.0
100262,1,130,4.0,130.0,1,2,3,4,190,1.0
100299,4,354,3.0,88.5,2,2,7,12,375,0.0
100390,19,843,2.5789473684210527,44.36842105263158,1,4,9,49,31,1.0
100391,3,200,1.6666666666666667,66.66666666666667,1,3,3,5,149,1.0
100416,14,639,2.5714285714285716,45.642857142857146,1,3,7,36,20,1.0
100443,2,190,4.0,95.0,1,4,8,8,444,1.0
100453,2,276,4.0,138.0,1,1,5,8,435,1.0
100467,2,493,6.5,246.5,1,3,6,13,91,1.0
100487,4,243,1.5,60.75,1,3,4,6,132,1.0
100505,11,856,3.3636363636363638,77.81818181818181,4,3,10,37,255,0.18181818181818182
100507,4,172,2.25,43.0,1,2,4,9,52,1.0
100568,37,4573,4.54054054054054,123.5945945945946,1,4,15,168,20,1.0
100661,4,304,4.25,76.0,3,3,7,17,417,0.25
100690,7,674,3.2857142857142856,96.28571428571429,4,3,8,23,90,0.14285714285714285
100707,4,249,2.75,62.25,1,3,7,11,399,0.0
100708,11,1018,4.181818181818182,92.54545454545455,2,4,10,46,160,0.0
100726,3,136,1.0,45.333333333333336,2,1,2,3,554,0.0
100741,1,291,8.0,291.0,1,3,6,8,394,1.0
100744,2,127,2.0,63.5,1,1,3,4,568,0.0
100798,15,986,3.2666666666666666,65.73333333333333,1,4,12,49,92,1.0
100821,1,67,2.0,67.0,1,1,2,2,430,1.0
100844,1,194,6.0,194.0,1,1,3,6,34,1.0
100854,2,240,4.0,120.0,1,2,6,8,128,1.0
100867,1,59,2.0,59.0,1,1,1,2,397,0.0
100918,6,359,3.0,59.833333333333336,2,4,11,18,210,0.8333333333333334
100943,5,313,2.2,62.6,1,4,7,11,1,0.0
100954,2,194,2.5,97.0,1,1,4,5,247,0.0
100964,7,648,3.7142857142857144,92.57142857142857,3,3,7,26,224,0.14285714285714285
101013,2,112,3.0,56.0,1,2,4,6,553,0.0
101018,1,83,3.0,83.0,1,1,2,3,688,0.0
101020,11,545,2.5454545454545454,49.54545454545455,1,3,9,28,119,1.0
101067,1,103,3.0,103.0,1,1,2,3,416,1.0
101068,2,276,4.0,138.0,1,2,5,8,500,0.0
101117,1,81,2.0,81.0,1,1,2,2,255,1.0
101122,10,707,2.3,70.7,2,4,9,23,30,0.4
101168,1,129,4.0,129.0,1,2,3,4,711,1.0
101186,4,267,2.25,66.75,1,3,5,9,78,1.0
101208,4,151,1.25,37.75,2,3,4,5,55,0.75
101210,7,937,3.857142857142857,133.85714285714286,2,3,7,27,213,0.42857142857142855
101223,1,65,1.0,65.0,1,1,1,1,714,1.0
101235,13,1092,3.4615384615384617,84.0,3,4,11,45,45,0.15384615384615385
101239,2,114,1.5,57.0,2,2,2,3,37,0.0
101240,1,137,4.0,137.0,1,2,3,4,259,0.0
101242,1,78,2.0,78.0,1,2,2,2,176,1.0
101243,1,136,4.0,136.0,1,2,3,4,90,1.0
101251,22,1896,2.6818181818181817,86.18181818181819,3,4,11,59,109,0.09090909090909091
101254,5,529,3.2,105.8,1,2,8,16,1,1.0
101257,1,151,4.0,151.0,1,2,3,4,275,0.0
101301,5,641,3.4,128.2,1,3,7,17,62,1.0
101305,2,141,3.0,70.5,1,2,5,6,562,1.0
101307,22,1702,2.8636363636363638,77.36363636363636,2,4,14,63,28,0.0
101313,1,174,4.0,174.0,1,2,4,4,66,0.0
101355,3,383,4.333333333333333,127.66666666666667,3,3,8,13,65,0.0
101363,1,74,2.0,74.0,1,1,1,2,95,0.0
101394,1,32,1.0,32.0,1,1,1,1,434,0.0
101439,11,1321,3.727272727272727,120.0909090909091,6,4,13,41,44,0.2727272727272727
101462,8,712,4.375,89.0,2,4,8,35,41,0.125
101471,12,1090,4.5,90.83333333333333,2,4,12,54,37,0.9166666666666666
101476,1,136,4.0,136.0,1,1,1,4,481,0.0
101489,2,130,2.0,65.0,2,1,4,4,551,0.0
101532,6,554,3.1666666666666665,92.33333333333333,1,3,9,19,102,1.0
101543,3,258,2.6666666666666665,86.0,2,2,4,8,74,0.0
101545,1,154,4.0,154.0,1,2,4,4,476,1.0
101546,3,207,1.6666666666666667,69.0,2,3,4,5,13,0.6666666666666666
101555,1,213,7.0,213.0,1,3,5,7,13,0.0
101626,5,304,2.8,60.8,2,4,6,14,56,0.0
101642,12,982,3.25,81.83333333333333,2,4,13,39,4,0.9166666666666666
101658,1,250,7.0,250.0,1,2,4,7,366,1.0
101683,6,581,4.5,96.83333333333333,3,4,10,27,34,0.0
101688,1,65,2.0,65.0,1,1,2,2,632,1.0
101689,3,281,2.0,93.66666666666667,1,2,5,6,41,1.0
101728,14,662,2.0,47.285714285714285,1,4,11,28,37,1.0
101730,8,642,4.375,80.25,1,3,10,35,15,1.0
101739,1,55,2.0,55.0,1,1,2,2,515,1.0
101746,1,259,8.0,259.0,1,1,5,8,392,0.0
101750,1,142,4.0,142.0,1,2,3,4,69,0.0
101769,20,1907,4.25,95.35,4,4,13,85,14,0.05
101790,3,187,3.0,62.333333333333336,2,3,6,9,167,0.6666666666666666
101840,2,283,5.5,141.5,1,2,5,11,59,1.0
101873,5,282,2.6,56.4,1,2,7,13,77,1.0
101933,2,124,3.0,62.0,2,2,4,6,101,0.5
101942,2,100,2.0,50.0,1,2,4,4,418,1.0
101977,1,75,3.0,75.0,1,1,3,3,430,0.0
102044,1,74,3.0,74.0,1,2,2,3,77,1.0
102082,2,213,2.5,106.5,1,2,5,5,86,1.0
102157,6,451,3.0,75.16666666666667,3,3,7,18,38,0.0
102158,5,328,3.0,65.6,2,2,7,15,149,0.4
102179,1,96,3.0,96.0,1,1,3,3,344,1.0
102188,5,299,3.2,59.8,2,4,8,16,71,0.6
102192,1,171,6.0,171.0,1,2,4,6,100,1.0
102212,19,1472,3.8421052631578947,77.47368421052632,5,4,11,73,3,0.42105263157894735
102231,9,853,3.4444444444444446,94.77777777777777,1,4,11,31,17,1.0
102235,1,189,7.0,189.0,1,2,4,7,497,1.0
102236,6,490,2.8333333333333335,81.66666666666667,3,4,9,17,7,0.16666666666666666
102266,8,1819,8.5,227.375,1,4,12,68,344,1.0
102292,4,346,3.0,86.5,1,2,7,12,90,1.0
102297,12,1191,2.9166666666666665,99.25,2,4,14,35,27,0.0
102299,1,131,4.0,131.0,1,1,4,4,306,0.0
102363,4,333,3.5,83.25,3,3,6,14,203,0.0
102374,2,261,3.5,130.5,1,2,4,7,273,1.0
102435,1,72,2.0,72.0,1,1,2,2,681,0.0
102437,1,144,4.0,144.0,1,1,2,4,456,1.0
102438,1,200,5.0,200.0,1,1,5,5,296,1.0
102439,5,1223,8.2,244.6,3,3,11,41,64,0.4
102508,1,112,3.0,112.0,1,1,3,3,612,0.0
102545,1,29,1.0,29.0,1,1,1,1,421,1.0
102556,5,628,4.2,125.6,2,2,8,21,20,0.2
102609,1,64,2.0,64.0,1,1,2,2,616,1.0
102613,7,498,3.0,71.14285714285714,1,3,8,21,282,1.0
102629,1,47,2.0,47.0,1,1,2,2,581,1.0
102636,2,402,5.5,201.0,1,3,6,11,288,1.0
102644,2,132,2.0,66.0,1,2,3,4,287,0.0
102661,1,55,2.0,55.0,1,1,2,2,626,1.0
102675,2,349,4.0,174.5,1,2,6,8,260,1.0
102678,12,1165,4.0,97.08333333333333,3,3,7,48,132,0.0
102697,1,166,4.0,166.0,1,2,2,4,479,0.0
102713,11,2217,6.818181818181818,201.54545454545453,4,4,14,75,71,0.7272727272727273
102727,1,157,7.0,157.0,1,1,5,7,588,1.0
102745,1,138,4.0,138.0,1,1,3,4,617,1.0
102767,3,346,4.333333333333333,115.33333333333333,1,2,6,13,148,0.0
102769,4,550,3.25,137.5,1,4,6,13,134,1.0
102786,7,727,4.285714285714286,103.85714285714286,2,4,7,30,141,0.8571428571428571
102818,1,138,5.0,138.0,1,2,3,5,406,1.0
102827,1,265,6.0,265.0,1,3,6,6,714,1.0
102868,2,199,4.5,99.5,2,2,5,9,53,0.5
102888,5,666,4.6,133.2,2,3,9,23,191,0.8
102907,2,164,4.0,82.0,1,1,2,8,55,1.0
102931,5,521,3.4,104.2,4,3,8,17,105,0.0
103036,3,306,3.6666666666666665,102.0,2,3,8,11,280,0.6666666666666666
103042,2,154,2.5,77.0,1,2,4,5,234,0.0
103068,3,176,2.6666666666666665,58.666666666666664,2,3,5,8,29,0.0
103081,1,71,2.0,71.0,1,1,2,2,323,0.0
103143,1,0,1.0,0.0,1,1,1,1,456,0.0
103150,5,740,4.4,148.0,2,3,7,22,34,0.0
103161,1,89,3.0,89.0,1,1,3,3,276,0.0
103172,1,72,2.0,72.0,1,1,2,2,246,0.0
103180,8,374,2.25,46.75,4,4,9,18,150,0.5
103212,1,90,4.0,90.0,1,2,3,4,451,1.0
103225,3,329,3.6666666666666665,109.66666666666667,2,3,7,11,34,0.0
103231,2,173,4.5,86.5,1,2,4,9,574,1.0
103239,2,95,1.5,47.5,1,2,3,3,402,0.0
103272,1,276,6.0,276.0,1,1,3,6,99,0.0
103336,4,166,1.5,41.5,3,3,4,6,140,0.0
103342,1,130,4.0,130.0,1,2,3,4,639,0.0
103350,2,256,4.0,128.0,1,1,3,8,136,1.0
103352,1,62,2.0,62.0,1,1,2,2,416,0.0
103360,1,84,2.0,84.0,1,1,2,2,527,0.0
103368,1,362,10.0,362.0,1,1,3,10,505,1.0
103374,1,104,2.0,104.0,1,1,2,2,619,0.0
103402,2,130,3.0,65.0,1,2,4,6,64,1.0
103423,14,834,2.642857142857143,59.57142857142857,1,4,9,37,51,0.0
103431,1,117,5.0,117.0,1,2,2,5,721,0.0
103456,1,76,2.0,76.0,1,1,2,2,703,0.0
103467,2,106,1.5,53.0,1,1,3,3,189,0.0
103468,1,172,4.0,172.0,1,1,1,4,462,0.0
103475,1,38,1.0,38.0,1,1,1,1,400,1.0
103520,5,611,4.4,122.2,2,4,12,22,146,0.0
103541,1,63,2.0,63.0,1,1,2,2,595,0.0
103568,15,1044,2.8666666666666667,69.6,2,4,11,43,37,0.0
103571,6,705,5.0,117.5,1,4,10,30,92,0.0
103592,7,410,2.5714285714285716,58.57142857142857,1,3,7,18,193,1.0
103600,2,118,2.5,59.0,1,2,3,5,318,0.0
103617,2,22,1.0,11.0,1,2,2,2,698,0.0
103646,10,596,2.5,59.6,2,3,8,25,116,0.0
103653,6,418,2.3333333333333335,69.66666666666667,2,3,7,14,231,0.0
103657,5,747,6.0,149.4,2,3,9,30,65,0.0
103685,2,224,3.5,112.0,1,2,7,7,616,0.0
103690,1,77,2.0,77.0,1,1,1,2,192,0.0
103714,9,971,3.6666666666666665,107.88888888888889,1,4,7,33,85,1.0
103761,1,46,2.0,46.0,1,2,2,2,353,1.0
103767,1,27,1.0,27.0,1,1,1,1,230,0.0
103768,16,1207,3.1875,75.4375,3,3,9,51,6,0.25
103792,4,328,3.75,82.0,1,4,8,15,44,1.0
103794,1,129,3.0,129.0,1,3,3,3,702,1.0
103841,5,282,2.0,56.4,1,3,4,10,297,1.0
103846,3,301,3.0,100.33333333333333,2,2,4,9,337,0.6666666666666666
103869,4,243,1.75,60.75,1,2,5,7,120,1.0
103877,1,178,6.0,178.0,1,1,3,6,728,0.0
103881,4,310,2.0,77.5,1,3,4,8,70,1.0
103885,4,334,3.75,83.5,1,3,7,15,165,1.0
103959,2,280,4.0,140.0,1,3,4,8,340,1.0
103989,2,182,3.0,91.0,1,1,4,6,530,1.0
104015,4,304,3.75,76.0,3,3,7,15,167,0.0
104044,5,486,2.8,97.2,1,3,6,14,37,1.0
104045,6,512,3.3333333333333335,85.33333333333333,3,4,11,20,9,0.5
104106,7,505,2.857142857142857,72.14285714285714,1,4,10,20,114,1.0
104115,6,518,3.6666666666666665,86.33333333333333,3,4,9,22,51,0.6666666666666666
104171,5,239,2.2,47.8,1,3,6,11,212,1.0
104176,1,79,4.0,79.0,1,1,4,4,354,1.0
104207,5,589,4.2,117.8,3,4,9,21,81,0.2
104220,3,376,4.333333333333333,125.33333333333333,1,3,6,13,511,1.0
104228,2,162,2.0,81.0,1,2,3,4,445,0.0
104239,4,679,4.75,169.75,1,3,10,19,20,1.0
104279,1,58,3.0,58.0,1,1,1,3,88,1.0
104338,3,220,2.0,73.33333333333333,1,2,5,6,105,0.0
104352,2,191,3.0,95.5,1,3,5,6,212,1.0
104367,3,260,3.3333333333333335,86.66666666666667,1,3,6,10,76,1.0
104381,1,94,3.0,94.0,1,1,2,3,499,1.0
104393,6,641,3.3333333333333335,106.83333333333333,1,3,8,20,88,1.0
104401,2,218,3.0,109.0,1,2,5,6,420,0.0
104427,8,576,2.75,72.0,2,3,6,22,234,0.0
104428,9,970,3.7777777777777777,107.77777777777777,1,4,12,34,34,1.0
104445,5,288,2.0,57.6,2,4,5,10,406,0.0
104446,4,225,2.25,56.25,1,2,6,9,504,1.0
104451,6,527,3.5,87.83333333333333,1,3,8,21,120,1.0
104478,4,726,6.25,181.5,1,2,7,25,66,1.0
104505,3,357,4.0,119.0,1,3,7,12,500,0.0
104527,4,504,3.5,126.0,3,4,8,14,72,0.5
104559,2,227,3.5,113.5,1,2,4,7,231,1.0
104575,1,126,4.0,126.0,1,2,3,4,449,1.0
104583,1,161,4.0,161.0,1,1,1,4,90,1.0
104595,21,2140,4.0,101.9047619047619,1,4,13,84,0,1.0
104600,3,468,6.666666666666667,156.0,1,3,8,20,108,1.0
104604,29,1635,2.1724137931034484,56.37931034482759,1,4,15,63,3,1.0
104621,6,500,3.0,83.33333333333333,2,4,9,18,27,0.3333333333333333
104622,7,538,3.2857142857142856,76.85714285714286,1,3,8,23,8,0.0
104668,1,0,1.0,0.0,1,1,1,1,696,1.0
104672,3,222,1.6666666666666667,74.0,3,1,1,5,34,0.0
104691,8,931,4.125,116.375,1,2,9,33,42,1.0
104704,2,155,3.0,77.5,1,2,5,6,438,1.0
104712,7,453,3.4285714285714284,64.71428571428571,1,4,8,24,41,1.0
104714,5,646,4.8,129.2,3,3,8,24,20,0.0
104740,7,802,5.571428571428571,114.57142857142857,1,4,11,39,38,1.0
104794,2,79,1.5,39.5,2,2,2,3,707,0.5
104821,1,152,4.0,152.0,1,1,1,4,420,1.0
104844,1,62,2.0,62.0,1,1,2,2,255,1.0
104875,3,217,2.0,72.33333333333333,2,2,5,6,93,0.3333333333333333
104881,4,379,3.25,94.75,1,3,8,13,234,1.0
104889,3,377,4.333333333333333,125.66666666666667,1,3,8,13,44,1.0
104921,10,1040,3.7,104.0,3,3,8,37,17,0.0
104933,4,267,2.75,66.75,2,2,7,11,495,0.25
104940,1,75,6.0,75.0,1,2,4,6,675,0.0
104986,1,161,5.0,161.0,1,1,3,5,169,1.0
104993,4,341,2.5,85.25,1,2,5,10,50,1.0
105000,2,127,2.0,63.5,1,1,3,4,61,1.0
105014,1,91,3.0,91.0,1,1,2,3,1,1.0
105019,1,296,8.0,296.0,1,2,4,8,704,1.0
105031,8,698,2.5,87.25,3,3,8,20,143,0.625
105040,1,67,2.0,67.0,1,1,2,2,497,1.0
105046,1,0,1.0,0.0,1,1,1,1,71,1.0
105070,1,46,1.0,46.0,1,1,1,1,430,1.0
105101,2,197,3.0,98.5,2,2,4,6,310,0.0
105106,1,178,6.0,178.0,1,2,5,6,515,1.0
105113,3,432,5.0,144.0,1,2,6,15,204,0.0
105114,1,158,5.0,158.0,1,2,5,5,260,1.0
105116,7,906,5.0,129.42857142857142,4,3,10,35,69,0.14285714285714285
105165,9,489,2.888888888888889,54.333333333333336,1,3,8,26,232,1.0
105186,4,786,5.75,196.5,1,4,8,23,167,0.0
105216,3,398,5.333333333333333,132.66666666666666,2,4,6,16,104,0.6666666666666666
105232,21,1443,2.9047619047619047,68.71428571428571,1,4,13,61,27,1.0
105237,6,617,4.5,102.83333333333333,3,3,10,27,217,0.0
105293,1,50,2.0,50.0,1,1,1,2,402,1.0
105321,2,37,1.5,18.5,1,2,2,3,680,1.0
105354,7,380,1.8571428571428572,54.285714285714285,1,4,7,13,76,1.0
105402,1,73,2.0,73.0,1,1,2,2,375,0.0
105414,1,69,1.0,69.0,1,1,1,1,455,1.0
105427,1,52,2.0,52.0,1,1,2,2,576,0.0
105451,1,0,1.0,0.0,1,1,1,1,700,0.0
105467,7,463,2.857142857142857,66.14285714285714,3,2,6,20,208,0.0
105475,4,132,2.0,33.0,1,3,5,8,196,1.0
105499,2,129,1.5,64.5,1,1,1,3,403,1.0
105511,5,333,2.0,66.6,5,4,5,10,113,0.0
105532,6,333,2.1666666666666665,55.5,1,4,7,13,67,1.0
105574,1,133,2.0,133.0,1,2,2,2,623,1.0
105580,1,115,3.0,115.0,1,1,2,3,7,1.0
105592,3,188,2.3333333333333335,62.666666666666664,1,1,3,7,305,1.0
105628,2,116,2.0,58.0,1,2,4,4,22,1.0
105635,2,165,2.5,82.5,1,1,2,5,99,1.0
105641,3,223,3.0,74.33333333333333,1,2,4,9,69,1.0
105655,3,301,2.6666666666666665,100.33333333333333,1,2,5,8,13,0.0
105662,1,138,4.0,138.0,1,1,2,4,534,1.0
105688,1,76,4.0,76.0,1,2,3,4,504,0.0
105692,1,0,1.0,0.0,1,1,1,1,504,1.0
105697,4,323,2.5,80.75,4,1,4,10,203,0.0
105750,5,313,3.0,62.6,2,3,5,15,25,0.8
105753,2,132,2.0,66.0,1,3,3,4,51,0.0
105789,9,1083,4.222222222222222,120.33333333333333,2,4,12,38,52,0.7777777777777778
105846,5,550,3.2,110.0,2,3,8,16,153,0.4
105847,5,456,2.8,91.2,1,3,6,14,182,0.0
105875,2,133,1.5,66.5,1,2,3,3,41,1.0
105891,29,2003,2.7241379310344827,69.06896551724138,2,4,13,79,0,0.9655172413793104
105893,1,74,3.0,74.0,1,2,3,3,207,0.0
105900,1,78,2.0,78.0,1,1,2,2,1,0.0
105901,5,446,4.2,89.2,1,4,11,21,87,1.0
105923,7,316,2.2857142857142856,45.142857142857146,2,3,6,16,71,0.2857142857142857
105936,11,876,3.909090909090909,79.63636363636364,1,4,11,43,36,0.0
105958,6,749,4.166666666666667,124.83333333333333,1,4,6,25,233,1.0
105965,5,231,2.2,46.2,2,3,5,11,158,0.0
105984,9,595,2.7777777777777777,66.11111111111111,4,4,9,25,35,0.5555555555555556
105997,1,115,4.0,115.0,1,1,4,4,591,1.0
106038,1,0,1.0,0.0,1,1,1,1,681,0.0
106073,7,566,2.4285714285714284,80.85714285714286,2,4,9,17,66,0.8571428571428571
106091,13,1147,4.384615384615385,88.23076923076923,5,4,11,57,107,0.07692307692307693
106187,2,163,2.5,81.5,1,2,3,5,291,1.0
106195,7,415,2.142857142857143,59.285714285714285,1,3,9,15,50,1.0
106206,1,105,3.0,105.0,1,1,3,3,273,1.0
106216,2,96,1.5,48.0,1,2,3,3,163,1.0
106283,2,216,3.0,108.0,1,2,5,6,270,1.0
106294,1,67,2.0,67.0,1,1,2,2,690,1.0
106296,1,79,3.0,79.0,1,1,2,3,63,0.0
106302,1,67,2.0,67.0,1,2,2,2,679,1.0
106304,6,388,2.0,64.66666666666667,1,3,7,12,105,1.0
106306,1,70,3.0,70.0,1,1,3,3,58,0.0
106312,2,150,2.0,75.0,2,1,2,4,388,0.0
106334,2,264,6.0,132.0,2,4,6,12,570,0.5
106348,2,125,1.5,62.5,2,2,3,3,309,0.0
106351,21,1459,3.7142857142857144,69.47619047619048,1,4,12,78,38,1.0
106368,1,126,4.0,126.0,1,1,3,4,306,1.0
106378,1,88,3.0,88.0,1,1,3,3,357,1.0
106390,3,212,4.0,70.66666666666667,2,3,7,12,561,0.6666666666666666
106419,4,290,2.5,72.5,3,3,6,10,416,0.5
106441,4,367,3.75,91.75,1,2,5,15,39,1.0
106446,1,162,5.0,162.0,1,1,3,5,344,1.0
106472,2,214,4.0,107.0,1,2,5,8,29,0.0
106481,7,656,4.428571428571429,93.71428571428571,3,2,6,31,167,0.0
106483,2,123,2.0,61.5,1,1,4,4,336,1.0
106512,3,296,3.6666666666666665,98.66666666666667,1,3,6,11,327,1.0
106519,8,575,3.125,71.875,2,3,8,25,63,0.875
106524,2,212,3.5,106.0,2,2,6,7,31,0.5
106531,1,29,1.0,29.0,1,1,1,1,619,0.0
106542,8,609,2.875,76.125,1,2,7,23,58,1.0
106548,4,278,2.75,69.5,1,2,8,11,198,0.0
106553,8,2257,9.875,282.125,1,4,13,79,88,1.0
106577,11,1044,3.727272727272727,94.9090909090909,3,4,10,41,36,0.09090909090909091
106588,4,465,2.5,116.25,1,2,6,10,198,1.0
106592,1,46,2.0,46.0,1,1,2,2,57,0.0
106613,11,721,3.272727272727273,65.54545454545455,1,4,11,36,34,0.0
106615,18,1333,3.2222222222222223,74.05555555555556,1,4,13,58,30,0.0
106626,7,397,2.142857142857143,56.714285714285715,2,2,6,15,15,0.7142857142857143
106650,7,651,3.5714285714285716,93.0,1,4,9,25,65,1.0
106662,8,475,2.0,59.375,3,2,7,16,141,0.25
106663,28,1485,2.8214285714285716,53.035714285714285,2,4,14,79,0,0.7857142857142857
106664,13,423,2.0,32.53846153846154,3,4,8,26,37,0.5384615384615384
106670,1,119,3.0,119.0,1,1,2,3,450,1.0
106697,3,181,2.0,60.333333333333336,2,2,4,6,264,0.0
106719,1,76,2.0,76.0,1,1,2,2,448,1.0
106742,9,1085,4.888888888888889,120.55555555555556,3,4,13,44,116,0.3333333333333333
106756,1,32,1.0,32.0,1,1,1,1,589,0.0
106760,5,397,2.4,79.4,1,3,4,12,85,1.0
106764,5,1102,8.0,220.4,1,4,13,40,97,0.0
106768,1,167,6.0,167.0,1,1,5,6,589,1.0
106769,3,110,1.0,36.666666666666664,1,2,2,3,233,1.0
106773,1,115,3.0,115.0,1,1,3,3,567,0.0
106802,4,240,2.25,60.0,1,3,5,9,407,0.0
106825,6,415,2.5,69.16666666666667,2,4,8,15,238,0.8333333333333334
106866,4,344,3.0,86.0,1,3,6,12,119,0.0
106885,6,882,5.5,147.0,1,4,12,33,90,1.0
106907,14,1184,3.7142857142857144,84.57142857142857,1,2,8,52,72,1.0
106913,10,1044,4.2,104.4,1,3,6,42,36,1.0
106930,4,222,2.0,55.5,2,1,3,8,87,0.75
106931,1,55,4.0,55.0,1,2,3,4,718,1.0
106939,3,673,7.0,224.33333333333334,1,3,8,21,44,0.0
106990,7,555,3.142857142857143,79.28571428571429,1,2,5,22,203,1.0
106998,1,311,10.0,311.0,1,3,6,10,311,1.0
107002,1,0,1.0,0.0,1,1,1,1,679,1.0
107023,10,794,2.6,79.4,1,3,8,26,22,1.0
107043,1,97,4.0,97.0,1,2,2,4,700,1.0
107073,3,552,6.0,184.0,3,2,4,18,233,0.3333333333333333
107089,2,114,1.5,57.0,1,2,3,3,143,1.0
107101,1,171,6.0,171.0,1,1,2,6,231,1.0
107157,4,278,3.25,69.5,1,2,5,13,183,1.0
107177,6,1788,11.166666666666666,298.0,2,4,12,67,37,0.6666666666666666
107187,4,208,1.75,52.0,1,2,3,7,199,1.0
107197,16,1783,4.125,111.4375,2,4,14,66,62,0.9375
107222,17,1167,3.0588235294117645,68.6470588235294,6,4,9,52,69,0.17647058823529413
107332,2,88,1.0,44.0,2,2,2,2,100,0.5
107338,23,788,2.3043478260869565,34.26086956521739,1,4,8,53,38,1.0
107364,2,200,3.0,100.0,1,3,4,6,259,0.0
107376,1,65,1.0,65.0,1,1,1,1,420,1.0
107403,1,258,4.0,258.0,1,2,3,4,115,0.0
107419,18,2076,4.777777777777778,115.33333333333333,1,4,15,86,24,1.0
107422,3,175,2.0,58.333333333333336,1,1,2,6,154,1.0
107428,7,714,4.428571428571429,102.0,2,3,7,31,106,0.8571428571428571
107457,4,308,3.5,77.0,2,2,6,14,331,0.75
107497,1,151,6.0,151.0,1,3,6,6,535,1.0
107505,12,914,3.8333333333333335,76.16666666666667,2,3,10,46,69,0.9166666666666666
107531,5,349,2.2,69.8,3,2,7,11,23,0.0
107546,1,68,4.0,68.0,1,2,4,4,364,1.0
107584,6,1063,5.333333333333333,177.16666666666666,1,4,8,32,109,1.0
107615,13,880,2.5384615384615383,67.6923076923077,1,2,8,33,234,1.0
107637,2,171,2.5,85.5,1,2,5,5,472,1.0
107644,7,469,2.0,67.0,3,2,6,14,53,0.7142857142857143
107648,2,324,6.0,162.0,2,1,6,12,65,0.0
107657,4,114,2.0,28.5,2,3,6,8,225,0.25
107662,4,387,4.0,96.75,2,3,6,16,81,0.0
107674,3,264,2.6666666666666665,88.0,1,3,5,8,140,0.0
107713,2,399,7.5,199.5,1,4,6,15,358,1.0
107767,2,343,4.0,171.5,1,3,6,8,145,0.0
107773,3,387,4.0,129.0,1,1,6,12,119,0.0
107811,2,82,2.0,41.0,2,2,2,4,161,0.5
107815,4,272,2.0,68.0,2,3,6,8,50,0.0
107843,7,931,6.714285714285714,133.0,2,3,8,47,63,0.8571428571428571
107862,2,204,3.0,102.0,1,1,4,6,295,0.0
107885,1,151,4.0,151.0,1,1,3,4,352,1.0
107923,22,1424,2.6363636363636362,64.72727272727273,1,4,10,58,31,1.0
107941,3,299,3.6666666666666665,99.66666666666667,1,2,5,11,106,0.0
107954,16,938,2.4375,58.625,1,4,11,39,7,1.0
107972,1,188,10.0,188.0,1,2,5,10,602,1.0
107988,2,114,2.0,57.0,2,1,2,4,34,0.5
107990,1,96,3.0,96.0,1,1,3,3,87,1.0
108009,2,215,3.5,107.5,1,3,4,7,28,0.0
108047,5,249,2.6,49.8,1,4,7,13,111,1.0
108060,2,218,3.5,109.0,1,3,6,7,217,1.0
108078,1,144,4.0,144.0,1,3,4,4,153,1.0
108083,9,642,3.2222222222222223,71.33333333333333,2,2,8,29,333,0.7777777777777778
108105,3,796,7.333333333333333,265.3333333333333,2,4,9,22,509,0.6666666666666666
108117,8,663,3.125,82.875,2,3,8,25,59,0.625
108125,3,188,2.6666666666666665,62.666666666666664,1,3,6,8,92,1.0
108149,6,709,5.333333333333333,118.16666666666667,1,4,13,32,32,1.0
108159,1,59,2.0,59.0,1,1,2,2,355,0.0
108226,1,67,2.0,67.0,1,2,2,2,581,1.0
108231,2,131,1.5,65.5,2,2,3,3,76,0.5
108246,8,1019,4.375,127.375,2,4,11,35,57,0.0
108269,7,954,5.142857142857143,136.28571428571428,3,2,8,36,210,0.7142857142857143
108279,16,903,2.5,56.4375,3,4,12,40,24,0.25
108303,14,1202,3.2857142857142856,85.85714285714286,3,4,12,46,30,0.0
108306,3,195,2.3333333333333335,65.0,1,2,4,7,31,1.0
108310,1,52,2.0,52.0,1,2,2,2,233,0.0
108338,9,695,2.888888888888889,77.22222222222223,5,3,8,26,17,0.0
108344,10,725,3.2,72.5,1,3,8,32,50,1.0
108410,4,357,3.0,89.25,3,2,5,12,71,0.0
108415,1,76,3.0,76.0,1,1,2,3,404,1.0
108439,7,534,3.142857142857143,76.28571428571429,1,2,7,22,39,1.0
108443,6,562,3.3333333333333335,93.66666666666667,1,3,8,20,6,1.0
108450,1,104,3.0,104.0,1,2,3,3,67,1.0
108483,9,346,1.7777777777777777,38.44444444444444,1,3,5,16,65,1.0
108503,6,549,3.1666666666666665,91.5,1,3,9,19,116,1.0
108513,5,181,1.6,36.2,2,2,5,8,162,0.2
108521,10,388,1.9,38.8,2,4,11,19,37,0.0
108530,11,1818,5.363636363636363,165.27272727272728,1,3,11,59,27,1.0
108572,15,1474,4.333333333333333,98.26666666666667,1,4,15,65,37,1.0
108605,3,186,2.3333333333333335,62.0,1,1,4,7,53,0.0
108611,1,64,2.0,64.0,1,1,2,2,709,1.0
108689,2,429,7.0,214.5,1,4,7,14,491,1.0
108732,3,559,5.666666666666667,186.33333333333334,3,3,8,17,143,0.0
108735,2,148,2.0,74.0,1,2,4,4,155,1.0
108788,4,714,5.25,178.5,2,1,6,21,165,0.0
108831,1,230,7.0,230.0,1,2,6,7,469,0.0
108907,1,95,2.0,95.0,1,1,1,2,598,1.0
108921,4,272,3.0,68.0,3,2,5,12,330,0.25
108923,6,411,3.5,68.5,2,3,7,21,58,0.5
108982,2,426,7.0,213.0,1,3,7,14,94,1.0
108990,13,1359,4.0,104.53846153846153,1,4,13,52,100,1.0
109019,2,183,3.5,91.5,1,1,5,7,434,0.0
109041,8,561,3.625,70.125,1,4,8,29,41,1.0
109042,9,997,5.0,110.77777777777777,1,4,13,45,71,1.0
109048,1,159,5.0,159.0,1,2,3,5,284,0.0
109095,4,287,2.5,71.75,1,2,5,10,179,1.0
109099,4,466,4.25,116.5,1,3,9,17,224,1.0
109100,2,281,3.5,140.5,1,2,3,7,133,1.0
109104,11,937,3.272727272727273,85.18181818181819,4,4,12,36,42,0.36363636363636365
109105,9,1168,5.0,129.77777777777777,2,3,9,45,108,0.0
109142,20,1615,3.05,80.75,2,4,11,61,0,0.8
109149,2,460,5.5,230.0,1,3,7,11,129,1.0
109161,22,1384,2.5454545454545454,62.90909090909091,6,4,13,56,149,0.09090909090909091
109170,6,532,3.5,88.66666666666667,1,2,4,21,253,1.0
109172,6,1100,6.5,183.33333333333334,1,4,10,39,114,1.0
109179,4,251,3.5,62.75,1,2,4,14,483,1.0
109186,14,1226,3.857142857142857,87.57142857142857,2,2,5,54,7,0.5714285714285714
109193,5,408,2.8,81.6,2,2,6,14,55,0.0
109205,1,60,2.0,60.0,1,1,2,2,623,0.0
109215,1,64,2.0,64.0,1,1,1,2,696,1.0
109216,4,251,2.0,62.75,1,1,6,8,388,1.0
109238,2,205,3.0,102.5,2,3,4,6,21,0.5
109266,4,267,2.25,66.75,1,2,5,9,35,1.0
109318,20,1821,3.45,91.05,5,4,13,69,21,0.0
109324,5,203,1.6,40.6,1,4,5,8,90,1.0
109339,1,112,3.0,112.0,1,2,2,3,222,0.0
109368,2,180,3.0,90.0,2,2,4,6,38,0.5
109372,6,645,3.3333333333333335,107.5,2,3,9,20,141,0.0
109377,30,2555,3.3,85.16666666666667,5,4,13,99,3,0.5333333333333333
109401,11,886,2.5454545454545454,80.54545454545455,1,4,12,28,37,1.0
109411,1,25,1.0,25.0,1,1,1,1,521,0.0
109413,2,135,2.0,67.5,2,1,4,4,183,0.0
109421,2,165,2.0,82.5,2,2,3,4,107,0.5
109422,8,1001,5.0,125.125,1,4,10,40,139,1.0
109455,2,265,4.0,132.5,1,2,4,8,28,1.0
109458,5,513,3.4,102.6,1,4,6,17,133,1.0
109485,3,560,6.666666666666667,186.66666666666666,1,3,8,20,137,1.0
109506,2,90,1.0,45.0,1,2,2,2,6,1.0
109523,2,150,4.0,75.0,1,2,5,8,417,1.0
109548,8,397,3.0,49.625,1,3,8,24,15,1.0
109555,15,920,2.4,61.333333333333336,4,4,8,36,1,0.6666666666666666
109581,19,1807,3.9473684210526314,95.10526315789474,4,4,12,75,18,0.0
109614,2,84,2.0,42.0,1,2,4,4,273,1.0
109625,1,113,3.0,113.0,1,1,2,3,86,1.0
109627,3,118,2.3333333333333335,39.333333333333336,2,2,4,7,421,0.3333333333333333
109636,5,369,2.4,73.8,3,2,7,12,245,0.0
109638,2,125,2.5,62.5,1,2,4,5,562,0.0
109655,7,538,2.142857142857143,76.85714285714286,2,2,6,15,146,0.0
109672,2,331,4.0,165.5,1,1,2,8,126,1.0
109686,1,72,2.0,72.0,1,1,2,2,702,1.0
109687,2,184,3.0,92.0,1,3,5,6,417,1.0
109693,6,556,3.5,92.66666666666667,3,3,7,21,45,0.5
109707,1,364,10.0,364.0,1,2,5,10,706,0.0
109728,1,40,2.0,40.0,1,1,1,2,662,1.0
109735,1,156,6.0,156.0,1,2,4,6,428,1.0
109739,1,94,3.0,94.0,1,1,2,3,632,1.0
109740,4,313,2.75,78.25,1,2,8,11,139,1.0
109743,2,232,5.5,116.0,1,2,4,11,457,1.0
109784,12,1013,3.25,84.41666666666667,2,4,11,39,17,0.5833333333333334
109814,4,282,2.75,70.5,3,2,5,11,247,0.5
109851,2,190,2.5,95.0,1,2,4,5,459,0.0
109885,2,186,3.0,93.0,1,2,5,6,291,1.0
109918,10,1338,5.4,133.8,2,4,8,54,43,0.6
109934,1,52,2.0,52.0,1,1,1,2,407,1.0
109943,1,117,4.0,117.0,1,2,4,4,472,0.0
109947,2,66,1.5,33.0,1,1,3,3,407,1.0
109948,4,488,4.0,122.0,2,3,7,16,428,0.75
109963,1,54,2.0,54.0,1,1,2,2,596,1.0
109983,6,632,4.333333333333333,105.33333333333333,3,3,9,26,239,0.3333333333333333
109984,7,642,5.0,91.71428571428571,3,2,7,35,167,0.14285714285714285
110032,1,139,3.0,139.0,1,2,3,3,617,1.0
110089,4,280,2.5,70.0,1,2,7,10,63,1.0
110134,2,258,4.0,129.0,1,2,4,8,20,1.0
110149,2,131,3.0,65.5,1,2,5,6,439,1.0
110155,2,145,4.5,72.5,1,3,5,9,97,1.0
110159,1,56,2.0,56.0,1,1,2,2,420,1.0
110165,8,682,3.625,85.25,2,4,7,29,15,0.875
110167,1,82,2.0,82.0,1,1,1,2,34,1.0
110168,3,257,2.3333333333333335,85.66666666666667,1,1,2,7,1,1.0
110188,1,69,1.0,69.0,1,1,1,1,444,0.0
110238,7,576,3.857142857142857,82.28571428571429,2,4,9,27,15,0.0
110257,3,159,2.6666666666666665,53.0,2,3,7,8,48,0.3333333333333333
110258,2,194,3.0,97.0,2,1,3,6,276,0.5
110261,9,827,4.666666666666667,91.88888888888889,1,3,9,42,426,1.0
110294,6,505,3.3333333333333335,84.16666666666667,2,3,7,20,38,0.0
110304,6,487,2.6666666666666665,81.16666666666667,2,4,10,16,111,0.0
110328,1,96,4.0,96.0,1,3,4,4,149,0.0
110339,1,33,1.0,33.0,1,1,1,1,619,0.0
110343,4,267,1.75,66.75,2,2,3,7,177,0.25
110386,5,414,2.6,82.8,3,3,6,13,136,0.4
110425,1,167,4.0,167.0,1,1,4,4,20,0.0
110443,1,111,4.0,111.0,1,1,3,4,24,1.0
110447,1,32,2.0,32.0,1,1,1,2,434,1.0
110454,2,230,3.5,115.0,2,3,6,7,528,0.5
110472,13,941,2.3076923076923075,72.38461538461539,1,4,8,30,80,1.0
110489,18,977,2.5555555555555554,54.27777777777778,4,4,11,46,36,0.2777777777777778
110492,2,161,2.0,80.5,1,2,4,4,119,0.0
110572,1,142,3.0,142.0,1,1,2,3,298,1.0
110576,3,388,5.333333333333333,129.33333333333334,1,3,5,16,174,0.0
110579,5,304,2.6,60.8,1,2,8,13,10,0.0
110588,2,197,4.0,98.5,2,1,5,8,21,0.0
110597,1,124,4.0,124.0,1,2,4,4,557,0.0
110603,1,221,7.0,221.0,1,1,6,7,376,1.0
110670,1,81,2.0,81.0,1,1,1,2,115,0.0
110710,5,213,2.2,42.6,1,2,4,11,234,1.0
110714,5,478,3.2,95.6,1,3,11,16,107,1.0
110743,9,710,3.4444444444444446,78.88888888888889,1,3,8,30,9,0.0
110773,1,59,1.0,59.0,1,1,1,1,212,1.0
110799,4,496,4.25,124.0,1,4,10,17,133,1.0
110809,11,473,1.8181818181818181,43.0,3,4,7,20,41,0.6363636363636364
110813,2,213,4.5,106.5,1,2,4,9,247,0.0
110828,1,0,1.0,0.0,1,1,1,1,609,0.0
110833,7,674,4.714285714285714,96.28571428571429,1,2,8,33,58,1.0
110878,1,35,1.0,35.0,1,1,1,1,653,1.0
110879,3,388,4.333333333333333,129.33333333333334,2,3,5,13,338,0.3333333333333333
110883,9,616,2.888888888888889,68.44444444444444,1,3,9,26,134,1.0
110902,18,968,2.7777777777777777,53.77777777777778,2,4,11,50,51,0.6111111111111112
110903,1,130,5.0,130.0,1,2,2,5,128,1.0
110911,1,71,2.0,71.0,1,1,2,2,634,1.0
110945,16,1639,4.3125,102.4375,2,4,14,69,60,0.75
110946,3,455,4.666666666666667,151.66666666666666,1,4,7,14,93,1.0
110950,4,292,2.0,73.0,1,1,3,8,595,1.0
110951,4,302,2.25,75.5,2,2,6,9,95,0.0
110954,3,251,3.0,83.66666666666667,1,3,7,9,347,1.0
110968,2,173,2.5,86.5,1,2,4,5,260,1.0
110977,1,500,12.0,500.0,1,1,2,12,704,1.0
110980,1,88,3.0,88.0,1,2,2,3,149,1.0
110991,13,1267,3.769230769230769,97.46153846153847,2,4,11,49,100,0.9230769230769231
110997,16,453,1.75,28.3125,5,3,8,28,50,0.625
111010,1,130,2.0,130.0,1,1,1,2,626,1.0
111013,4,384,2.5,96.0,1,3,7,10,109,1.0
111053,16,1313,2.8125,82.0625,2,4,12,45,197,0.9375
111067,1,44,2.0,44.0,1,1,2,2,64,0.0
111083,1,202,6.0,202.0,1,1,2,6,637,1.0
111087,3,255,3.0,85.0,3,2,6,9,64,0.0
111118,2,249,4.0,124.5,2,1,4,8,50,0.0
111121,2,411,5.5,205.5,1,2,7,11,324,0.0
111125,1,107,3.0,107.0,1,1,2,3,80,1.0
111131,14,1241,3.2142857142857144,88.64285714285714,5,4,12,45,51,0.0
111154,10,878,4.0,87.8,1,4,10,40,2,1.0
111165,5,501,2.6,100.2,2,3,5,13,135,0.0
111173,4,364,2.75,91.0,1,3,6,11,56,1.0
111182,1,114,3.0,114.0,1,1,2,3,139,0.0
111210,4,310,3.0,77.5,1,2,5,12,95,0.0
111215,3,110,1.6666666666666667,36.666666666666664,1,2,4,5,59,1.0
111219,7,462,2.0,66.0,1,3,7,14,63,1.0
111254,25,2285,3.32,91.4,3,4,14,83,48,0.92
111283,13,1008,3.1538461538461537,77.53846153846153,1,4,14,41,36,1.0
111316,1,29,1.0,29.0,1,1,1,1,196,0.0
111361,1,115,4.0,115.0,1,1,1,4,48,0.0
111420,1,86,2.0,86.0,1,1,1,2,139,0.0
111428,2,205,2.0,102.5,1,2,3,4,49,1.0
111438,2,94,2.0,47.0,1,1,2,4,1,1.0
111450,10,877,3.5,87.7,5,4,11,35,55,0.1
111451,1,64,2.0,64.0,1,1,1,2,682,0.0
111473,5,276,2.2,55.2,2,3,6,11,20,0.4
111483,15,906,2.6666666666666665,60.4,3,4,11,40,39,0.0
111491,4,355,2.25,88.75,2,3,8,9,196,0.5
111517,1,64,2.0,64.0,1,1,2,2,464,1.0
111542,2,112,5.0,56.0,2,2,4,10,429,0.0
111543,5,681,5.2,136.2,2,3,9,26,51,0.6
111560,8,973,3.625,121.625,3,4,10,29,37,0.0
111572,2,143,2.0,71.5,1,2,4,4,52,1.0
111577,4,430,3.0,107.5,2,2,8,12,168,0.75
111578,2,109,1.5,54.5,1,1,3,3,610,1.0
111583,2,27,1.0,13.5,1,1,1,2,156,1.0
111585,5,224,2.6,44.8,2,3,5,13,162,0.0
111601,11,543,2.1818181818181817,49.36363636363637,1,3,6,24,71,1.0
111629,1,175,4.0,175.0,1,1,3,4,125,1.0
111679,1,84,2.0,84.0,1,1,1,2,65,0.0
111684,1,64,2.0,64.0,1,1,2,2,424,1.0
111749,1,60,2.0,60.0,1,1,2,2,693,1.0
111760,2,178,3.0,89.0,1,1,2,6,213,1.0
111817,1,55,2.0,55.0,1,2,2,2,203,0.0
111829,2,200,4.5,100.0,1,3,5,9,543,0.0
111837,2,293,4.0,146.5,1,3,5,8,254,0.0
111850,1,71,2.0,71.0,1,2,2,2,153,0.0
111856,1,68,2.0,68.0,1,1,2,2,623,1.0
111872,1,30,2.0,30.0,1,1,2,2,416,1.0
111893,5,344,1.6,68.8,1,2,4,8,97,1.0
111923,1,77,2.0,77.0,1,2,2,2,497,1.0
111932,1,199,6.0,199.0,1,1,4,6,401,0.0
111963,14,1064,3.0,76.0,1,4,12,42,6,1.0
111977,1,39,1.0,39.0,1,1,1,1,21,1.0
111986,1,95,3.0,95.0,1,1,2,3,556,1.0
111996,2,162,3.0,81.0,1,1,4,6,108,0.0
112013,2,330,5.0,165.0,1,3,5,10,6,1.0
112050,4,618,6.0,154.5,3,4,7,24,319,0.5
112105,22,4404,7.045454545454546,200.1818181818182,2,4,14,155,60,0.9545454545454546
112129,8,541,2.375,67.625,1,4,7,19,107,1.0
112138,2,269,4.0,134.5,1,1,4,8,31,1.0
112141,2,202,3.5,101.0,1,1,5,7,598,1.0
112147,12,1205,3.3333333333333335,100.41666666666667,1,4,14,40,0,1.0
112153,4,394,3.75,98.5,1,2,4,15,224,1.0
112167,7,841,4.0,120.14285714285714,2,2,7,28,52,0.14285714285714285
112186,2,119,2.0,59.5,1,2,4,4,34,0.0
112233,1,94,2.0,94.0,1,1,2,2,621,1.0
112279,1,75,8.0,75.0,1,2,4,8,679,1.0
112292,4,382,3.75,95.5,1,4,8,15,100,1.0
112319,2,334,4.0,167.0,1,2,5,8,114,0.0
112347,2,70,1.0,35.0,1,1,1,2,406,1.0
112358,8,799,3.625,99.875,1,4,11,29,8,0.0
112373,8,646,3.5,80.75,1,3,9,28,39,1.0
112397,20,1807,3.15,90.35,1,4,13,63,32,1.0
112404,3,235,1.6666666666666667,78.33333333333333,1,2,4,5,617,1.0
112442,5,389,3.0,77.8,2,4,10,15,71,0.0
112447,1,104,3.0,104.0,1,1,1,3,224,0.0
112486,1,113,3.0,113.0,1,1,2,3,260,0.0
112487,4,374,3.0,93.5,1,2,6,12,37,1.0
112509,7,508,3.7142857142857144,72.57142857142857,1,4,9,26,83,1.0
112517,3,256,2.6666666666666665,85.33333333333333,1,2,6,8,2,1.0
112560,1,36,1.0,36.0,1,1,1,1,680,1.0
112584,6,365,3.0,60.833333333333336,3,2,7,18,429,0.5
112592,1,103,3.0,103.0,1,1,2,3,618,1.0
112602,9,512,2.111111111111111,56.888888888888886,2,4,10,19,114,0.4444444444444444
112642,5,368,2.0,73.6,1,3,7,10,1,1.0
112664,2,220,3.0,110.0,2,2,3,6,485,0.5
112677,3,265,2.6666666666666665,88.33333333333333,1,1,4,8,183,1.0
112685,3,148,1.6666666666666667,49.333333333333336,3,2,3,5,23,0.3333333333333333
112692,7,711,3.5714285714285716,101.57142857142857,1,4,8,25,36,1.0
112702,7,288,1.5714285714285714,41.142857142857146,2,3,6,11,171,0.2857142857142857
112726,1,38,2.0,38.0,1,2,2,2,36,1.0
112740,2,274,4.5,137.0,1,3,5,9,213,0.0
112770,1,81,2.0,81.0,1,1,2,2,52,0.0
112794,2,229,4.0,114.5,1,2,3,8,456,1.0
112812,4,572,3.75,143.0,1,4,6,15,51,1.0
112822,8,840,2.375,105.0,3,4,8,19,94,0.25
112843,11,893,3.272727272727273,81.18181818181819,2,4,12,36,65,0.8181818181818182
112864,4,353,3.5,88.25,1,3,6,14,57,1.0
112874,2,130,2.5,65.0,2,2,4,5,63,0.5
112892,3,414,5.666666666666667,138.0,2,4,9,17,196,0.3333333333333333
112899,8,636,3.0,79.5,1,3,8,24,140,1.0
112901,14,534,2.4285714285714284,38.142857142857146,1,4,10,34,32,0.0
112906,4,209,2.0,52.25,1,3,5,8,234,1.0
112913,2,71,2.0,35.5,2,2,3,4,682,0.0
112924,1,88,2.0,88.0,1,1,2,2,487,1.0
112927,2,236,3.0,118.0,1,2,3,6,113,1.0
112980,3,212,2.3333333333333335,70.66666666666667,1,2,5,7,92,1.0
112985,7,618,3.2857142857142856,88.28571428571429,3,4,9,23,41,0.5714285714285714
112991,1,118,4.0,118.0,1,1,3,4,666,0.0
112993,19,1200,2.263157894736842,63.1578947368421,3,4,14,43,34,0.7894736842105263
112996,1,75,2.0,75.0,1,2,2,2,366,1.0
113031,3,519,6.333333333333333,173.0,1,3,9,19,32,1.0
113035,3,441,4.333333333333333,147.0,2,4,7,13,111,0.0
113037,13,742,2.6923076923076925,57.07692307692308,4,3,7,35,13,0.07692307692307693
113049,1,51,2.0,51.0,1,1,2,2,207,0.0
113056,3,205,2.6666666666666665,68.33333333333333,2,3,7,8,55,0.0
113074,8,549,4.125,68.625,3,4,11,33,69,0.125
113078,3,185,2.6666666666666665,61.666666666666664,2,1,5,8,167,0.6666666666666666
113083,8,493,3.25,61.625,3,4,8,26,217,0.75
113125,6,1288,7.166666666666667,214.66666666666666,1,4,9,43,76,1.0
113129,1,211,6.0,211.0,1,2,4,6,469,0.0
113156,1,59,1.0,59.0,1,1,1,1,456,1.0
113194,1,67,2.0,67.0,1,1,2,2,543,0.0
113199,4,199,2.75,49.75,1,3,7,11,182,1.0
113200,2,90,2.0,45.0,2,1,3,4,577,0.5
113226,3,272,4.0,90.66666666666667,2,3,6,12,628,0.0
113238,1,105,3.0,105.0,1,1,3,3,639,1.0
113262,3,281,2.3333333333333335,93.66666666666667,2,2,5,7,113,0.6666666666666666
113279,2,118,2.0,59.0,1,1,3,4,165,1.0
113288,1,64,2.0,64.0,1,1,2,2,225,1.0
113307,5,494,4.6,98.8,1,4,8,23,88,1.0
113343,1,30,1.0,30.0,1,1,1,1,589,1.0
113378,2,303,4.0,151.5,1,1,6,8,156,1.0
113380,2,71,1.5,35.5,1,1,3,3,595,1.0
113391,1,169,9.0,169.0,1,2,4,9,161,1.0
113397,1,137,4.0,137.0,1,2,3,4,25,0.0
113398,2,245,2.5,122.5,2,2,4,5,700,0.0
113408,3,306,3.3333333333333335,102.0,2,3,6,10,69,0.0
113412,1,66,2.0,66.0,1,1,2,2,646,0.0
113441,1,67,2.0,67.0,1,1,1,2,107,1.0
113500,3,226,2.0,75.33333333333333,1,2,5,6,458,1.0
113511,1,209,6.0,209.0,1,3,5,6,161,1.0
113516,4,336,3.75,84.0,1,2,5,15,129,1.0
113520,9,431,2.111111111111111,47.888888888888886,2,2,7,19,62,0.7777777777777778
113525,4,430,3.5,107.5,1,2,7,14,118,1.0
113538,1,87,3.0,87.0,1,2,2,3,490,0.0
113575,2,190,3.0,95.0,1,3,3,6,44,0.0
113585,1,45,2.0,45.0,1,1,2,2,401,0.0
113593,2,176,3.5,88.0,1,2,4,7,702,0.0
113606,2,185,2.5,92.5,1,1,4,5,456,1.0
113607,2,243,3.5,121.5,1,2,5,7,514,1.0
113611,6,383,2.5,63.833333333333336,1,3,9,15,215,1.0
113626,11,262,1.4545454545454546,23.818181818181817,1,4,6,16,35,1.0
113629,4,129,1.75,32.25,2,3,4,7,52,0.75
113641,3,188,2.3333333333333335,62.666666666666664,2,3,4,7,11,0.0
113642,4,275,2.25,68.75,2,1,4,9,220,0.75
113669,3,295,3.0,98.33333333333333,1,2,5,9,297,0.0
113671,5,518,3.8,103.6,1,4,6,19,105,1.0
113686,1,91,3.0,91.0,1,1,3,3,200,0.0
113692,3,404,3.6666666666666665,134.66666666666666,1,3,3,11,17,1.0
113703,4,486,4.5,121.5,4,2,7,18,203,0.25
113707,1,0,1.0,0.0,1,1,1,1,623,1.0
113708,3,254,3.3333333333333335,84.66666666666667,2,3,5,10,85,0.0
113709,4,363,3.25,90.75,1,3,7,13,379,0.0
113716,4,371,3.0,92.75,2,4,6,12,56,0.25
113734,1,68,2.0,68.0,1,1,2,2,139,0.0
113749,1,197,6.0,197.0,1,1,3,6,258,0.0
113760,2,90,3.0,45.0,1,4,4,6,139,1.0
113772,2,284,4.0,142.0,1,3,5,8,329,1.0
113773,8,638,3.875,79.75,2,4,9,31,134,0.75
113790,4,537,5.0,134.25,2,3,9,20,203,0.25
113807,3,497,4.666666666666667,165.66666666666666,1,1,4,14,1,0.0
113824,4,206,1.75,51.5,1,4,7,7,443,1.0
113857,10,1182,4.4,118.2,5,3,9,44,21,0.1
113879,1,129,4.0,129.0,1,1,3,4,673,0.0
113885,2,116,1.5,58.0,2,1,2,3,20,0.5
113891,13,500,2.3076923076923075,38.46153846153846,1,4,9,30,23,1.0
113896,4,451,3.5,112.75,1,3,5,14,65,1.0
113945,4,227,2.0,56.75,2,2,6,8,53,0.0
113989,4,231,2.0,57.75,1,3,6,8,455,1.0
113997,3,322,3.3333333333333335,107.33333333333333,2,4,6,10,154,0.3333333333333333
114015,4,286,2.5,71.5,1,2,7,10,45,1.0
114028,7,854,4.428571428571429,122.0,1,4,11,31,115,1.0
114043,3,418,5.0,139.33333333333334,1,3,5,15,310,1.0
114065,1,67,2.0,67.0,1,1,2,2,449,0.0
114087,3,146,2.3333333333333335,48.666666666666664,2,3,5,7,112,0.6666666666666666
114088,4,487,4.5,121.75,1,2,3,18,108,1.0
114095,4,557,4.75,139.25,3,2,7,19,27,0.25
114096,3,357,4.666666666666667,119.0,1,2,5,14,63,1.0
114110,7,641,3.5714285714285716,91.57142857142857,1,2,8,25,70,1.0
114123,1,180,7.0,180.0,1,2,5,7,574,0.0
114155,2,377,5.5,188.5,1,2,5,11,172,0.0
114156,7,575,2.857142857142857,82.14285714285714,4,4,7,20,118,0.42857142857142855
114158,1,88,2.0,88.0,1,1,2,2,329,0.0
114174,1,42,1.0,42.0,1,1,1,1,590,1.0
114186,3,221,2.3333333333333335,73.66666666666667,2,2,4,7,91,0.6666666666666666
114228,1,20,1.0,20.0,1,1,1,1,672,1.0
114251,7,565,2.7142857142857144,80.71428571428571,4,3,6,19,81,0.42857142857142855
114259,1,73,2.0,73.0,1,1,2,2,123,1.0
114312,1,132,4.0,132.0,1,1,4,4,83,0.0
114342,6,582,3.3333333333333335,97.0,2,4,8,20,128,0.16666666666666666
114355,7,718,4.857142857142857,102.57142857142857,1,2,6,34,69,1.0
114360,2,69,1.5,34.5,1,2,3,3,379,1.0
114371,4,226,1.75,56.5,3,4,7,7,171,0.25
114375,1,82,5.0,82.0,1,2,3,5,336,1.0
114376,8,337,1.5,42.125,2,4,7,12,1,0.875
114380,1,132,4.0,132.0,1,1,2,4,337,1.0
114388,5,186,2.0,37.2,3,4,6,10,153,0.0
114389,2,280,4.0,140.0,2,2,4,8,483,0.5
114396,2,289,4.0,144.5,2,1,4,8,171,0.5
114404,4,433,4.0,108.25,1,3,7,16,189,1.0
114411,5,521,2.8,104.2,2,2,6,14,112,0.8
114439,2,216,3.0,108.0,1,2,5,6,348,0.0
114454,5,310,2.2,62.0,2,3,5,11,350,0.2
114470,10,575,3.3,57.5,2,4,12,33,34,0.0
114475,19,1595,3.526315789473684,83.94736842105263,1,4,14,67,10,1.0
114482,5,859,5.6,171.8,1,3,7,28,71,1.0
114535,1,249,7.0,249.0,1,1,6,7,344,0.0
114540,2,218,3.0,109.0,1,1,3,6,347,0.0
114556,1,133,5.0,133.0,1,3,5,5,288,1.0
114575,9,637,2.888888888888889,70.77777777777777,2,4,8,26,37,0.8888888888888888
114582,1,55,1.0,55.0,1,1,1,1,156,1.0
114598,3,310,3.0,103.33333333333333,2,3,5,9,234,0.6666666666666666
114633,1,128,4.0,128.0,1,2,3,4,560,0.0
114653,1,94,2.0,94.0,1,1,2,2,611,1.0
114656,3,306,3.6666666666666665,102.0,2,2,7,11,630,0.3333333333333333
114668,1,248,7.0,248.0,1,2,4,7,518,0.0
114672,2,178,2.5,89.0,1,2,5,5,191,1.0
114694,2,189,3.5,94.5,1,3,5,7,533,0.0
114737,1,240,6.0,240.0,1,2,5,6,435,1.0
114738,1,392,11.0,392.0,1,3,8,11,453,0.0
114755,13,854,2.8461538461538463,65.6923076923077,1,4,10,37,71,1.0
114767,5,218,2.0,43.6,1,4,7,10,63,1.0
114797,3,268,4.333333333333333,89.33333333333333,1,3,6,13,231,1.0
114820,1,159,5.0,159.0,1,2,2,5,463,1.0
114831,2,186,4.5,93.0,2,1,2,9,399,0.0
114838,2,117,2.0,58.5,1,1,2,4,278,1.0
114850,3,373,3.6666666666666665,124.33333333333333,1,2,7,11,274,1.0
114877,6,637,3.3333333333333335,106.16666666666667,1,3,10,20,132,1.0
114878,1,70,4.0,70.0,1,2,3,4,266,1.0
114894,1,128,4.0,128.0,1,1,2,4,25,1.0
114902,10,796,3.8,79.6,2,4,12,38,20,0.9
114936,2,165,2.5,82.5,1,3,3,5,137,0.0
114942,3,413,3.0,137.66666666666666,2,2,5,9,211,0.6666666666666666
114960,2,149,3.0,74.5,1,3,4,6,55,1.0
114967,6,191,1.1666666666666667,31.833333333333332,2,3,4,7,70,0.8333333333333334
114968,1,101,3.0,101.0,1,1,3,3,651,0.0
114974,2,430,10.0,215.0,2,3,8,20,234,0.5
114978,4,594,5.75,148.5,3,4,10,23,62,0.5
114980,8,221,1.625,27.625,2,4,6,13,37,0.875
114989,7,539,2.142857142857143,77.0,1,2,4,15,111,1.0
114996,1,74,2.0,74.0,1,1,1,2,501,0.0
115012,12,1045,3.8333333333333335,87.08333333333333,1,4,13,46,146,1.0
115023,3,175,1.6666666666666667,58.333333333333336,2,1,3,5,262,0.3333333333333333
115024,5,651,4.2,130.2,1,3,5,21,130,1.0
115064,1,0,1.0,0.0,1,1,1,1,672,1.0
115077,2,316,8.0,158.0,1,3,8,16,670,1.0
115095,1,146,5.0,146.0,1,1,3,5,217,0.0
115100,7,283,1.2857142857142858,40.42857142857143,2,1,4,9,42,0.8571428571428571
115148,1,62,3.0,62.0,1,2,3,3,584,1.0
115150,5,544,4.0,108.8,1,4,9,20,318,1.0
115160,1,61,2.0,61.0,1,1,2,2,432,1.0
115162,2,131,2.0,65.5,2,2,4,4,245,0.0
115168,4,649,5.5,162.25,2,2,5,22,141,0.25
115182,1,232,10.0,232.0,1,1,5,10,410,1.0
115187,1,91,2.0,91.0,1,1,2,2,267,1.0
115205,15,954,2.6666666666666665,63.6,3,4,10,40,30,0.8
115238,6,333,1.5,55.5,1,3,6,9,171,0.0
115261,5,436,3.4,87.2,1,2,4,17,336,1.0
115283,2,177,3.0,88.5,2,2,4,6,516,0.0
115290,1,91,2.0,91.0,1,1,2,2,350,0.0
115308,29,2873,3.8275862068965516,99.06896551724138,1,4,12,111,20,1.0
115312,9,1243,4.777777777777778,138.11111111111111,1,4,14,43,81,1.0
115354,7,364,2.4285714285714284,52.0,3,3,9,17,100,0.5714285714285714
115370,3,170,2.0,56.666666666666664,1,1,2,6,476,1.0
115379,2,189,3.0,94.5,1,1,5,6,196,0.0
115401,2,210,3.5,105.0,2,2,4,7,280,0.0
115408,3,476,6.0,158.66666666666666,1,2,3,18,435,1.0
115413,1,18,1.0,18.0,1,1,1,1,230,1.0
115415,2,110,1.5,55.0,1,2,3,3,564,1.0
115421,2,65,2.0,32.5,1,2,4,4,595,1.0
115456,3,464,5.666666666666667,154.66666666666666,1,4,10,17,203,1.0
115462,7,403,2.0,57.57142857142857,1,3,7,14,18,1.0
115479,3,162,1.6666666666666667,54.0,1,1,4,5,413,1.0
115530,6,322,2.0,53.666666666666664,4,2,5,12,27,0.0
115547,1,67,2.0,67.0,1,1,2,2,460,1.0
115596,1,0,1.0,0.0,1,1,1,1,698,0.0
115611,9,1063,3.6666666666666665,118.11111111111111,2,4,9,33,67,0.8888888888888888
115622,5,558,2.8,111.6,1,3,8,14,208,1.0
115634,13,618,2.3076923076923075,47.53846153846154,3,4,9,30,35,0.23076923076923078
115663,1,74,2.0,74.0,1,2,2,2,252,1.0
115673,3,545,7.333333333333333,181.66666666666666,2,2,6,22,380,0.0
115675,2,84,1.5,42.0,1,1,3,3,518,1.0
115700,9,621,2.4444444444444446,69.0,2,4,8,22,35,0.3333333333333333
115708,2,118,2.0,59.0,2,3,4,4,245,0.0
115724,9,1024,4.333333333333333,113.77777777777777,1,4,10,39,83,1.0
115743,6,304,2.5,50.666666666666664,1,3,5,15,306,1.0
115764,3,367,4.333333333333333,122.33333333333333,1,2,5,13,620,1.0
115772,5,224,2.2,44.8,3,2,5,11,235,0.0
115801,1,345,9.0,345.0,1,1,4,9,518,1.0
115834,5,906,5.0,181.2,1,4,10,25,58,0.0
115837,4,333,2.75,83.25,1,2,7,11,91,1.0
115848,5,366,3.0,73.2,2,2,6,15,234,0.4
115874,2,230,5.5,115.0,2,3,5,11,322,0.5
115892,1,247,7.0,247.0,1,2,5,7,13,0.0
115927,3,213,2.3333333333333335,71.0,1,3,5,7,45,1.0
115931,2,334,5.0,167.0,1,2,3,10,231,1.0
115968,3,444,6.0,148.0,1,4,8,18,263,1.0
115989,1,70,3.0,70.0,1,1,2,3,416,1.0
116039,1,84,4.0,84.0,1,1,4,4,596,1.0
116074,3,399,4.666666666666667,133.0,3,1,2,14,83,0.3333333333333333
116152,1,126,5.0,126.0,1,1,4,5,592,1.0
116166,1,66,2.0,66.0,1,1,2,2,2,1.0
116198,1,74,2.0,74.0,1,2,2,2,259,0.0
116207,12,609,2.25,50.75,1,4,9,27,22,1.0
116211,1,64,2.0,64.0,1,1,2,2,614,1.0
116238,3,490,4.333333333333333,163.33333333333334,2,2,9,13,236,0.0
116241,1,92,4.0,92.0,1,1,2,4,65,1.0
116250,3,251,3.3333333333333335,83.66666666666667,1,3,5,10,393,1.0
116267,2,137,2.0,68.5,1,1,1,4,203,0.0
116277,3,325,3.0,108.33333333333333,3,3,4,9,59,0.0
116295,2,133,1.5,66.5,1,2,3,3,258,1.0
116350,1,68,2.0,68.0,1,1,2,2,373,0.0
116360,3,240,2.6666666666666665,80.0,2,2,5,8,175,0.0
116361,1,0,1.0,0.0,1,1,1,1,683,1.0
116383,1,57,3.0,57.0,1,1,2,3,414,0.0
116385,5,349,3.2,69.8,1,2,4,16,161,1.0
116404,1,84,3.0,84.0,1,1,2,3,51,1.0
116410,7,304,1.5714285714285714,43.42857142857143,1,4,7,11,51,1.0
116432,1,103,3.0,103.0,1,2,2,3,160,1.0
116434,1,49,2.0,49.0,1,1,2,2,472,1.0
116439,6,337,2.5,56.166666666666664,2,2,6,15,64,0.6666666666666666
116459,6,255,2.5,42.5,3,3,5,15,99,0.3333333333333333
116470,18,1304,3.0555555555555554,72.44444444444444,7,3,10,55,34,0.16666666666666666
116504,32,3534,4.34375,110.4375,1,2,10,139,50,1.0
116505,2,194,3.0,97.0,2,2,5,6,214,0.0
116524,7,662,3.4285714285714284,94.57142857142857,1,4,9,24,93,1.0
116532,12,1029,3.75,85.75,3,3,10,45,17,0.75
116547,3,295,5.333333333333333,98.33333333333333,2,3,8,16,3,0.6666666666666666
116579,3,192,3.6666666666666665,64.0,1,3,6,11,104,1.0
116585,2,163,3.0,81.5,2,2,3,6,283,0.5
116598,5,256,2.4,51.2,4,3,7,12,91,0.0
116601,4,326,3.25,81.5,2,2,5,13,409,0.0
116611,3,183,3.0,61.0,1,2,5,9,161,1.0
116619,2,326,3.5,163.0,1,2,4,7,263,0.0
116649,1,25,1.0,25.0,1,1,1,1,553,0.0
116674,2,0,1.5,0.0,1,2,2,3,618,1.0
116688,6,207,1.1666666666666667,34.5,1,1,5,7,46,1.0
116693,6,390,2.8333333333333335,65.0,2,3,7,17,160,0.0
116740,8,357,1.5,44.625,1,3,4,12,232,0.0
116778,3,298,3.6666666666666665,99.33333333333333,1,4,7,11,153,1.0
116806,1,94,2.0,94.0,1,2,2,2,680,1.0
116827,1,94,2.0,94.0,1,1,2,2,200,0.0
116837,1,187,5.0,187.0,1,1,4,5,208,1.0
116857,1,68,2.0,68.0,1,1,2,2,618,1.0
116897,16,707,2.25,44.1875,7,4,11,36,6,0.3125
116925,1,73,3.0,73.0,1,1,3,3,588,1.0
116954,4,459,4.0,114.75,3,2,6,16,448,0.25
116962,2,194,4.0,97.0,1,3,5,8,119,1.0
116969,1,65,2.0,65.0,1,1,2,2,719,1.0
116972,8,724,3.625,90.5,1,4,12,29,27,1.0
117011,5,658,4.0,131.6,1,2,4,20,364,1.0
117012,2,388,7.5,194.0,1,4,6,15,404,1.0
117026,1,59,2.0,59.0,1,1,1,2,411,1.0
117030,3,51,1.3333333333333333,17.0,1,2,3,4,150,0.0
117054,1,44,2.0,44.0,1,1,1,2,395,1.0
117071,1,80,3.0,80.0,1,2,3,3,25,1.0
117073,4,219,2.25,54.75,1,2,4,9,104,1.0
117094,6,230,2.1666666666666665,38.333333333333336,2,3,6,13,165,0.6666666666666666
117101,2,551,10.5,275.5,1,3,8,21,371,0.0
117116,6,507,2.8333333333333335,84.5,1,3,8,17,315,0.0
117146,1,51,2.0,51.0,1,1,2,2,230,0.0
117154,5,474,3.2,94.8,3,2,7,16,32,0.4
117157,1,42,2.0,42.0,1,1,2,2,386,0.0
117171,1,99,3.0,99.0,1,2,2,3,427,1.0
117188,1,95,3.0,95.0,1,2,2,3,30,1.0
117199,5,254,2.2,50.8,1,2,7,11,63,1.0
117201,2,51,1.0,25.5,1,1,2,2,228,0.0
117220,2,215,3.5,107.5,1,1,4,7,317,1.0
117226,18,1523,3.4444444444444446,84.61111111111111,1,3,10,62,49,1.0
117231,4,282,4.0,70.5,1,3,6,16,434,1.0
117232,4,234,2.25,58.5,1,1,7,9,3,1.0
117258,4,153,1.5,38.25,2,3,5,6,234,0.0
117276,2,94,1.5,47.0,2,1,3,3,513,0.0
117284,1,72,3.0,72.0,1,1,2,3,472,1.0
117308,1,64,5.0,64.0,1,1,3,5,50,1.0
117319,13,923,3.3076923076923075,71.0,4,4,12,43,70,0.0
117344,3,143,2.0,47.666666666666664,2,2,4,6,533,0.0
117353,8,1184,4.875,148.0,2,4,12,39,126,0.0
117367,1,154,5.0,154.0,1,1,5,5,319,1.0
117408,3,233,3.0,77.66666666666667,1,1,4,9,62,0.0
117414,6,346,2.3333333333333335,57.666666666666664,1,4,6,14,127,1.0
117430,8,1948,8.0,243.5,2,4,13,64,58,0.0
117434,2,204,3.0,102.0,1,1,3,6,339,1.0
117453,1,18,1.0,18.0,1,1,1,1,561,0.0
117455,1,77,2.0,77.0,1,1,1,2,135,1.0
117482,1,60,2.0,60.0,1,1,2,2,485,1.0
117501,2,445,7.0,222.5,1,2,8,14,120,1.0
117517,8,513,2.75,64.125,4,4,8,22,128,0.125
117520,1,45,2.0,45.0,1,1,1,2,396,1.0
117558,1,0,1.0,0.0,1,1,1,1,698,1.0
117562,1,23,1.0,23.0,1,1,1,1,231,0.0
117583,1,67,2.0,67.0,1,1,2,2,658,1.0
117605,3,199,2.0,66.33333333333333,1,2,5,6,43,0.0
117609,2,124,2.0,62.0,2,3,3,4,63,0.5
117624,2,328,5.5,164.0,1,2,7,11,142,1.0
117650,2,136,3.0,68.0,1,2,6,6,473,1.0
117658,2,110,2.5,55.0,1,1,5,5,27,1.0
117709,1,62,2.0,62.0,1,1,2,2,721,0.0
117759,7,728,5.142857142857143,104.0,1,3,9,36,241,1.0
117769,1,81,2.0,81.0,1,1,2,2,287,0.0
117799,1,183,6.0,183.0,1,2,4,6,716,0.0
117811,2,165,2.5,82.5,1,1,4,5,495,1.0
117958,1,62,2.0,62.0,1,1,2,2,58,0.0
117970,1,83,3.0,83.0,1,1,3,3,441,1.0
117976,6,634,3.5,105.66666666666667,3,4,11,21,93,0.5
117983,5,238,1.8,47.6,4,2,5,9,45,0.2
118016,5,381,2.6,76.2,2,4,7,13,234,0.2
118018,5,752,4.6,150.4,1,4,9,23,76,1.0
118026,1,55,1.0,55.0,1,1,1,1,456,0.0
118081,10,1052,4.2,105.2,4,4,9,42,42,0.0
118082,1,84,2.0,84.0,1,1,2,2,309,1.0
118087,6,387,2.8333333333333335,64.5,1,3,6,17,64,1.0
118094,15,1001,3.1333333333333333,66.73333333333333,2,4,7,47,6,0.9333333333333333
118110,7,798,4.857142857142857,114.0,2,4,11,34,148,0.7142857142857143
118120,1,99,3.0,99.0,1,2,3,3,400,0.0
118124,1,110,3.0,110.0,1,1,3,3,149,1.0
118148,11,2622,7.909090909090909,238.36363636363637,1,4,14,87,151,1.0
118159,11,831,2.1818181818181817,75.54545454545455,2,4,10,24,84,0.9090909090909091
118162,6,451,2.6666666666666665,75.16666666666667,2,3,7,16,64,0.6666666666666666
118181,7,351,1.4285714285714286,50.142857142857146,5,2,6,10,238,0.0
118198,11,454,1.6363636363636365,41.27272727272727,1,3,6,18,20,1.0
118238,3,226,3.6666666666666665,75.33333333333333,1,2,4,11,338,1.0
118239,4,278,2.75,69.5,1,3,6,11,442,1.0
118256,1,59,2.0,59.0,1,1,2,2,428,0.0
118322,1,25,2.0,25.0,1,2,2,2,563,1.0
118346,1,140,4.0,140.0,1,1,2,4,715,0.0
118348,8,661,2.5,82.625,1,4,10,20,207,1.0
118392,1,113,3.0,113.0,1,1,3,3,646,1.0
118404,6,557,2.8333333333333335,92.83333333333333,1,3,6,17,116,1.0
118410,2,176,2.5,88.0,2,3,3,5,379,0.0
118412,11,947,2.909090909090909,86.0909090909091,2,4,11,32,95,0.09090909090909091
118416,2,113,2.0,56.5,1,1,2,4,203,0.0
118421,1,155,5.0,155.0,1,1,5,5,255,0.0
118434,4,101,1.25,25.25,2,2,4,5,67,0.0
118437,1,114,4.0,114.0,1,1,2,4,469,0.0
118442,4,240,2.25,60.0,1,4,5,9,28,1.0
118447,10,1161,5.3,116.1,1,4,11,53,69,1.0
118456,4,376,2.75,94.0,1,2,5,11,35,1.0
118470,9,741,3.4444444444444446,82.33333333333333,2,4,9,31,198,0.5555555555555556
118499,7,265,2.142857142857143,37.857142857142854,3,3,4,15,287,0.2857142857142857
118504,1,69,2.0,69.0,1,1,2,2,624,1.0
118515,1,72,2.0,72.0,1,1,2,2,562,0.0
118531,8,1179,5.625,147.375,3,3,9,45,234,0.5
118539,2,256,4.5,128.0,2,2,5,9,397,0.5
118560,2,143,1.5,71.5,1,1,3,3,455,0.0
118571,1,40,1.0,40.0,1,1,1,1,626,0.0
118572,5,359,2.2,71.8,1,2,5,11,357,1.0
118578,10,201,1.8,20.1,2,4,8,18,27,0.9
118583,4,301,2.5,75.25,1,3,7,10,259,1.0
118606,3,214,2.0,71.33333333333333,1,1,5,6,483,1.0
118631,1,75,2.0,75.0,1,1,2,2,591,1.0
118664,4,403,3.25,100.75,1,3,7,13,242,0.0
118739,1,64,2.0,64.0,1,1,2,2,718,1.0
118762,3,426,5.333333333333333,142.0,1,3,7,16,73,1.0
118766,3,244,2.6666666666666665,81.33333333333333,3,1,5,8,368,0.3333333333333333
118797,3,308,5.333333333333333,102.66666666666667,1,4,8,16,413,1.0
118813,3,459,5.0,153.0,1,4,7,15,146,1.0
118825,2,219,3.0,109.5,2,1,2,6,516,0.0
118833,1,94,4.0,94.0,1,1,4,4,589,1.0
118839,4,269,2.75,67.25,1,2,4,11,234,1.0
118851,1,72,2.0,72.0,1,1,2,2,281,1.0
118921,2,152,3.0,76.0,1,2,4,6,624,1.0
118926,6,284,2.3333333333333335,47.333333333333336,3,3,5,14,112,0.6666666666666666
118961,1,161,6.0,161.0,1,2,3,6,182,1.0
118969,2,70,2.0,35.0,2,2,3,4,654,0.5
119005,2,277,4.5,138.5,2,3,6,9,435,0.0
119017,5,359,2.8,71.8,2,3,6,14,64,0.8
119029,1,103,3.0,103.0,1,1,2,3,476,1.0
119065,4,263,3.0,65.75,2,3,7,12,140,0.75
119075,3,223,2.3333333333333335,74.33333333333333,1,1,3,7,65,1.0
119090,5,561,4.2,112.2,4,3,7,21,224,0.2
119130,12,726,2.5833333333333335,60.5,3,4,11,31,6,0.16666666666666666
119148,1,66,2.0,66.0,1,1,2,2,504,1.0
119162,8,425,2.5,53.125,2,3,5,20,157,0.625
119181,7,674,4.0,96.28571428571429,2,4,9,28,90,0.0
119186,13,1627,4.230769230769231,125.15384615384616,2,4,12,55,171,0.9230769230769231
119189,5,394,3.8,78.8,1,3,6,19,65,1.0
119203,2,184,4.5,92.0,1,3,5,9,499,0.0
119208,5,338,2.6,67.6,1,3,7,13,204,1.0
119227,39,4129,3.8205128205128207,105.87179487179488,5,4,13,149,8,0.0
119243,1,116,3.0,116.0,1,1,3,3,668,1.0
119248,6,331,2.3333333333333335,55.166666666666664,2,4,7,14,34,0.5
119253,20,1507,3.3,75.35,4,3,7,66,34,0.55
119283,1,107,4.0,107.0,1,1,4,4,592,1.0
119313,10,1672,6.2,167.2,1,4,10,62,70,0.0
119351,3,169,1.6666666666666667,56.333333333333336,1,2,5,5,233,1.0
119352,2,256,4.5,128.0,2,1,4,9,62,0.0
119367,1,67,2.0,67.0,1,1,2,2,708,1.0
119369,1,67,2.0,67.0,1,1,1,2,486,1.0
119371,3,352,3.0,117.33333333333333,1,3,5,9,56,1.0
119375,7,536,2.7142857142857144,76.57142857142857,2,4,9,19,46,0.0
119377,2,119,3.0,59.5,1,1,4,6,597,1.0
119439,3,352,4.0,117.33333333333333,1,2,6,12,217,1.0
119451,5,348,3.2,69.6,1,4,7,16,71,1.0
119507,2,110,1.0,55.0,1,2,2,2,90,1.0
119545,7,347,1.7142857142857142,49.57142857142857,1,3,7,12,59,1.0
119552,3,156,1.6666666666666667,52.0,1,1,2,5,367,1.0
119571,1,64,2.0,64.0,1,1,1,2,645,1.0
119578,12,1038,2.6666666666666665,86.5,1,4,9,32,36,1.0
119604,1,69,1.0,69.0,1,1,1,1,79,0.0
119616,9,811,3.2222222222222223,90.11111111111111,4,4,12,29,111,0.0
119619,4,255,2.75,63.75,1,4,8,11,210,1.0
119642,2,148,2.5,74.0,1,2,3,5,27,1.0
119657,7,470,2.142857142857143,67.14285714285714,2,4,8,15,294,0.2857142857142857
119677,1,44,2.0,44.0,1,1,2,2,160,0.0
119700,5,338,1.8,67.6,3,4,8,9,157,0.6
119710,1,119,4.0,119.0,1,2,4,4,104,0.0
119711,1,83,3.0,83.0,1,1,1,3,35,1.0
119713,2,96,1.5,48.0,1,1,2,3,350,1.0
119714,6,830,3.8333333333333335,138.33333333333334,1,4,10,23,129,1.0
119748,2,202,4.0,101.0,1,3,5,8,113,1.0
119758,3,129,1.6666666666666667,43.0,1,1,3,5,357,0.0
119767,3,379,3.6666666666666665,126.33333333333333,1,2,6,11,217,0.0
119795,1,106,3.0,106.0,1,1,2,3,116,1.0
119805,10,615,2.6,61.5,3,4,12,26,49,0.4
119821,2,186,2.5,93.0,1,2,4,5,449,1.0
119833,5,348,3.4,69.6,1,3,6,17,42,1.0
119851,1,79,5.0,79.0,1,2,4,5,67,1.0
119866,1,104,3.0,104.0,1,2,2,3,730,1.0
119872,1,32,1.0,32.0,1,1,1,1,577,1.0
119900,2,162,2.0,81.0,1,2,4,4,71,1.0
119911,9,572,3.3333333333333335,63.55555555555556,1,4,10,30,29,1.0
119931,11,557,1.7272727272727273,50.63636363636363,2,4,9,19,45,0.9090909090909091
119942,3,152,2.0,50.666666666666664,2,2,6,6,490,0.0
119945,1,74,2.0,74.0,1,1,2,2,267,1.0
119973,1,36,2.0,36.0,1,1,2,2,541,0.0
119986,5,354,2.4,70.8,1,3,5,12,165,1.0
119994,2,197,2.5,98.5,1,3,5,5,69,0.0
120002,2,29,1.0,14.5,1,2,2,2,25,1.0
120032,12,636,2.25,53.0,2,3,9,27,9,0.5833333333333334
120046,2,86,2.5,43.0,1,2,4,5,550,1.0
120073,12,715,3.1666666666666665,59.583333333333336,1,4,9,38,3,1.0
120114,1,54,2.0,54.0,1,1,1,2,406,0.0
120117,3,391,4.0,130.33333333333334,3,4,9,12,76,0.0
120122,6,532,4.333333333333333,88.66666666666667,3,2,6,26,266,0.5
120162,2,90,1.5,45.0,1,2,2,3,411,1.0
120170,1,419,14.0,419.0,1,2,6,14,453,1.0
120194,15,997,3.2666666666666666,66.46666666666667,1,3,9,49,71,0.0
120203,1,58,2.0,58.0,1,1,2,2,658,0.0
120212,3,163,2.3333333333333335,54.333333333333336,1,2,5,7,44,1.0
120213,2,132,2.0,66.0,1,2,3,4,266,0.0
120293,3,300,4.333333333333333,100.0,1,2,6,13,102,1.0
120294,1,0,1.0,0.0,1,1,1,1,277,1.0
120295,1,89,3.0,89.0,1,1,3,3,371,0.0
120318,12,1295,3.75,107.91666666666667,1,4,11,45,20,1.0
120331,7,843,3.857142857142857,120.42857142857143,1,4,13,27,74,0.0
120342,7,605,3.5714285714285716,86.42857142857143,1,3,8,25,42,1.0
120370,5,451,4.8,90.2,1,3,6,24,88,1.0
120380,1,59,2.0,59.0,1,1,2,2,221,1.0
120396,1,68,3.0,68.0,1,1,3,3,591,1.0
120399,1,0,1.0,0.0,1,1,1,1,698,0.0
120428,2,420,6.5,210.0,1,1,5,13,20,1.0
120433,1,49,1.0,49.0,1,1,1,1,564,0.0
120455,3,300,4.333333333333333,100.0,1,3,6,13,514,1.0
120461,3,299,5.0,99.66666666666667,1,2,5,15,437,1.0
120475,1,140,4.0,140.0,1,2,3,4,442,0.0
120478,1,163,4.0,163.0,1,2,4,4,123,0.0
120500,10,729,3.4,72.9,2,4,11,34,39,0.9
120521,2,227,3.5,113.5,1,4,5,7,474,1.0
120536,2,132,3.0,66.0,1,2,4,6,324,1.0
120550,4,172,1.5,43.0,2,2,4,6,38,0.5
120561,1,148,4.0,148.0,1,2,3,4,506,0.0
120566,1,146,5.0,146.0,1,2,5,5,413,1.0
120591,1,106,4.0,106.0,1,2,3,4,43,0.0
120594,5,311,2.2,62.2,1,3,6,11,56,0.0
120595,4,499,4.5,124.75,2,2,6,18,55,0.5
120622,6,985,5.5,164.16666666666666,2,3,7,33,147,0.8333333333333334
120623,1,57,2.0,57.0,1,2,2,2,400,1.0
120673,10,388,1.9,38.8,2,3,7,19,167,0.7
120678,2,70,2.0,35.0,1,2,4,4,315,1.0
120705,2,230,4.0,115.0,2,3,5,8,55,0.0
120760,2,188,3.0,94.0,1,2,4,6,420,1.0
120763,2,125,2.0,62.5,2,1,4,4,256,0.5
120778,1,75,8.0,75.0,1,2,3,8,698,1.0
120788,1,25,1.0,25.0,1,1,1,1,577,1.0
120794,1,202,5.0,202.0,1,3,5,5,345,1.0
120818,1,37,1.0,37.0,1,1,1,1,679,1.0
120826,14,1066,3.357142857142857,76.14285714285714,3,4,11,47,160,0.42857142857142855
120835,9,807,4.555555555555555,89.66666666666667,1,4,10,41,81,1.0
120855,1,147,5.0,147.0,1,2,3,5,491,1.0
120884,1,72,2.0,72.0,1,2,2,2,318,1.0
120915,6,505,3.3333333333333335,84.16666666666667,1,2,6,20,60,1.0
120971,1,68,2.0,68.0,1,1,2,2,399,0.0
121003,1,61,2.0,61.0,1,1,2,2,508,0.0
121008,1,104,3.0,104.0,1,1,2,3,441,0.0
121037,2,504,5.0,252.0,1,2,4,10,31,0.0
121047,11,518,2.1818181818181817,47.09090909090909,1,4,7,24,36,0.0
121075,9,544,2.2222222222222223,60.44444444444444,2,3,8,20,51,0.8888888888888888
121084,8,574,3.25,71.75,1,3,11,26,34,1.0
121089,2,99,3.5,49.5,1,2,5,7,100,1.0
121116,1,137,4.0,137.0,1,2,4,4,26,0.0
121123,9,641,3.4444444444444446,71.22222222222223,1,3,4,31,100,0.0
121168,3,256,3.0,85.33333333333333,2,1,4,9,154,0.6666666666666666
121171,2,124,2.0,62.0,2,2,4,4,560,0.0
121173,1,52,2.0,52.0,1,1,2,2,597,1.0
121184,2,251,4.5,125.5,1,1,3,9,63,0.0
121188,9,641,2.888888888888889,71.22222222222223,2,4,8,26,168,0.4444444444444444
121217,1,84,2.0,84.0,1,1,2,2,318,0.0
121243,2,332,5.0,166.0,1,2,6,10,220,1.0
121252,9,1011,4.0,112.33333333333333,4,3,11,36,139,0.1111111111111111
121278,7,250,2.2857142857142856,35.714285714285715,2,4,8,16,38,0.2857142857142857
121288,1,74,2.0,74.0,1,1,2,2,36,0.0
121289,3,278,4.333333333333333,92.66666666666667,1,3,7,13,225,1.0
121300,1,122,3.0,122.0,1,1,2,3,717,1.0
121318,8,1058,6.0,132.25,1,4,12,48,37,1.0
121325,2,133,1.5,66.5,1,2,3,3,98,1.0
121336,4,457,3.5,114.25,1,4,8,14,151,1.0
121368,4,324,2.5,81.0,1,3,6,10,409,1.0
121373,5,271,2.2,54.2,3,2,4,11,48,0.0
121377,1,32,1.0,32.0,1,1,1,1,661,0.0
121421,2,194,2.5,97.0,1,1,2,5,313,0.0
121426,1,164,5.0,164.0,1,1,2,5,366,0.0
121454,2,90,1.5,45.0,1,1,3,3,649,0.0
121461,1,62,2.0,62.0,1,1,2,2,662,1.0
121464,4,460,3.75,115.0,1,4,6,15,77,1.0
121467,3,391,3.6666666666666665,130.33333333333334,2,4,7,11,43,0.6666666666666666
121478,10,541,1.9,54.1,1,2,8,19,150,1.0
121488,1,120,4.0,120.0,1,1,3,4,625,1.0
121506,1,91,4.0,91.0,1,2,3,4,723,0.0
121512,1,146,5.0,146.0,1,1,3,5,39,0.0
121568,8,936,5.0,117.0,1,3,10,39,90,0.0
121596,6,405,2.8333333333333335,67.5,1,2,6,17,90,1.0
121608,5,474,3.2,94.8,2,2,5,16,146,0.8
121621,20,2264,4.35,113.2,6,4,14,87,98,0.05
121636,2,148,2.5,74.0,2,1,4,5,497,0.5
121639,19,2262,4.0,119.05263157894737,4,4,12,76,0,0.47368421052631576
121647,1,79,3.0,79.0,1,1,2,3,318,0.0
121652,1,34,2.0,34.0,1,2,2,2,498,0.0
121660,2,91,2.5,45.5,1,3,5,5,721,0.0
121661,3,198,3.0,66.0,1,1,2,9,51,1.0
121677,6,849,3.8333333333333335,141.5,3,4,11,23,224,0.6666666666666666
121681,4,280,3.0,70.0,1,4,6,12,472,1.0
121729,3,246,3.0,82.0,2,2,5,9,308,0.6666666666666666
121756,1,62,2.0,62.0,1,1,2,2,207,1.0
121757,1,109,3.0,109.0,1,1,3,3,623,0.0
121776,1,68,2.0,68.0,1,1,2,2,84,0.0
121796,1,131,4.0,131.0,1,1,3,4,365,1.0
121831,1,71,2.0,71.0,1,1,2,2,562,0.0
121833,1,130,4.0,130.0,1,2,3,4,630,1.0
121839,5,178,2.0,35.6,1,2,5,10,64,1.0
121847,2,138,2.0,69.0,2,2,4,4,285,0.0
121868,6,794,6.5,132.33333333333334,1,2,7,39,210,1.0
121891,2,212,2.0,106.0,2,1,1,4,139,0.0
121897,2,259,6.0,129.5,1,2,5,12,343,1.0
121903,1,49,2.0,49.0,1,1,1,2,31,1.0
121917,1,317,8.0,317.0,1,1,2,8,153,1.0
121929,1,46,2.0,46.0,1,1,2,2,428,0.0
121933,9,503,1.8888888888888888,55.888888888888886,1,3,7,17,59,1.0
121938,2,31,1.0,15.5,1,2,2,2,679,1.0
122042,1,138,4.0,138.0,1,1,1,4,428,1.0
122061,1,133,3.0,133.0,1,2,3,3,658,0.0
122064,3,439,4.666666666666667,146.33333333333334,1,4,6,14,163,1.0
122067,3,141,2.3333333333333335,47.0,2,3,4,7,156,0.6666666666666666
122081,15,1180,2.8,78.66666666666667,1,4,13,42,36,1.0
122098,4,283,3.5,70.75,1,3,9,14,389,0.0
122101,1,76,2.0,76.0,1,1,2,2,469,1.0
122107,1,138,4.0,138.0,1,1,4,4,624,0.0
122112,49,3613,2.7346938775510203,73.73469387755102,7,4,13,134,27,0.6938775510204082
122139,3,422,4.666666666666667,140.66666666666666,1,2,6,14,147,1.0
122147,3,491,5.666666666666667,163.66666666666666,1,2,5,17,252,1.0
122148,2,394,7.0,197.0,2,2,6,14,131,0.0
122152,3,198,3.0,66.0,1,3,6,9,70,0.0
122157,1,126,6.0,126.0,1,2,4,6,691,1.0
122166,3,188,2.0,62.666666666666664,1,1,5,6,273,0.0
122169,6,690,3.8333333333333335,115.0,1,4,11,23,186,1.0
122223,4,861,6.0,215.25,2,4,10,24,141,0.75
122230,1,77,3.0,77.0,1,1,1,3,224,0.0
122232,1,40,2.0,40.0,1,1,2,2,134,0.0
122236,2,173,2.0,86.5,1,2,4,4,98,1.0
122248,1,110,4.0,110.0,1,1,3,4,423,1.0
122249,2,195,4.5,97.5,1,1,4,9,94,1.0
122254,5,351,3.2,70.2,1,3,8,16,63,1.0
122259,11,752,2.909090909090909,68.36363636363636,3,4,10,32,34,0.2727272727272727
122271,10,795,2.9,79.5,2,3,9,29,57,0.8
122274,6,378,2.6666666666666665,63.0,1,4,6,16,147,1.0
122342,2,150,2.0,75.0,1,2,2,4,206,1.0
122352,1,184,5.0,184.0,1,1,2,5,46,0.0
122356,2,145,2.5,72.5,1,3,4,5,291,0.0
122357,1,42,1.0,42.0,1,1,1,1,261,1.0
122367,1,69,3.0,69.0,1,1,3,3,583,0.0
122379,3,320,3.0,106.66666666666667,1,2,7,9,257,1.0
122395,1,49,1.0,49.0,1,1,1,1,197,1.0
122430,3,205,3.0,68.33333333333333,2,3,5,9,301,0.3333333333333333
122453,1,65,1.0,65.0,1,1,1,1,259,1.0
122471,2,152,2.5,76.0,1,1,3,5,595,1.0
122507,3,327,3.3333333333333335,109.0,2,3,8,10,255,0.3333333333333333
122509,1,45,3.0,45.0,1,1,1,3,429,1.0
122514,1,53,2.0,53.0,1,1,2,2,234,1.0
122566,1,27,1.0,27.0,1,1,1,1,707,1.0
122567,8,1013,6.125,126.625,1,3,10,49,65,1.0
122577,1,67,2.0,67.0,1,1,1,2,48,0.0
122598,1,32,2.0,32.0,1,1,2,2,539,1.0
122634,1,104,2.0,104.0,1,1,2,2,673,1.0
122648,1,0,1.0,0.0,1,1,1,1,680,1.0
122651,5,313,2.4,62.6,2,2,5,12,37,0.6
122652,7,429,2.2857142857142856,61.285714285714285,1,3,6,16,34,0.0
122696,1,0,1.0,0.0,1,1,1,1,616,0.0
122705,5,311,1.8,62.2,2,2,5,9,55,0.8
122708,1,145,5.0,145.0,1,1,3,5,610,0.0
122733,5,419,2.8,83.8,2,2,4,14,158,0.0
122739,1,0,1.0,0.0,1,1,1,1,686,1.0
122755,1,28,3.0,28.0,1,2,3,3,596,0.0
122773,1,164,8.0,164.0,1,2,5,8,546,0.0
122797,1,65,1.0,65.0,1,1,1,1,518,1.0
122815,3,312,4.0,104.0,2,3,7,12,76,0.3333333333333333
122838,2,246,4.0,123.0,1,2,7,8,423,0.0
122894,1,115,4.0,115.0,1,1,2,4,424,1.0
122909,5,430,3.4,86.0,1,3,5,17,120,0.0
122913,1,88,2.0,88.0,1,1,2,2,290,1.0
122916,8,417,2.5,52.125,1,3,8,20,35,1.0
122943,1,45,2.0,45.0,1,2,2,2,681,1.0
122948,1,64,3.0,64.0,1,2,3,3,700,1.0
122989,10,727,3.2,72.7,4,4,11,32,15,0.7
122990,4,558,5.5,139.5,2,4,9,22,125,0.75
122999,2,75,4.0,37.5,1,2,3,8,667,0.0
123054,1,82,3.0,82.0,1,2,2,3,77,1.0
123067,3,176,1.6666666666666667,58.666666666666664,1,3,4,5,346,1.0
123092,8,983,4.25,122.875,3,4,9,34,249,0.0
123100,5,161,2.6,32.2,1,2,6,13,239,1.0
123160,1,84,2.0,84.0,1,1,2,2,619,1.0
123188,8,630,3.125,78.75,2,3,7,25,65,0.875
123189,17,944,3.411764705882353,55.529411764705884,3,4,10,58,25,0.23529411764705882
123195,3,311,3.3333333333333335,103.66666666666667,1,2,8,10,597,0.0
123227,4,365,4.5,91.25,1,4,9,18,14,1.0
123250,1,85,3.0,85.0,1,2,3,3,317,0.0
123256,5,340,2.0,68.0,1,3,8,10,116,1.0
123271,1,76,2.0,76.0,1,1,2,2,4,0.0
123288,1,52,2.0,52.0,1,1,2,2,598,0.0
123316,1,266,9.0,266.0,1,2,4,9,672,1.0
123383,1,145,4.0,145.0,1,1,1,4,91,0.0
123388,1,51,2.0,51.0,1,1,2,2,224,1.0
123430,2,115,1.5,57.5,2,2,2,3,427,0.5
123443,4,636,6.75,159.0,2,3,7,27,0,0.75
123466,10,607,2.2,60.7,2,3,8,22,59,0.0
123481,2,329,5.0,164.5,2,2,5,10,473,0.5
123488,2,230,3.5,115.0,2,1,4,7,212,0.0
123519,12,975,3.5,81.25,1,4,11,42,64,1.0
123521,1,42,1.0,42.0,1,1,1,1,191,0.0
123537,1,84,2.0,84.0,1,1,2,2,483,1.0
123553,5,337,1.8,67.4,2,3,8,9,95,0.8
123554,2,183,3.0,91.5,1,1,5,6,420,1.0
123560,2,255,4.0,127.5,1,2,5,8,128,0.0
123590,1,133,4.0,133.0,1,1,4,4,132,0.0
123615,11,1261,4.454545454545454,114.63636363636364,2,4,14,49,39,0.8181818181818182
123632,7,1040,5.0,148.57142857142858,2,4,12,35,44,0.8571428571428571
123638,13,1156,4.0,88.92307692307692,1,4,10,52,91,0.0
123671,1,73,3.0,73.0,1,1,2,3,598,1.0
123726,10,647,3.1,64.7,1,4,12,31,31,1.0
123737,3,30,2.0,10.0,1,2,4,6,416,1.0
123741,1,262,8.0,262.0,1,1,3,8,329,1.0
123753,1,149,3.0,149.0,1,1,2,3,120,1.0
123758,1,97,3.0,97.0,1,1,2,3,106,0.0
123762,3,205,2.0,68.33333333333333,1,3,4,6,42,1.0
123767,1,0,1.0,0.0,1,1,1,1,681,1.0
123786,1,66,2.0,66.0,1,1,2,2,171,1.0
123797,1,70,2.0,70.0,1,1,2,2,614,0.0
123804,1,83,3.0,83.0,1,1,3,3,429,1.0
123810,1,278,8.0,278.0,1,2,4,8,50,0.0
123822,4,376,3.25,94.0,3,2,4,13,28,0.25
123842,1,138,4.0,138.0,1,2,3,4,717,1.0
123866,4,487,4.0,121.75,2,1,6,16,471,0.75
123891,8,449,2.0,56.125,1,4,9,16,91,1.0
123909,1,30,2.0,30.0,1,1,2,2,705,1.0
123918,4,401,3.0,100.25,1,2,6,12,90,1.0
123937,3,187,2.3333333333333335,62.333333333333336,1,2,4,7,150,1.0
123946,1,77,3.0,77.0,1,2,3,3,598,1.0
123948,9,914,3.888888888888889,101.55555555555556,3,3,10,35,60,0.7777777777777778
123955,18,1532,3.0555555555555554,85.11111111111111,3,4,14,55,36,0.5
123964,1,134,4.0,134.0,1,1,4,4,718,1.0
123998,1,45,2.0,45.0,1,1,2,2,231,0.0
124008,11,888,2.6363636363636362,80.72727272727273,2,4,10,29,90,0.09090909090909091
124055,9,768,3.2222222222222223,85.33333333333333,1,3,8,29,57,0.0
124063,1,75,7.0,75.0,1,2,4,7,696,1.0
124076,7,842,4.285714285714286,120.28571428571429,1,4,9,30,76,0.0
124081,2,146,3.0,73.0,1,1,2,6,92,0.0
124090,3,183,2.0,61.0,1,3,5,6,46,1.0
124112,6,243,1.5,40.5,2,2,4,9,190,0.8333333333333334
124117,1,23,1.0,23.0,1,1,1,1,51,1.0
124124,1,99,3.0,99.0,1,1,2,3,673,1.0
124145,3,298,3.3333333333333335,99.33333333333333,3,2,4,10,280,0.0
124185,1,62,2.0,62.0,1,1,2,2,341,1.0
124212,5,382,2.2,76.4,3,3,9,11,1,0.4
124225,4,237,3.5,59.25,2,3,7,14,45,0.0
124239,1,168,4.0,168.0,1,1,3,4,626,0.0
124241,1,95,3.0,95.0,1,1,3,3,618,1.0
124266,5,539,4.0,107.8,1,2,6,20,181,1.0
124280,1,68,2.0,68.0,1,2,2,2,717,1.0
124284,2,228,3.5,114.0,1,3,4,7,199,1.0
124303,1,133,4.0,133.0,1,1,3,4,160,1.0
124304,1,64,2.0,64.0,1,1,2,2,490,1.0
124312,1,78,2.0,78.0,1,1,1,2,441,0.0
124340,2,224,3.0,112.0,1,2,3,6,120,1.0
124344,8,520,2.875,65.0,1,2,6,23,261,1.0
124356,7,662,2.857142857142857,94.57142857142857,2,2,4,20,58,0.0
124367,1,184,6.0,184.0,1,1,6,6,140,0.0
124369,1,156,4.0,156.0,1,1,1,4,446,0.0
124378,1,128,4.0,128.0,1,2,4,4,523,1.0
124379,1,100,4.0,100.0,1,1,3,4,423,1.0
124387,3,294,3.6666666666666665,98.0,1,1,4,11,63,1.0
124399,1,142,4.0,142.0,1,2,4,4,456,1.0
124410,7,729,4.142857142857143,104.14285714285714,3,4,10,29,71,0.0
124452,6,669,4.166666666666667,111.5,2,4,10,25,233,0.8333333333333334
124455,8,1536,6.125,192.0,2,4,14,49,41,0.875
124468,1,65,2.0,65.0,1,1,2,2,668,1.0
124481,4,221,2.5,55.25,2,2,6,10,178,0.75
124495,1,322,9.0,322.0,1,2,6,9,114,1.0
124543,3,284,3.0,94.66666666666667,1,3,6,9,153,0.0
124581,4,280,3.5,70.0,2,2,4,14,37,0.75
124586,10,698,3.0,69.8,1,3,8,30,52,1.0
124608,1,276,11.0,276.0,1,3,5,11,70,1.0
124610,7,695,2.857142857142857,99.28571428571429,1,4,9,20,41,1.0
124613,1,227,7.0,227.0,1,2,4,7,597,0.0
124627,11,506,1.8181818181818181,46.0,2,4,9,20,20,0.9090909090909091
124632,3,237,3.3333333333333335,79.0,1,3,5,10,449,0.0
124642,1,89,3.0,89.0,1,1,3,3,392,0.0
124643,3,469,4.666666666666667,156.33333333333334,1,2,7,14,56,1.0
124649,7,623,4.714285714285714,89.0,1,4,11,33,31,1.0
124665,6,368,1.8333333333333333,61.333333333333336,2,2,7,11,93,0.8333333333333334
124695,6,756,3.6666666666666665,126.0,1,4,9,22,111,1.0
124717,2,95,2.0,47.5,2,2,3,4,679,0.5
124726,1,60,2.0,60.0,1,1,2,2,217,1.0
124750,5,550,3.4,110.0,1,3,9,17,126,1.0
124762,5,667,5.2,133.4,1,4,10,26,137,1.0
124780,1,0,1.0,0.0,1,1,1,1,693,1.0
124798,9,891,4.666666666666667,99.0,2,4,11,42,41,0.2222222222222222
124810,18,1861,4.111111111111111,103.38888888888889,2,3,12,74,69,0.2777777777777778
124811,14,1136,4.357142857142857,81.14285714285714,5,3,9,61,64,0.5714285714285714
124835,1,68,2.0,68.0,1,1,2,2,147,0.0
124840,1,78,2.0,78.0,1,2,2,2,283,1.0
124845,3,239,1.6666666666666667,79.66666666666667,1,3,4,5,428,1.0
124849,1,45,1.0,45.0,1,1,1,1,630,0.0
124850,2,121,3.5,60.5,1,3,4,7,520,1.0
124882,8,592,3.875,74.0,1,3,9,31,48,1.0
124896,1,166,6.0,166.0,1,1,3,6,407,1.0
124906,5,380,2.0,76.0,2,4,7,10,116,0.0
124910,7,864,4.714285714285714,123.42857142857143,2,4,13,33,28,0.2857142857142857
124937,1,94,3.0,94.0,1,1,3,3,473,1.0
124941,1,99,4.0,99.0,1,1,1,4,697,1.0
124962,4,251,2.75,62.75,3,2,5,11,539,0.5
124968,6,837,5.166666666666667,139.5,1,4,10,31,118,0.0
124984,3,323,3.0,107.66666666666667,1,1,5,9,154,1.0
124986,1,73,2.0,73.0,1,1,2,2,626,1.0
124988,2,329,6.5,164.5,1,3,6,13,232,1.0
125004,23,2122,3.782608695652174,92.26086956521739,3,4,9,87,50,0.9130434782608695
125022,4,642,5.25,160.5,1,4,10,21,74,0.0
125039,1,85,2.0,85.0,1,1,2,2,204,1.0
125085,15,1778,4.466666666666667,118.53333333333333,3,4,11,67,29,0.8666666666666667
125093,3,104,1.3333333333333333,34.666666666666664,1,2,4,4,402,1.0
125101,2,89,1.5,44.5,2,2,3,3,234,0.0
125102,5,514,3.4,102.8,4,4,6,17,52,0.2
125119,1,190,7.0,190.0,1,2,4,7,679,1.0
125142,2,156,3.5,78.0,1,2,5,7,346,1.0
125157,8,420,2.5,52.5,3,3,8,20,17,0.5
125176,1,91,3.0,91.0,1,1,2,3,351,0.0
125195,1,25,1.0,25.0,1,1,1,1,723,0.0
125203,2,167,3.0,83.5,1,2,3,6,359,0.0
125222,9,781,4.222222222222222,86.77777777777777,1,2,9,38,64,1.0
125227,2,142,1.5,71.0,1,2,3,3,62,1.0
125248,2,423,6.0,211.5,1,1,3,12,115,1.0
125250,3,551,6.333333333333333,183.66666666666666,1,4,10,19,79,1.0
125261,1,133,6.0,133.0,1,1,5,6,585,0.0
125279,1,403,9.0,403.0,1,1,6,9,519,1.0
125285,1,55,2.0,55.0,1,1,2,2,532,1.0
125322,1,115,3.0,115.0,1,2,3,3,105,1.0
125332,4,167,1.75,41.75,1,3,7,7,156,1.0
125343,4,188,2.5,47.0,3,3,6,10,22,0.25
125351,4,523,5.0,130.75,1,3,6,20,44,1.0
125366,5,427,3.2,85.4,2,3,6,16,260,0.8
125377,1,24,1.0,24.0,1,1,1,1,30,0.0
125392,8,747,3.75,93.375,2,4,9,30,65,0.875
125415,25,2505,4.16,100.2,1,4,10,104,3,1.0
125426,13,1623,4.846153846153846,124.84615384615384,1,3,10,63,105,1.0
125438,1,89,5.0,89.0,1,2,3,5,469,1.0
125459,2,54,1.0,27.0,1,2,2,2,526,0.0
125478,1,63,2.0,63.0,1,1,2,2,168,0.0
125480,4,792,6.5,198.0,3,3,9,26,90,0.0
125483,3,594,7.333333333333333,198.0,1,2,6,22,83,1.0
125494,2,155,3.0,77.5,1,2,2,6,459,1.0
125504,1,76,2.0,76.0,1,1,1,2,431,1.0
125558,2,170,3.0,85.0,1,3,6,6,429,0.0
125588,6,605,4.333333333333333,100.83333333333333,3,3,8,26,225,0.5
125589,4,674,4.25,168.5,3,3,8,17,102,0.5
125605,1,116,5.0,116.0,1,2,4,5,554,0.0
125621,1,64,2.0,64.0,1,1,2,2,623,1.0
125652,1,55,1.0,55.0,1,1,1,1,533,1.0
125654,6,343,2.1666666666666665,57.166666666666664,1,4,8,13,55,1.0
125661,1,61,3.0,61.0,1,2,2,3,126,1.0
125663,1,49,3.0,49.0,1,2,2,3,183,1.0
125685,5,1163,7.6,232.6,1,4,11,38,99,1.0
125704,1,226,6.0,226.0,1,2,4,6,74,1.0
125705,3,228,3.6666666666666665,76.0,1,2,6,11,149,1.0
125713,9,1425,5.666666666666667,158.33333333333334,1,4,11,51,11,1.0
125739,1,64,2.0,64.0,1,1,2,2,457,1.0
125774,3,177,2.0,59.0,1,1,2,6,335,1.0
125828,2,167,3.5,83.5,1,2,4,7,174,1.0
125845,22,2321,4.363636363636363,105.5,4,4,12,96,83,0.8636363636363636
125857,8,794,3.375,99.25,1,4,8,27,169,0.0
125867,2,167,2.5,83.5,2,2,4,5,339,0.0
125904,24,1476,3.0416666666666665,61.5,1,4,10,73,70,1.0
125928,2,206,3.5,103.0,1,3,4,7,426,0.0
125962,2,132,2.5,66.0,1,3,5,5,214,0.0
125994,4,509,3.75,127.25,2,3,8,15,150,0.75
125997,1,66,2.0,66.0,1,1,2,2,34,1.0
126012,10,660,2.1,66.0,1,4,10,21,63,1.0
126061,7,986,4.285714285714286,140.85714285714286,1,4,9,30,69,1.0
126083,2,87,1.5,43.5,2,1,3,3,674,0.0
126103,3,445,4.333333333333333,148.33333333333334,3,4,7,13,99,0.3333333333333333
126131,1,157,5.0,157.0,1,2,4,5,61,1.0
126134,1,28,2.0,28.0,1,2,2,2,13,1.0
126138,3,192,2.0,64.0,3,2,5,6,49,0.3333333333333333
126144,3,477,5.666666666666667,159.0,1,3,9,17,525,1.0
126195,2,310,4.5,155.0,2,3,7,9,132,0.0
126222,6,267,3.0,44.5,1,4,7,18,169,1.0
126242,2,103,2.0,51.5,1,1,1,4,44,0.0
126259,18,1221,2.8333333333333335,67.83333333333333,3,4,10,51,70,0.4444444444444444
126285,2,196,4.0,98.0,1,2,5,8,95,1.0
126286,1,158,5.0,158.0,1,1,3,5,188,0.0
126289,5,388,3.8,77.6,1,3,7,19,100,0.0
126297,4,177,2.0,44.25,1,3,4,8,72,1.0
126300,1,129,4.0,129.0,1,1,2,4,91,1.0
126305,1,45,2.0,45.0,1,1,1,2,410,1.0
126309,2,208,3.0,104.0,1,3,6,6,55,1.0
126356,6,303,3.0,50.5,1,4,7,18,70,1.0
126368,3,179,3.3333333333333335,59.666666666666664,2,3,6,10,516,0.6666666666666666
126372,2,161,2.5,80.5,2,2,3,5,127,0.0
126394,1,47,2.0,47.0,1,1,1,2,43,1.0
126417,3,202,3.0,67.33333333333333,1,2,5,9,233,1.0
126473,1,160,5.0,160.0,1,2,4,5,553,1.0
126493,5,259,2.4,51.8,2,3,7,12,259,0.8
126502,8,768,4.5,96.0,1,3,7,36,28,1.0
126505,2,194,3.0,97.0,1,2,4,6,509,0.0
126508,2,157,2.5,78.5,2,2,3,5,224,0.0
126509,5,391,2.4,78.2,3,2,4,12,41,0.4
126525,1,153,3.0,153.0,1,1,2,3,123,1.0
126527,1,0,1.0,0.0,1,1,1,1,700,1.0
126531,4,149,2.0,37.25,1,2,5,8,211,0.0
126538,1,158,4.0,158.0,1,1,3,4,463,1.0
126553,3,247,3.6666666666666665,82.33333333333333,2,3,5,11,160,0.0
126586,1,122,4.0,122.0,1,1,3,4,595,1.0
126593,2,167,2.5,83.5,1,2,4,5,132,1.0
126600,1,55,1.0,55.0,1,1,1,1,105,1.0
126608,9,974,4.0,108.22222222222223,3,3,7,36,52,0.1111111111111111
126640,2,145,2.0,72.5,2,2,3,4,256,0.0
126644,1,165,5.0,165.0,1,1,5,5,673,0.0
126686,3,447,4.666666666666667,149.0,1,2,6,14,153,1.0
126698,2,147,2.0,73.5,1,3,3,4,407,1.0
126705,1,54,2.0,54.0,1,1,2,2,6,0.0
126733,1,69,2.0,69.0,1,1,1,2,626,1.0
126735,2,188,3.0,94.0,2,2,5,6,90,0.5
126747,10,1153,4.6,115.3,4,2,4,46,143,0.1
126761,1,53,1.0,53.0,1,1,1,1,398,1.0
126771,2,190,3.0,95.0,2,2,5,6,469,0.0
126815,8,380,2.0,47.5,2,4,9,16,65,0.625
126832,6,585,4.0,97.5,1,4,8,24,65,1.0
126851,2,290,3.5,145.0,1,2,5,7,645,1.0
126858,1,65,1.0,65.0,1,1,1,1,471,1.0
126884,5,377,2.2,75.4,3,3,5,11,43,0.2
126891,9,760,4.222222222222222,84.44444444444444,2,4,10,38,48,0.1111111111111111
126897,4,818,6.25,204.5,1,4,11,25,27,0.0
126908,1,77,2.0,77.0,1,1,1,2,140,1.0
126914,2,163,2.0,81.5,1,1,2,4,208,1.0
126922,8,678,4.375,84.75,2,2,6,35,168,0.75
126938,1,69,1.0,69.0,1,1,1,1,268,1.0
126943,5,350,2.6,70.0,1,3,4,13,50,1.0
126968,5,402,2.4,80.4,2,3,6,12,225,0.8
126977,10,1044,3.3,104.4,1,4,11,33,50,1.0
126980,1,85,3.0,85.0,1,2,3,3,125,1.0
127049,3,4,1.3333333333333333,1.3333333333333333,1,1,1,4,457,0.0
127105,1,76,2.0,76.0,1,1,1,2,273,1.0
127142,1,77,2.0,77.0,1,1,1,2,107,0.0
127153,2,203,3.0,101.5,1,2,3,6,280,1.0
127158,6,784,4.666666666666667,130.66666666666666,1,4,14,28,104,1.0
127211,7,689,4.285714285714286,98.42857142857143,1,4,10,30,364,1.0
127214,11,601,2.272727272727273,54.63636363636363,2,4,9,25,38,0.9090909090909091
127226,2,131,3.0,65.5,1,2,4,6,361,1.0
127241,6,632,4.166666666666667,105.33333333333333,1,3,9,25,37,0.0
127264,6,439,2.6666666666666665,73.16666666666667,2,4,6,16,65,0.0
127279,3,185,2.0,61.666666666666664,2,1,6,6,400,0.3333333333333333
127283,6,226,2.1666666666666665,37.666666666666664,1,3,7,13,71,1.0
127297,1,105,5.0,105.0,1,2,2,5,411,1.0
127305,15,1236,3.2666666666666666,82.4,1,4,13,49,26,1.0
127334,7,1149,5.0,164.14285714285714,2,4,10,35,14,0.14285714285714285
127350,4,373,4.0,93.25,1,3,8,16,56,1.0
127358,1,118,3.0,118.0,1,2,3,3,146,0.0
127360,2,151,3.0,75.5,1,2,4,6,234,1.0
127374,1,108,3.0,108.0,1,1,3,3,177,1.0
127390,1,161,4.0,161.0,1,2,3,4,721,1.0
127414,1,122,4.0,122.0,1,1,2,4,225,0.0
127418,8,480,3.0,60.0,2,4,9,24,65,0.25
127425,3,171,2.0,57.0,1,2,4,6,479,1.0
127490,2,98,1.5,49.0,2,1,2,3,129,0.5
127532,1,198,8.0,198.0,1,2,4,8,546,1.0
127537,11,1571,4.7272727272727275,142.8181818181818,2,4,12,52,111,0.9090909090909091
127542,1,120,3.0,120.0,1,2,3,3,169,1.0
127548,1,40,1.0,40.0,1,1,1,1,330,0.0
127551,3,217,2.3333333333333335,72.33333333333333,1,1,2,7,142,1.0
127583,6,716,5.333333333333333,119.33333333333333,1,3,10,32,91,1.0
127601,10,1506,5.0,150.6,2,4,9,50,30,0.0
127611,3,242,2.3333333333333335,80.66666666666667,1,2,4,7,422,1.0
127643,5,303,2.2,60.6,3,2,8,11,111,0.2
127659,1,91,4.0,91.0,1,1,3,4,595,1.0
127667,4,346,3.5,86.5,1,2,6,14,48,1.0
127681,1,108,3.0,108.0,1,3,3,3,84,0.0
127701,1,75,2.0,75.0,1,1,1,2,539,1.0
127704,6,970,5.833333333333333,161.66666666666666,1,4,9,35,102,1.0
127758,3,375,3.6666666666666665,125.0,1,2,7,11,41,0.0
127772,2,65,1.0,32.5,2,2,2,2,387,0.5
127827,3,339,4.0,113.0,1,3,6,12,118,0.0
127829,8,764,4.625,95.5,1,3,6,37,50,1.0
127831,4,405,2.75,101.25,3,3,4,11,289,0.25
127847,1,79,6.0,79.0,1,2,3,6,526,1.0
127863,4,193,2.75,48.25,1,3,5,11,198,1.0
127870,5,203,3.2,40.6,4,3,7,16,484,0.4
127879,2,345,6.0,172.5,2,3,7,12,118,0.5
127880,44,3089,2.659090909090909,70.20454545454545,1,4,13,117,39,1.0
127892,16,947,2.375,59.1875,2,4,11,38,37,0.9375
127903,2,172,2.0,86.0,1,1,1,4,146,1.0
127918,2,230,3.5,115.0,2,2,4,7,92,0.0
127923,2,146,1.5,73.0,1,1,3,3,146,1.0
127930,1,65,1.0,65.0,1,1,1,1,311,1.0
127938,5,428,2.4,85.6,2,3,5,12,60,0.2
127944,14,774,2.357142857142857,55.285714285714285,1,4,10,33,23,1.0
127969,3,318,3.3333333333333335,106.0,1,4,5,10,401,1.0
127988,11,1520,4.636363636363637,138.1818181818182,2,4,13,51,128,0.45454545454545453
127993,2,520,9.5,260.0,2,3,7,19,210,0.5
127997,1,76,2.0,76.0,1,1,1,2,500,1.0
127998,13,1655,5.076923076923077,127.3076923076923,2,4,13,66,2,0.9230769230769231
128038,4,634,4.25,158.5,1,3,7,17,42,1.0
128052,1,49,1.0,49.0,1,1,1,1,478,0.0
128054,1,103,3.0,103.0,1,2,2,3,584,0.0
128064,3,104,1.3333333333333333,34.666666666666664,3,2,2,4,417,0.3333333333333333
128072,12,929,3.3333333333333335,77.41666666666667,1,4,12,40,18,1.0
128084,3,178,2.3333333333333335,59.333333333333336,1,3,4,7,234,1.0
128090,5,17,1.6,3.4,1,2,3,8,149,1.0
128094,1,50,2.0,50.0,1,1,2,2,574,0.0
128107,1,62,2.0,62.0,1,1,2,2,612,1.0
128113,3,487,5.0,162.33333333333334,1,3,7,15,118,1.0
128156,5,784,5.4,156.8,3,2,6,27,226,0.0
128172,11,840,3.5454545454545454,76.36363636363636,2,4,8,39,27,0.6363636363636364
128175,5,365,2.4,73.0,4,4,7,12,224,0.4
128178,6,413,2.8333333333333335,68.83333333333333,1,3,9,17,174,1.0
128209,5,292,3.0,58.4,1,3,6,15,206,1.0
128210,1,67,2.0,67.0,1,1,2,2,498,1.0
128284,3,199,2.6666666666666665,66.33333333333333,2,3,6,8,231,0.0
128363,4,562,5.25,140.5,2,3,5,21,43,0.25
128381,7,345,2.2857142857142856,49.285714285714285,6,3,4,16,239,0.14285714285714285
128393,1,153,5.0,153.0,1,2,3,5,274,1.0
128395,2,167,2.5,83.5,2,1,3,5,25,0.0
128397,2,152,2.0,76.0,1,2,2,4,226,1.0
128406,11,932,3.5454545454545454,84.72727272727273,1,3,8,39,98,1.0
128453,6,389,2.5,64.83333333333333,2,4,6,15,86,0.3333333333333333
128529,4,353,2.5,88.25,1,2,5,10,2,1.0
128540,1,138,4.0,138.0,1,3,4,4,134,1.0
128544,6,724,4.0,120.66666666666667,1,4,13,24,14,1.0
128550,7,917,5.428571428571429,131.0,1,4,10,38,37,0.0
128574,2,111,2.0,55.5,2,2,3,4,116,0.0
128581,1,103,3.0,103.0,1,2,2,3,462,1.0
128593,6,355,1.8333333333333333,59.166666666666664,2,3,7,11,35,0.6666666666666666
128609,2,148,2.5,74.0,1,2,2,5,86,1.0
128615,2,147,2.5,73.5,1,3,4,5,462,1.0
128621,8,952,5.25,119.0,1,4,11,42,58,1.0
128653,13,746,3.0,57.38461538461539,2,3,9,39,7,0.9230769230769231
128660,1,75,1.0,75.0,1,1,1,1,420,1.0
128692,2,257,4.5,128.5,2,1,6,9,76,0.5
128701,1,92,3.0,92.0,1,1,2,3,610,0.0
128713,2,344,5.0,172.0,1,3,8,10,119,1.0
128749,1,10,3.0,10.0,1,1,1,3,417,1.0
128771,4,376,2.75,94.0,3,3,7,11,65,0.5
128777,2,275,4.5,137.5,1,1,4,9,343,0.0
128780,3,398,3.3333333333333335,132.66666666666666,2,3,6,10,672,0.6666666666666666
128781,2,290,5.0,145.0,1,2,4,10,73,1.0
128828,4,720,6.75,180.0,1,4,7,27,49,1.0
128843,3,220,3.0,73.33333333333333,2,2,4,9,27,0.3333333333333333
128878,3,182,1.6666666666666667,60.666666666666664,2,1,3,5,36,0.0
128900,2,209,4.0,104.5,2,2,5,8,147,0.5
128932,1,64,2.0,64.0,1,1,2,2,659,1.0
128934,3,146,1.6666666666666667,48.666666666666664,2,2,4,5,56,0.6666666666666666
128951,5,457,2.2,91.4,1,3,6,11,45,1.0
128975,2,184,3.0,92.0,1,2,3,6,401,1.0
129024,3,198,4.333333333333333,66.0,2,3,6,13,675,0.0
129052,1,39,2.0,39.0,1,1,2,2,234,1.0
129069,5,455,3.2,91.0,1,4,9,16,31,1.0
129088,1,59,3.0,59.0,1,2,3,3,595,1.0
129101,5,402,2.6,80.4,2,3,8,13,53,0.8
129108,2,224,5.0,112.0,1,2,5,10,367,1.0
129131,1,100,3.0,100.0,1,2,2,3,603,0.0
129157,3,127,2.0,42.333333333333336,1,1,3,6,41,1.0
129165,4,668,5.25,167.0,2,4,7,21,80,0.25
129180,1,34,2.0,34.0,1,2,2,2,23,0.0
129183,13,1279,3.769230769230769,98.38461538461539,1,4,12,49,70,1.0
129193,4,284,2.25,71.0,1,3,5,9,256,1.0
129209,2,445,7.0,222.5,2,3,5,14,60,0.5
129218,1,204,6.0,204.0,1,2,3,6,111,1.0
129235,1,105,1.0,105.0,1,1,1,1,458,1.0
129238,4,174,2.0,43.5,1,2,4,8,612,1.0
129247,4,345,2.75,86.25,2,4,6,11,143,0.5
129259,25,1214,2.6,48.56,1,4,14,65,35,1.0
129264,1,109,3.0,109.0,1,1,2,3,160,1.0
129269,6,439,2.1666666666666665,73.16666666666667,1,3,6,13,192,1.0
129320,6,523,2.8333333333333335,87.16666666666667,3,3,8,17,62,0.5
129350,4,429,3.25,107.25,1,3,7,13,130,1.0
129351,1,72,2.0,72.0,1,1,2,2,334,0.0
129404,3,255,2.3333333333333335,85.0,1,2,4,7,135,1.0
129412,8,449,3.125,56.125,3,4,8,25,157,0.0
129421,3,193,2.0,64.33333333333333,2,2,5,6,271,0.0
129425,2,108,1.5,54.0,2,1,2,3,14,0.0
129427,1,42,1.0,42.0,1,1,1,1,427,1.0
129467,7,1029,5.714285714285714,147.0,4,3,9,40,7,0.0
129469,8,815,4.375,101.875,1,3,6,35,63,1.0
129477,10,1009,3.8,100.9,2,4,9,38,50,0.3
129505,1,47,2.0,47.0,1,1,2,2,233,0.0
129506,2,182,3.5,91.0,1,2,5,7,493,1.0
129516,6,373,2.1666666666666665,62.166666666666664,1,3,8,13,64,1.0
129520,1,0,1.0,0.0,1,1,1,1,694,1.0
129554,3,278,3.6666666666666665,92.66666666666667,1,2,3,11,50,1.0
129564,1,50,2.0,50.0,1,1,2,2,55,1.0
129565,5,572,3.6,114.4,2,4,9,18,63,0.8
129580,7,665,4.0,95.0,2,4,11,28,64,0.8571428571428571
129611,9,758,3.111111111111111,84.22222222222223,2,4,8,28,47,0.6666666666666666
129633,3,223,3.0,74.33333333333333,3,1,3,9,52,0.3333333333333333
129649,1,81,3.0,81.0,1,2,3,3,276,0.0
129675,1,116,4.0,116.0,1,2,3,4,408,1.0
129679,14,1106,3.4285714285714284,79.0,1,3,11,48,133,1.0
129700,16,1324,3.3125,82.75,3,4,10,53,6,0.75
129702,1,145,3.0,145.0,1,2,3,3,255,0.0
129704,2,211,2.5,105.5,1,3,4,5,483,1.0
129709,1,184,5.0,184.0,1,1,2,5,500,1.0
129714,2,301,5.0,150.5,2,2,5,10,136,0.5
129716,3,185,2.0,61.666666666666664,2,3,5,6,441,0.3333333333333333
129721,10,628,3.0,62.8,4,3,8,30,183,0.0
129737,3,177,2.6666666666666665,59.0,3,2,4,8,491,0.3333333333333333
129754,1,101,3.0,101.0,1,1,3,3,505,0.0
129819,4,362,3.25,90.5,1,2,5,13,62,1.0
129824,3,303,3.0,101.0,3,2,5,9,69,0.3333333333333333
129848,2,141,2.0,70.5,1,2,3,4,435,0.0
129856,1,66,4.0,66.0,1,2,3,4,681,1.0
129860,2,212,3.0,106.0,1,2,5,6,618,1.0
129884,2,143,2.0,71.5,1,1,3,4,125,1.0
129897,4,462,3.5,115.5,1,4,7,14,141,1.0
129899,5,140,2.0,28.0,4,2,3,10,153,0.2
129979,1,74,2.0,74.0,1,1,1,2,425,1.0
130012,3,286,3.0,95.33333333333333,1,3,4,9,435,0.0
130033,3,407,3.6666666666666665,135.66666666666666,1,4,8,11,259,1.0
130080,1,105,2.0,105.0,1,1,2,2,322,0.0
130089,1,39,1.0,39.0,1,1,1,1,612,1.0
130123,4,590,6.5,147.5,1,2,5,26,167,0.0
130127,1,74,2.0,74.0,1,1,2,2,146,0.0
130157,1,85,2.0,85.0,1,1,1,2,164,1.0
130170,1,70,2.0,70.0,1,2,2,2,393,0.0
130171,12,929,2.9166666666666665,77.41666666666667,3,4,11,35,70,0.6666666666666666
130189,1,75,1.0,75.0,1,1,1,1,462,1.0
130205,13,826,3.4615384615384617,63.53846153846154,1,4,8,45,35,1.0
130209,4,454,4.25,113.5,1,3,8,17,245,1.0
130220,5,851,6.8,170.2,1,4,9,34,24,1.0
130230,1,74,2.0,74.0,1,1,1,2,35,1.0
130244,1,100,2.0,100.0,1,1,2,2,644,1.0
130261,7,536,2.5714285714285716,76.57142857142857,2,3,5,18,46,0.2857142857142857
130269,4,133,2.5,33.25,1,2,2,10,623,1.0
130277,4,981,8.0,245.25,2,3,11,32,31,0.0
130293,1,90,2.0,90.0,1,1,1,2,466,1.0
130324,1,201,6.0,201.0,1,2,4,6,635,0.0
130356,2,175,2.5,87.5,1,1,4,5,707,0.0
130377,1,23,1.0,23.0,1,1,1,1,555,0.0
130455,3,149,2.3333333333333335,49.666666666666664,1,1,3,7,60,1.0
130488,2,142,2.5,71.0,2,3,4,5,581,0.5
130522,13,1227,3.4615384615384617,94.38461538461539,1,4,14,45,62,1.0
130527,1,129,5.0,129.0,1,2,3,5,516,1.0
130560,3,351,3.3333333333333335,117.0,1,3,4,10,156,1.0
130608,1,25,2.0,25.0,1,1,2,2,588,1.0
130625,1,0,1.0,0.0,1,1,1,1,686,0.0
130629,1,105,4.0,105.0,1,1,2,4,572,0.0
130671,1,122,4.0,122.0,1,1,2,4,515,1.0
130695,2,0,1.0,0.0,1,1,1,2,700,1.0
130748,1,128,3.0,128.0,1,1,1,3,409,1.0
130776,1,56,2.0,56.0,1,1,2,2,441,1.0
130806,4,569,3.75,142.25,1,3,6,15,22,1.0
130824,1,71,3.0,71.0,1,1,2,3,598,0.0
130838,2,287,4.0,143.5,1,1,5,8,322,1.0
130846,1,138,4.0,138.0,1,1,3,4,149,0.0
130848,5,1314,8.4,262.8,1,3,12,42,148,1.0
130858,4,117,2.0,29.25,2,3,3,8,42,0.75
130871,1,119,4.0,119.0,1,2,4,4,562,0.0
130900,13,491,1.3846153846153846,37.76923076923077,3,4,9,18,31,0.15384615384615385
130901,4,232,2.0,58.0,3,2,4,8,63,0.5
130915,3,207,2.3333333333333335,69.0,1,2,4,7,448,0.0
130919,6,322,2.0,53.666666666666664,2,3,4,12,167,0.16666666666666666
130929,3,216,2.3333333333333335,72.0,1,1,5,7,125,1.0
130953,8,534,2.25,66.75,1,3,8,18,70,1.0
130954,1,87,3.0,87.0,1,1,3,3,441,1.0
130955,1,213,7.0,213.0,1,2,5,7,247,0.0
130978,1,82,2.0,82.0,1,2,2,2,128,1.0
131006,5,231,2.0,46.2,1,3,5,10,71,1.0
131040,5,503,4.2,100.6,1,4,9,21,153,1.0
131057,2,93,3.5,46.5,1,2,4,7,674,1.0
131071,1,81,3.0,81.0,1,1,2,3,134,1.0
131075,3,214,3.6666666666666665,71.33333333333333,1,3,4,11,105,1.0
131087,2,253,3.0,126.5,1,3,5,6,53,1.0
131090,1,99,5.0,99.0,1,2,4,5,693,0.0
131115,3,188,2.3333333333333335,62.666666666666664,1,2,4,7,189,1.0
131134,3,236,3.0,78.66666666666667,1,2,2,9,35,1.0
131148,9,770,3.3333333333333335,85.55555555555556,3,4,11,30,24,0.0
131188,1,59,1.0,59.0,1,1,1,1,197,1.0
131214,1,49,1.0,49.0,1,1,1,1,637,0.0
131222,5,330,2.8,66.0,2,3,7,14,97,0.4
131231,1,69,1.0,69.0,1,1,1,1,439,1.0
131275,1,74,2.0,74.0,1,1,1,2,672,1.0
131300,3,347,3.3333333333333335,115.66666666666667,1,2,5,10,7,1.0
131323,48,4991,3.9583333333333335,103.97916666666667,9,4,15,190,35,0.5625
131334,1,108,3.0,108.0,1,1,3,3,344,1.0
131345,1,66,2.0,66.0,1,1,2,2,308,1.0
131376,5,646,4.4,129.2,3,2,6,22,105,0.6
131379,3,241,2.3333333333333335,80.33333333333333,2,2,3,7,143,0.0
131395,1,29,1.0,29.0,1,1,1,1,595,1.0
131421,1,129,4.0,129.0,1,1,3,4,695,1.0
131423,9,1025,3.888888888888889,113.88888888888889,1,4,10,35,31,1.0
131437,13,965,2.4615384615384617,74.23076923076923,2,4,10,32,90,0.6923076923076923
131450,1,74,3.0,74.0,1,1,3,3,224,1.0
131455,3,557,8.0,185.66666666666666,2,2,7,24,551,0.6666666666666666
131465,4,89,1.75,22.25,1,3,4,7,164,1.0
131467,1,28,2.0,28.0,1,1,2,2,596,1.0
131499,1,60,1.0,60.0,1,1,1,1,622,0.0
131524,9,515,2.111111111111111,57.22222222222222,2,4,9,19,49,0.8888888888888888
131529,4,357,3.5,89.25,2,2,6,14,6,0.0
131594,2,127,2.0,63.5,1,2,3,4,18,1.0
131603,13,1188,4.076923076923077,91.38461538461539,1,4,11,53,2,1.0
131616,1,99,5.0,99.0,1,2,3,5,700,1.0
131623,7,348,2.857142857142857,49.714285714285715,1,4,8,20,31,1.0
131636,8,526,2.375,65.75,2,3,7,19,65,0.75
131651,1,76,2.0,76.0,1,1,2,2,288,0.0
131661,5,353,3.0,70.6,2,3,8,15,322,0.8
131740,3,150,1.6666666666666667,50.0,1,2,4,5,174,1.0
131750,1,292,6.0,292.0,1,2,6,6,260,1.0
131776,2,154,2.5,77.0,1,3,3,5,51,1.0
131780,1,110,8.0,110.0,1,2,3,8,681,1.0
131782,1,118,3.0,118.0,1,2,3,3,469,1.0
131783,16,2249,5.0,140.5625,2,4,13,80,52,0.0
131803,15,855,1.9333333333333333,57.0,4,4,14,29,98,0.4666666666666667
131821,3,310,3.3333333333333335,103.33333333333333,1,2,5,10,505,1.0
131837,1,74,2.0,74.0,1,1,2,2,722,1.0
131848,4,325,3.0,81.25,2,3,8,12,257,0.0
131861,2,98,2.0,49.0,1,2,4,4,686,1.0
131898,3,150,2.0,50.0,2,2,3,6,183,0.3333333333333333
131903,2,148,1.5,74.0,1,2,2,3,226,0.0
131906,2,144,3.0,72.0,1,2,4,6,248,1.0
131909,2,158,3.0,79.0,2,1,4,6,62,0.0
131924,2,168,2.0,84.0,2,2,4,4,79,0.5
131945,2,103,2.0,51.5,2,2,3,4,224,0.0
131959,9,446,2.888888888888889,49.55555555555556,2,4,10,26,35,0.5555555555555556
131976,5,269,3.0,53.8,1,2,5,15,200,0.0
131997,3,348,2.0,116.0,2,2,3,6,133,0.0
132001,4,311,2.75,77.75,2,2,4,11,560,0.5
132035,6,621,4.833333333333333,103.5,1,3,8,29,48,1.0
132050,1,101,3.0,101.0,1,2,3,3,77,1.0
132055,1,0,2.0,0.0,1,2,2,2,553,1.0
132063,3,182,1.6666666666666667,60.666666666666664,1,3,4,5,158,0.0
132072,2,113,2.5,56.5,1,3,4,5,364,1.0
132088,6,172,1.0,28.666666666666668,1,1,3,6,301,1.0
132099,2,337,4.5,168.5,1,2,6,9,339,1.0
132115,1,64,2.0,64.0,1,1,2,2,708,0.0
132131,3,380,4.333333333333333,126.66666666666667,1,3,6,13,532,1.0
132132,6,355,1.8333333333333333,59.166666666666664,2,2,5,11,43,0.6666666666666666
132156,1,147,4.0,147.0,1,2,3,4,155,0.0
132157,2,231,3.0,115.5,1,3,6,6,630,1.0
132179,3,533,6.0,177.66666666666666,1,2,6,18,87,1.0
132191,5,202,1.6,40.4,3,4,6,8,241,0.4
132213,3,343,4.666666666666667,114.33333333333333,1,2,5,14,252,1.0
132219,3,296,2.6666666666666665,98.66666666666667,2,3,4,8,337,0.6666666666666666
132233,1,158,7.0,158.0,1,1,5,7,585,1.0
132303,1,188,6.0,188.0,1,2,4,6,331,1.0
132309,1,79,6.0,79.0,1,3,3,6,401,1.0
132314,3,215,2.3333333333333335,71.66666666666667,2,3,6,7,167,0.6666666666666666
132317,4,415,3.25,103.75,2,1,4,13,385,0.75
132346,1,51,2.0,51.0,1,1,2,2,226,1.0
132353,4,337,2.5,84.25,1,3,6,10,88,0.0
132371,5,541,5.0,108.2,2,3,8,25,70,0.0
132375,12,1165,3.75,97.08333333333333,2,4,11,45,51,0.9166666666666666
132385,3,227,2.0,75.66666666666667,1,2,4,6,231,1.0
132421,4,376,4.25,94.0,1,2,7,17,51,1.0
132497,2,57,1.5,28.5,1,2,3,3,598,1.0
132511,5,457,3.6,91.4,2,2,7,18,337,0.8
132523,1,135,4.0,135.0,1,1,2,4,100,0.0
132531,4,289,2.0,72.25,2,1,4,8,494,0.5
132544,12,1600,4.916666666666667,133.33333333333334,3,3,9,59,48,0.8333333333333334
132583,4,255,2.25,63.75,2,1,4,9,48,0.75
132606,22,1499,3.227272727272727,68.13636363636364,2,4,14,71,18,0.9545454545454546
132623,4,269,2.25,67.25,2,3,6,9,45,0.5
132626,4,230,2.5,57.5,2,3,5,10,109,0.0
132669,5,455,3.2,91.0,1,3,9,16,86,1.0
132672,2,315,4.5,157.5,1,3,5,9,34,1.0
132694,1,174,9.0,174.0,1,2,5,9,677,1.0
132714,6,728,3.8333333333333335,121.33333333333333,2,4,10,23,271,0.0
132723,2,174,3.0,87.0,1,1,3,6,596,1.0
132733,1,212,8.0,212.0,1,4,5,8,383,1.0
132744,1,198,7.0,198.0,1,2,4,7,29,0.0
132749,1,129,5.0,129.0,1,3,4,5,407,1.0
132754,6,208,1.3333333333333333,34.666666666666664,1,3,6,8,251,1.0
132757,1,84,2.0,84.0,1,1,2,2,521,1.0
132763,1,61,2.0,61.0,1,1,2,2,329,0.0
132779,10,607,2.5,60.7,2,4,10,25,3,0.9
132782,5,127,1.6,25.4,2,3,5,8,51,0.0
132785,1,135,6.0,135.0,1,1,4,6,255,0.0
132786,1,62,2.0,62.0,1,1,2,2,484,0.0
132796,5,255,2.6,51.0,1,2,4,13,139,1.0
132811,2,404,7.5,202.0,1,3,8,15,137,1.0
132817,10,595,2.4,59.5,1,4,10,24,28,1.0
132829,14,1261,3.7857142857142856,90.07142857142857,4,4,14,53,46,0.7857142857142857
132839,4,407,3.0,101.75,1,3,7,12,51,1.0
132848,1,71,2.0,71.0,1,1,1,2,22,1.0
132851,6,579,3.5,96.5,2,4,9,21,55,0.8333333333333334
132863,3,121,1.6666666666666667,40.333333333333336,2,2,2,5,160,0.0
132883,2,185,3.0,92.5,1,1,4,6,544,1.0
132914,1,132,3.0,132.0,1,2,3,3,647,1.0
132934,1,35,2.0,35.0,1,1,2,2,710,1.0
132959,1,65,3.0,65.0,1,2,3,3,478,1.0
132994,1,32,1.0,32.0,1,1,1,1,612,1.0
133002,4,884,7.5,221.0,2,2,5,30,41,0.0
133022,4,287,2.0,71.75,2,3,4,8,129,0.75
133058,4,385,3.25,96.25,1,3,9,13,57,1.0
133068,11,867,3.727272727272727,78.81818181818181,1,4,10,41,23,1.0
133072,2,148,3.0,74.0,1,3,4,6,105,0.0
133077,2,198,3.0,99.0,1,2,2,6,183,1.0
133087,3,277,2.6666666666666665,92.33333333333333,2,3,5,8,315,0.0
133103,6,601,3.0,100.16666666666667,5,3,8,18,3,0.3333333333333333
133108,2,91,2.0,45.5,2,2,3,4,41,0.0
133109,1,98,3.0,98.0,1,1,3,3,651,0.0
133116,2,78,1.0,39.0,2,2,2,2,125,0.5
133126,4,757,7.75,189.25,2,3,7,31,378,0.5
133148,4,603,5.5,150.75,1,3,6,22,226,1.0
133164,1,124,7.0,124.0,1,3,5,7,694,0.0
133200,3,313,3.3333333333333335,104.33333333333333,1,2,5,10,231,1.0
133216,2,327,6.0,163.5,2,2,6,12,31,0.5
133218,2,117,1.5,58.5,1,1,3,3,484,1.0
133259,4,391,2.25,97.75,2,3,6,9,27,0.5
133272,11,434,2.3636363636363638,39.45454545454545,1,3,5,26,56,1.0
133306,7,531,3.2857142857142856,75.85714285714286,1,4,8,23,126,1.0
133320,1,60,2.0,60.0,1,1,1,2,86,1.0
133341,2,135,1.5,67.5,1,2,2,3,121,1.0
133351,5,530,3.6,106.0,2,2,4,18,6,0.6
133366,2,140,2.0,70.0,2,2,2,4,1,0.5
133375,1,78,2.0,78.0,1,1,2,2,6,1.0
133380,7,1012,4.285714285714286,144.57142857142858,3,4,10,30,80,0.0
133388,10,1094,4.1,109.4,2,3,9,41,17,0.9
133389,2,164,3.5,82.0,1,1,3,7,179,1.0
133403,2,121,2.5,60.5,1,3,3,5,466,1.0
133406,1,106,3.0,106.0,1,2,3,3,714,1.0
133429,2,108,2.5,54.0,1,2,4,5,449,1.0
133473,6,394,2.6666666666666665,65.66666666666667,1,3,5,16,214,1.0
133479,2,192,3.5,96.0,1,1,5,7,284,1.0
133483,11,660,2.5454545454545454,60.0,6,4,11,28,17,0.18181818181818182
133499,36,2386,3.0277777777777777,66.27777777777777,1,4,12,109,69,1.0
133508,6,165,2.0,27.5,2,2,4,12,273,0.0
133523,4,649,4.75,162.25,1,4,9,19,338,1.0
133529,6,391,2.8333333333333335,65.16666666666667,2,3,9,17,35,0.0
133570,4,225,2.25,56.25,1,2,7,9,178,0.0
133573,2,121,3.0,60.5,2,1,4,6,52,0.0
133579,11,1712,5.818181818181818,155.63636363636363,2,4,10,64,44,0.36363636363636365
133581,2,482,9.0,241.0,1,1,7,18,425,1.0
133582,14,860,2.5,61.42857142857143,1,3,9,35,38,1.0
133601,1,71,2.0,71.0,1,1,2,2,602,0.0
133606,1,49,1.0,49.0,1,1,1,1,437,1.0
133620,2,155,3.0,77.5,1,1,3,6,10,1.0
133637,6,601,3.5,100.16666666666667,1,4,8,21,43,1.0
133662,6,375,1.8333333333333333,62.5,3,2,6,11,83,0.16666666666666666
133666,1,64,2.0,64.0,1,1,2,2,467,0.0
133669,1,128,4.0,128.0,1,1,4,4,674,0.0
133732,2,250,3.5,125.0,2,3,7,7,119,0.5
133735,2,162,2.0,81.0,1,2,2,4,273,1.0
133768,2,90,1.5,45.0,1,1,2,3,525,1.0
133785,2,156,2.5,78.0,1,1,2,5,164,1.0
133801,3,174,2.3333333333333335,58.0,1,1,4,7,429,1.0
133866,1,81,2.0,81.0,1,1,2,2,259,1.0
133894,1,75,1.0,75.0,1,1,1,1,132,0.0
133908,2,36,1.5,18.0,1,2,2,3,683,1.0
133926,1,113,4.0,113.0,1,1,2,4,583,1.0
133939,2,196,3.0,98.0,2,1,4,6,185,0.5
133942,3,314,3.0,104.66666666666667,1,2,5,9,428,1.0
133949,1,60,2.0,60.0,1,1,2,2,582,1.0
134007,2,133,2.0,66.5,1,3,3,4,455,0.0
134010,1,127,3.0,127.0,1,1,2,3,232,1.0
134023,12,1073,3.75,89.41666666666667,7,4,11,45,28,0.08333333333333333
134036,2,129,1.5,64.5,1,2,3,3,424,1.0
134071,7,678,4.0,96.85714285714286,2,4,11,28,21,0.5714285714285714
134080,9,828,3.2222222222222223,92.0,1,3,9,29,288,1.0
134096,3,172,2.6666666666666665,57.333333333333336,1,1,4,8,232,1.0
134103,16,921,2.25,57.5625,3,4,11,36,37,0.125
134113,2,148,2.5,74.0,1,1,3,5,486,0.0
134134,1,66,2.0,66.0,1,1,2,2,305,1.0
134137,4,222,1.5,55.5,2,2,4,6,108,0.5
134140,2,135,1.5,67.5,1,2,3,3,628,1.0
134145,4,282,3.0,70.5,1,3,7,12,65,1.0
134150,4,435,4.5,108.75,2,3,8,18,118,0.0
134154,1,60,2.0,60.0,1,1,2,2,504,1.0
134157,2,112,2.5,56.0,1,2,3,5,354,1.0
134161,1,69,2.0,69.0,1,1,2,2,135,0.0
134168,11,1242,4.090909090909091,112.9090909090909,5,4,11,45,22,0.0
134182,1,76,3.0,76.0,1,2,2,3,88,1.0
134206,1,40,1.0,40.0,1,1,1,1,715,1.0
134224,1,89,3.0,89.0,1,2,2,3,350,1.0
134229,5,311,2.2,62.2,3,3,5,11,160,0.4
134231,2,39,3.0,19.5,2,2,2,6,682,0.5
134241,1,39,1.0,39.0,1,1,1,1,446,1.0
134243,4,616,6.25,154.0,2,4,7,25,58,0.75
134271,8,639,3.5,79.875,1,4,6,28,52,1.0
134274,8,468,3.0,58.5,2,2,6,24,37,0.75
134283,2,173,3.0,86.5,1,2,5,6,229,1.0
134307,2,147,2.0,73.5,1,1,3,4,88,0.0
134314,8,731,3.5,91.375,1,3,9,28,478,1.0
134315,4,179,1.0,44.75,2,2,3,4,36,0.0
134328,2,160,2.5,80.0,1,2,4,5,253,1.0
134330,10,1729,6.5,172.9,1,4,11,65,76,1.0
134338,1,25,1.0,25.0,1,1,1,1,637,0.0
134362,4,397,2.75,99.25,1,2,4,11,45,1.0
134370,4,488,4.25,122.0,3,3,7,17,161,0.25
134384,5,538,5.2,107.6,2,3,8,26,434,0.8
134389,5,323,3.2,64.6,2,2,8,16,65,0.8
134413,4,433,3.5,108.25,1,3,5,14,116,0.0
134443,14,1157,2.9285714285714284,82.64285714285714,1,4,9,41,31,0.0
134449,3,379,5.0,126.33333333333333,2,4,7,15,133,0.0
134451,3,237,3.3333333333333335,79.0,1,3,5,10,275,1.0
134480,1,58,2.0,58.0,1,1,2,2,467,1.0
134483,5,326,2.8,65.2,1,4,8,14,111,1.0
134488,2,176,3.0,88.0,1,2,3,6,216,1.0
134526,2,25,1.0,12.5,1,2,2,2,457,1.0
134552,1,95,3.0,95.0,1,1,3,3,626,0.0
134573,4,472,4.0,118.0,3,3,7,16,48,0.25
134575,1,124,5.0,124.0,1,1,3,5,57,0.0
134577,3,49,1.3333333333333333,16.333333333333332,1,3,3,4,330,1.0
134589,1,140,2.0,140.0,1,1,1,2,620,0.0
134590,4,387,3.25,96.75,2,3,5,13,125,0.75
134598,1,0,1.0,0.0,1,1,1,1,450,1.0
134614,3,219,2.6666666666666665,73.0,1,2,6,8,415,1.0
134651,1,191,6.0,191.0,1,3,4,6,234,0.0
134665,8,407,2.0,50.875,1,4,9,16,25,0.0
134691,8,843,4.375,105.375,1,2,6,35,90,1.0
134694,1,67,2.0,67.0,1,1,2,2,700,0.0
134700,4,732,5.75,183.0,3,4,10,23,49,0.0
134708,2,195,3.0,97.5,1,1,3,6,111,1.0
134729,4,408,3.5,102.0,1,1,5,14,287,0.0
134734,2,162,3.0,81.0,1,1,3,6,297,0.0
134751,1,177,6.0,177.0,1,1,4,6,619,0.0
134784,6,773,4.333333333333333,128.83333333333334,2,4,12,26,204,0.16666666666666666
134807,1,181,5.0,181.0,1,1,3,5,157,1.0
134809,5,315,2.2,63.0,1,4,9,11,63,1.0
134822,1,147,5.0,147.0,1,1,4,5,387,1.0
134827,1,69,1.0,69.0,1,1,1,1,644,0.0
134831,1,50,2.0,50.0,1,1,2,2,232,0.0
134840,1,88,2.0,88.0,1,1,2,2,132,0.0
134855,5,255,1.6,51.0,1,2,7,8,69,1.0
134857,14,1054,3.857142857142857,75.28571428571429,2,4,10,54,24,0.9285714285714286
134861,1,57,2.0,57.0,1,1,2,2,324,1.0
134866,1,115,4.0,115.0,1,1,3,4,469,1.0
134875,5,457,3.4,91.4,1,3,8,17,43,0.0
134882,16,652,1.625,40.75,1,4,10,26,27,1.0
134885,10,813,3.4,81.3,2,3,8,34,31,0.9
134894,1,52,2.0,52.0,1,1,1,2,288,1.0
134898,2,84,3.0,42.0,1,2,3,6,544,1.0
134916,5,572,3.8,114.4,2,3,7,19,49,0.0
134944,5,369,3.2,73.8,1,3,8,16,199,1.0
134997,4,26,1.5,6.5,2,2,3,6,463,0.75
135005,7,642,3.2857142857142856,91.71428571428571,2,4,11,23,29,0.8571428571428571
135022,8,589,3.25,73.625,2,4,7,26,14,0.875
135023,1,89,3.0,89.0,1,1,3,3,371,0.0
135035,5,381,3.2,76.2,2,3,8,16,231,0.8
135037,1,164,5.0,164.0,1,2,4,5,681,1.0
135054,2,259,3.0,129.5,1,3,5,6,320,1.0
135095,2,133,2.5,66.5,1,2,3,5,83,1.0
135114,1,72,2.0,72.0,1,1,2,2,513,0.0
135122,4,435,4.5,108.75,2,2,6,18,352,0.5
135132,9,809,3.2222222222222223,89.88888888888889,1,4,11,29,21,1.0
135138,5,469,2.6,93.8,1,3,7,13,52,1.0
135157,1,86,2.0,86.0,1,1,2,2,728,0.0
135181,29,4396,5.0,151.58620689655172,10,4,9,145,34,0.034482758620689655
135218,2,123,2.5,61.5,1,3,4,5,415,0.0
135222,3,103,1.3333333333333333,34.333333333333336,2,3,3,4,215,0.6666666666666666
135232,1,80,3.0,80.0,1,2,3,3,476,1.0
135248,3,118,1.6666666666666667,39.333333333333336,1,2,5,5,31,1.0
135252,9,431,2.111111111111111,47.888888888888886,1,4,10,19,37,1.0
135260,1,131,3.0,131.0,1,2,3,3,648,0.0
135270,3,463,5.333333333333333,154.33333333333334,2,4,10,16,48,0.6666666666666666
135295,5,346,2.2,69.2,4,1,6,11,21,0.4
135327,1,92,4.0,92.0,1,2,3,4,546,1.0
135355,3,223,2.3333333333333335,74.33333333333333,1,2,5,7,430,1.0
135380,2,221,2.5,110.5,2,2,4,5,378,0.5
135392,5,296,2.4,59.2,1,3,3,12,266,1.0
135393,2,116,2.0,58.0,1,1,2,4,64,1.0
135399,6,606,3.6666666666666665,101.0,1,2,5,22,141,1.0
135402,5,531,3.2,106.2,1,4,10,16,81,0.0
135413,3,248,3.3333333333333335,82.66666666666667,1,1,7,10,205,0.0
135421,3,583,6.333333333333333,194.33333333333334,3,3,6,19,104,0.3333333333333333
135454,4,323,3.5,80.75,1,3,6,14,118,1.0
135459,2,218,4.5,109.0,1,1,3,9,112,0.0
135464,1,79,1.0,79.0,1,1,1,1,616,1.0
135469,5,441,2.6,88.2,1,3,8,13,69,1.0
135483,1,125,5.0,125.0,1,1,3,5,465,1.0
135484,2,109,1.5,54.5,1,1,3,3,146,1.0
135527,1,95,4.0,95.0,1,1,2,4,584,0.0
135528,2,122,1.5,61.0,1,2,3,3,428,1.0
135533,3,134,1.3333333333333333,44.666666666666664,1,2,3,4,263,1.0
135547,5,258,2.2,51.6,2,2,3,11,155,0.8
135553,10,533,1.9,53.3,5,4,7,19,13,0.0
135579,7,410,2.142857142857143,58.57142857142857,2,4,8,15,62,0.2857142857142857
135580,15,587,2.7333333333333334,39.13333333333333,4,4,11,41,24,0.6666666666666666
135586,3,385,4.0,128.33333333333334,1,3,7,12,449,0.0
135593,4,355,5.0,88.75,1,2,7,20,168,1.0
135599,3,243,2.0,81.0,2,3,5,6,367,0.6666666666666666
135607,6,206,1.6666666666666667,34.333333333333336,2,2,4,10,133,0.6666666666666666
135616,2,187,3.0,93.5,1,1,4,6,58,1.0
135630,10,772,2.3,77.2,2,4,7,23,20,0.7
135664,2,208,3.5,104.0,1,1,3,7,146,1.0
135674,1,187,6.0,187.0,1,2,4,6,189,0.0
135684,4,379,3.25,94.75,1,3,7,13,1,0.0
135722,1,65,1.0,65.0,1,1,1,1,623,1.0
135723,24,2113,3.5,88.04166666666667,4,4,14,84,31,0.0
135730,11,1086,3.090909090909091,98.72727272727273,2,4,8,34,234,0.5454545454545454
135747,3,285,4.0,95.0,1,4,8,12,28,1.0
135755,12,707,2.75,58.916666666666664,4,4,9,33,39,0.6666666666666666
135763,1,120,4.0,120.0,1,2,3,4,718,1.0
135776,2,297,4.0,148.5,2,2,7,8,31,0.0
135793,1,203,6.0,203.0,1,1,3,6,291,1.0
135807,6,183,1.1666666666666667,30.5,1,2,5,7,148,0.0
135834,3,212,2.3333333333333335,70.66666666666667,1,4,5,7,63,1.0
135843,5,612,4.4,122.4,1,4,9,22,204,1.0
135852,2,86,2.0,43.0,1,2,2,4,46,1.0
135870,13,943,3.3076923076923075,72.53846153846153,4,4,11,43,32,0.6153846153846154
135871,3,668,7.333333333333333,222.66666666666666,1,4,8,22,41,1.0
135875,3,325,3.3333333333333335,108.33333333333333,2,2,6,10,175,0.0
135882,6,458,3.5,76.33333333333333,2,3,9,21,153,0.8333333333333334
135935,1,56,2.0,56.0,1,1,2,2,590,1.0
135938,1,64,2.0,64.0,1,1,2,2,721,1.0
135958,1,68,2.0,68.0,1,1,2,2,265,1.0
136001,2,143,3.0,71.5,2,1,5,6,225,0.0
136021,1,123,3.0,123.0,1,3,3,3,105,0.0
136023,1,76,4.0,76.0,1,2,3,4,694,0.0
136042,2,194,2.5,97.0,1,2,5,5,22,1.0
136054,3,477,5.0,159.0,1,3,8,15,49,0.0
136067,4,468,3.75,117.0,1,4,11,15,350,0.0
136069,4,175,1.5,43.75,2,2,4,6,214,0.5
136071,2,238,7.0,119.0,1,3,9,14,72,1.0
136077,11,996,3.909090909090909,90.54545454545455,2,4,12,43,36,0.36363636363636365
136078,2,319,4.5,159.5,2,2,3,9,487,0.5
136105,1,81,2.0,81.0,1,2,2,2,376,0.0
136108,2,155,3.0,77.5,1,1,3,6,65,1.0
136163,2,224,3.5,112.0,2,1,4,7,55,0.5
136228,1,84,2.0,84.0,1,1,2,2,462,1.0
136229,8,512,2.375,64.0,1,2,3,19,22,1.0
136236,1,62,2.0,62.0,1,1,1,2,471,0.0
136247,1,108,4.0,108.0,1,2,3,4,56,0.0
136257,1,74,2.0,74.0,1,1,2,2,571,1.0
136258,4,276,2.5,69.0,1,3,7,10,186,1.0
136266,1,140,4.0,140.0,1,1,3,4,620,1.0
136287,4,226,2.25,56.5,1,1,5,9,231,1.0
136303,2,137,2.0,68.5,1,2,2,4,109,1.0
136304,4,362,3.0,90.5,1,2,6,12,64,1.0
136335,4,213,2.5,53.25,1,2,4,10,582,0.0
136341,11,1873,6.0,170.27272727272728,1,4,12,66,147,1.0
136358,3,177,1.0,59.0,3,1,3,3,200,0.0
136375,2,132,2.5,66.0,1,1,4,5,598,1.0
136392,1,121,5.0,121.0,1,1,4,5,394,0.0
136393,1,100,4.0,100.0,1,1,4,4,41,0.0
136396,15,992,2.4,66.13333333333334,4,4,9,36,65,0.26666666666666666
136405,24,1877,2.625,78.20833333333333,6,4,15,63,7,0.3333333333333333
136454,10,497,2.6,49.7,1,4,10,26,43,1.0
136478,1,60,2.0,60.0,1,1,2,2,404,1.0
136492,1,64,3.0,64.0,1,2,3,3,696,0.0
136499,1,39,1.0,39.0,1,1,1,1,598,0.0
136515,1,167,6.0,167.0,1,2,4,6,365,1.0
136521,2,85,1.5,42.5,1,2,3,3,233,1.0
136537,1,88,2.0,88.0,1,2,2,2,548,1.0
136560,2,62,1.5,31.0,1,2,3,3,162,1.0
136577,4,298,2.25,74.5,1,2,6,9,236,1.0
136588,22,1488,2.6818181818181817,67.63636363636364,10,4,11,59,6,0.0
136593,4,600,5.0,150.0,1,3,7,20,83,1.0
136606,2,335,4.5,167.5,1,2,5,9,266,0.0
136614,10,645,2.9,64.5,3,3,8,29,37,0.4
136645,4,511,4.0,127.75,1,3,7,16,438,1.0
136658,2,142,2.0,71.0,1,2,4,4,637,1.0
136680,7,1271,5.857142857142857,181.57142857142858,2,4,11,41,70,0.8571428571428571
136707,4,266,2.5,66.5,1,2,5,10,542,1.0
136711,6,609,3.3333333333333335,101.5,1,2,7,20,9,1.0
136759,4,126,1.5,31.5,1,2,4,6,466,1.0
136788,2,146,1.5,73.0,1,2,2,3,97,1.0
136793,4,366,2.75,91.5,1,2,6,11,15,1.0
136798,9,133,1.6666666666666667,14.777777777777779,1,4,7,15,36,0.0
136804,1,45,1.0,45.0,1,1,1,1,617,1.0
136809,3,328,3.3333333333333335,109.33333333333333,3,2,6,10,252,0.3333333333333333
136867,3,256,2.6666666666666665,85.33333333333333,1,4,6,8,59,1.0
136875,1,177,5.0,177.0,1,1,3,5,111,1.0
136883,1,95,3.0,95.0,1,1,3,3,146,0.0
136893,1,232,8.0,232.0,1,2,4,8,32,1.0
136908,18,1474,3.388888888888889,81.88888888888889,1,4,11,61,6,1.0
136946,2,133,2.0,66.5,2,1,3,4,309,0.0
136947,7,593,3.5714285714285716,84.71428571428571,1,4,11,25,38,1.0
136955,11,681,2.272727272727273,61.90909090909091,3,4,11,25,24,0.09090909090909091
136958,3,232,2.3333333333333335,77.33333333333333,1,4,7,7,472,0.0
136967,2,181,2.5,90.5,1,2,5,5,238,1.0
136996,2,159,1.5,79.5,1,2,3,3,56,1.0
137010,1,99,1.0,99.0,1,1,1,1,708,0.0
137017,4,255,2.75,63.75,2,3,5,11,62,0.5
137038,7,1310,6.285714285714286,187.14285714285714,3,4,13,44,46,0.0
137050,3,198,2.6666666666666665,66.0,2,3,6,8,231,0.0
137059,2,126,2.5,63.0,2,1,5,5,423,0.0
137063,1,65,2.0,65.0,1,1,2,2,623,0.0
137080,5,385,3.4,77.0,2,3,5,17,387,0.2
137111,6,495,2.3333333333333335,82.5,2,4,10,14,263,0.8333333333333334
137114,7,941,5.0,134.42857142857142,2,4,11,35,135,0.8571428571428571
137119,2,107,1.5,53.5,2,2,3,3,529,0.0
137120,5,326,3.2,65.2,1,2,4,16,72,0.0
137194,1,51,2.0,51.0,1,2,2,2,186,1.0
137216,4,385,3.0,96.25,1,3,7,12,226,1.0
137224,1,109,3.0,109.0,1,1,2,3,1,0.0
137228,5,384,2.4,76.8,1,3,6,12,32,1.0
137235,2,207,2.5,103.5,1,2,3,5,383,0.0
137236,8,1219,5.0,152.375,2,4,10,40,30,0.0
137262,2,265,3.0,132.5,1,2,4,6,38,1.0
137268,1,111,4.0,111.0,1,1,3,4,658,1.0
137271,7,601,3.2857142857142856,85.85714285714286,1,3,10,23,148,1.0
137282,1,109,5.0,109.0,1,1,3,5,224,0.0
137296,3,210,2.3333333333333335,70.0,2,1,5,7,395,0.3333333333333333
137339,4,163,2.75,40.75,1,2,4,11,168,1.0
137344,12,481,2.25,40.083333333333336,2,4,6,27,111,0.5833333333333334
137360,6,256,1.8333333333333333,42.666666666666664,2,2,3,11,140,0.5
137368,2,76,1.5,38.0,1,2,3,3,389,1.0
137378,1,138,6.0,138.0,1,2,5,6,401,1.0
137401,3,178,2.0,59.333333333333336,1,2,3,6,402,1.0
137411,11,753,3.0,68.45454545454545,6,4,9,33,37,0.09090909090909091
137425,7,884,5.0,126.28571428571429,1,4,11,35,63,1.0
137446,6,425,2.3333333333333335,70.83333333333333,1,3,6,14,108,1.0
137488,1,120,4.0,120.0,1,1,2,4,94,1.0
137517,1,190,6.0,190.0,1,2,3,6,693,0.0
137555,2,93,1.5,46.5,2,2,3,3,63,0.0
137561,12,798,2.25,66.5,3,4,10,27,53,0.08333333333333333
137613,3,279,2.3333333333333335,93.0,1,2,4,7,479,1.0
137633,1,83,5.0,83.0,1,1,4,5,358,1.0
137665,1,157,3.0,157.0,1,1,2,3,619,1.0
137672,4,158,1.5,39.5,1,4,5,6,182,1.0
137675,1,71,4.0,71.0,1,1,3,4,28,1.0
137692,3,719,7.666666666666667,239.66666666666666,2,4,11,23,53,0.0
137728,1,49,1.0,49.0,1,1,1,1,620,1.0
137741,2,232,4.5,116.0,1,2,4,9,448,0.0
137745,10,1036,4.1,103.6,3,4,7,41,294,0.5
137752,4,337,3.25,84.25,1,2,4,13,21,1.0
137768,9,867,3.888888888888889,96.33333333333333,2,4,11,35,27,0.3333333333333333
137770,4,295,2.5,73.75,1,2,6,10,197,0.0
137773,1,77,2.0,77.0,1,1,1,2,253,0.0
137787,1,90,3.0,90.0,1,1,3,3,696,1.0
137795,2,212,3.0,106.0,1,3,5,6,181,1.0
137823,1,70,2.0,70.0,1,1,2,2,582,1.0
137828,2,41,1.0,20.5,1,2,2,2,162,1.0
137837,5,331,4.6,66.2,1,3,9,23,99,1.0
137844,2,139,2.0,69.5,1,1,3,4,0,0.0
137846,2,144,3.5,72.0,1,3,4,7,64,0.0
137878,5,417,2.2,83.4,1,2,8,11,191,1.0
137892,2,147,2.0,73.5,1,1,2,4,362,1.0
137895,1,41,2.0,41.0,1,2,2,2,45,0.0
137931,6,452,3.3333333333333335,75.33333333333333,1,2,5,20,125,1.0
137947,1,67,2.0,67.0,1,1,2,2,630,0.0
137951,2,307,3.5,153.5,1,3,5,7,97,1.0
137979,1,23,1.0,23.0,1,1,1,1,462,1.0
138012,3,350,2.3333333333333335,116.66666666666667,2,2,4,7,476,0.6666666666666666
138020,4,257,2.75,64.25,1,2,4,11,203,1.0
138023,4,341,2.75,85.25,1,3,7,11,57,1.0
138028,7,431,4.0,61.57142857142857,1,3,9,28,120,1.0
138035,4,418,2.75,104.5,2,2,6,11,201,0.0
138036,1,26,1.0,26.0,1,1,1,1,160,1.0
138037,23,2279,3.9130434782608696,99.08695652173913,5,4,15,90,50,0.5217391304347826
138056,2,130,2.0,65.0,1,2,3,4,287,0.0
138063,11,1197,3.6363636363636362,108.81818181818181,3,3,7,38,65,0.2727272727272727
138067,1,239,7.0,239.0,1,2,4,7,625,1.0
138073,5,371,2.4,74.2,1,3,5,12,60,1.0
138106,5,612,4.4,122.4,1,3,7,22,185,1.0
138120,18,4375,9.5,243.05555555555554,1,4,12,171,72,1.0
138123,4,599,6.0,149.75,2,2,6,24,84,0.0
138133,6,777,5.5,129.5,1,3,10,33,294,1.0
138170,2,459,8.5,229.5,1,3,6,17,501,1.0
138179,4,336,2.5,84.0,1,2,6,10,85,0.0
138189,3,355,3.6666666666666665,118.33333333333333,2,3,6,11,410,0.6666666666666666
138219,10,1027,4.8,102.7,3,4,8,48,62,0.7
138231,1,194,5.0,194.0,1,2,4,5,490,1.0
138234,2,244,4.0,122.0,1,2,5,8,421,1.0
138245,2,262,4.5,131.0,1,2,3,9,85,1.0
138280,1,86,2.0,86.0,1,1,1,2,644,0.0
138287,2,217,2.5,108.5,1,2,5,5,420,1.0
138301,4,269,2.75,67.25,1,2,6,11,511,1.0
138318,3,183,2.6666666666666665,61.0,1,3,4,8,60,0.0
138323,4,627,4.75,156.75,1,4,9,19,104,1.0
138373,1,42,2.0,42.0,1,2,2,2,315,0.0
138412,1,62,2.0,62.0,1,1,1,2,420,0.0
138481,2,206,3.0,103.0,2,3,4,6,392,0.5
138511,1,50,2.0,50.0,1,1,2,2,583,1.0
138522,2,296,3.5,148.0,2,3,5,7,320,0.0
138527,2,71,1.5,35.5,2,1,2,3,567,0.0
138528,2,129,2.5,64.5,1,3,5,5,306,1.0
138538,25,2824,4.04,112.96,1,4,11,101,23,1.0
138546,3,323,3.0,107.66666666666667,3,3,7,9,27,0.3333333333333333
138564,1,93,3.0,93.0,1,1,2,3,647,0.0
138570,6,631,4.833333333333333,105.16666666666667,3,4,10,29,217,0.0
138575,1,92,3.0,92.0,1,2,2,3,574,1.0
138578,3,334,3.6666666666666665,111.33333333333333,1,2,5,11,224,0.0
138598,1,328,7.0,328.0,1,3,4,7,276,1.0
138638,1,67,2.0,67.0,1,1,2,2,395,0.0
138658,5,752,4.2,150.4,1,4,11,21,174,1.0
138664,6,423,2.0,70.5,3,2,6,12,17,0.0
138666,2,200,3.5,100.0,2,3,4,7,129,0.5
138675,1,120,4.0,120.0,1,1,2,4,554,1.0
138692,3,112,1.6666666666666667,37.333333333333336,1,3,4,5,494,1.0
138694,24,2075,3.875,86.45833333333333,1,4,14,93,36,1.0
138695,2,91,1.0,45.5,1,2,2,2,57,1.0
138704,5,264,1.8,52.8,3,4,6,9,24,0.6
138706,1,24,1.0,24.0,1,1,1,1,37,1.0
138708,12,1010,4.083333333333333,84.16666666666667,3,4,9,49,36,0.25
138709,8,869,5.5,108.625,1,3,10,44,69,1.0
138716,4,404,3.75,101.0,2,2,7,15,234,0.75
138729,12,730,3.25,60.833333333333336,2,4,8,39,20,0.9166666666666666
138748,4,283,2.5,70.75,1,3,5,10,282,1.0
138751,2,299,5.5,149.5,1,2,5,11,326,0.0
138758,9,650,2.6666666666666665,72.22222222222223,2,4,9,24,65,0.8888888888888888
138777,1,135,4.0,135.0,1,1,3,4,155,0.0
138782,2,168,2.5,84.0,1,1,4,5,337,1.0
138788,2,379,4.5,189.5,1,2,5,9,398,1.0
138793,3,894,8.333333333333334,298.0,1,3,7,25,411,0.0
138804,4,153,1.5,38.25,1,1,4,6,319,1.0
138816,1,88,3.0,88.0,1,2,3,3,444,1.0
138823,2,102,1.5,51.0,1,2,3,3,38,1.0
138850,6,674,4.833333333333333,112.33333333333333,1,3,9,29,211,1.0
138857,5,820,6.0,164.0,2,3,8,30,222,0.2
138875,9,1162,4.555555555555555,129.11111111111111,2,4,9,41,60,0.7777777777777778
138891,1,131,3.0,131.0,1,2,3,3,400,1.0
138936,3,335,3.3333333333333335,111.66666666666667,2,2,6,10,64,0.6666666666666666
138961,1,67,5.0,67.0,1,2,5,5,546,0.0
138963,1,188,5.0,188.0,1,2,4,5,239,0.0
139000,11,516,3.272727272727273,46.90909090909091,2,4,9,36,34,0.9090909090909091
139017,8,452,1.875,56.5,3,3,8,15,39,0.5
139023,1,112,3.0,112.0,1,1,3,3,619,0.0
139057,4,236,1.75,59.0,2,2,5,7,62,0.75
139084,3,320,3.3333333333333335,106.66666666666667,3,1,3,10,155,0.3333333333333333
139091,15,705,2.3333333333333335,47.0,2,3,10,35,37,0.0
139110,4,240,2.75,60.0,2,3,5,11,217,0.75
139115,1,80,3.0,80.0,1,1,1,3,715,1.0
139175,8,521,2.375,65.125,1,4,8,19,2,1.0
139184,1,39,2.0,39.0,1,2,2,2,695,0.0
139186,7,921,5.428571428571429,131.57142857142858,2,4,12,38,38,0.8571428571428571
139222,1,51,2.0,51.0,1,1,2,2,416,0.0
139225,1,74,2.0,74.0,1,1,2,2,210,0.0
139234,1,99,3.0,99.0,1,1,2,3,483,0.0
139255,8,770,3.5,96.25,1,2,8,28,31,1.0
139302,1,182,5.0,182.0,1,2,4,5,343,0.0
139347,1,128,4.0,128.0,1,1,3,4,504,1.0
139357,5,518,3.4,103.6,3,2,5,17,52,0.2
139359,4,234,2.0,58.5,1,3,6,8,107,1.0
139367,2,75,2.0,37.5,1,2,3,4,394,1.0
139374,1,134,3.0,134.0,1,1,1,3,417,0.0
139378,2,268,3.5,134.0,2,2,4,7,44,0.5
139389,12,1066,3.9166666666666665,88.83333333333333,2,2,8,47,48,0.9166666666666666
139392,5,459,4.0,91.8,1,4,8,20,59,1.0
139406,10,603,2.0,60.3,2,4,7,20,85,0.4
139448,10,837,3.4,83.7,1,3,7,34,357,1.0
139455,1,84,2.0,84.0,1,2,2,2,631,1.0
139488,1,98,3.0,98.0,1,1,3,3,361,1.0
139496,2,46,1.0,23.0,1,2,2,2,534,1.0
139515,7,940,4.428571428571429,134.28571428571428,1,4,13,31,92,1.0
139528,3,203,2.0,67.66666666666667,2,3,5,6,81,0.0
139529,4,638,5.75,159.5,2,3,9,23,28,0.0
139536,2,252,5.0,126.0,1,2,3,10,158,0.0
139552,12,733,2.75,61.083333333333336,1,4,10,33,50,1.0
139557,1,145,6.0,145.0,1,2,3,6,619,1.0
139582,6,291,1.6666666666666667,48.5,1,2,6,10,1,1.0
139615,4,214,2.5,53.5,2,3,6,10,408,0.5
139631,2,189,2.0,94.5,1,2,4,4,76,0.0
139640,1,89,3.0,89.0,1,1,2,3,636,0.0
139649,16,1195,2.5625,74.6875,4,4,14,41,69,0.3125
139682,1,252,8.0,252.0,1,2,3,8,730,1.0
139686,8,879,4.125,109.875,3,3,9,33,105,0.375
139732,4,263,3.5,65.75,1,3,8,14,421,1.0
139734,2,149,2.0,74.5,2,3,4,4,262,0.5
139742,1,70,4.0,70.0,1,2,3,4,681,0.0
139745,7,615,4.571428571428571,87.85714285714286,4,3,7,32,71,0.14285714285714285
139756,5,511,2.8,102.2,1,3,8,14,119,1.0
139782,5,2730,15.4,546.0,1,4,14,77,27,1.0
139791,8,517,3.125,64.625,5,3,7,25,10,0.125
139822,1,75,3.0,75.0,1,1,2,3,400,1.0
139826,5,344,2.8,68.8,1,3,8,14,411,1.0
139830,7,473,2.142857142857143,67.57142857142857,2,3,7,15,64,0.0
139834,4,238,2.0,59.5,1,2,5,8,146,0.0
139840,4,369,2.75,92.25,4,2,5,11,121,0.25
139871,3,470,6.0,156.66666666666666,1,3,9,18,121,0.0
139877,2,244,2.5,122.0,1,2,3,5,239,1.0
139927,3,252,3.6666666666666665,84.0,2,3,6,11,267,0.3333333333333333
139930,13,1245,3.769230769230769,95.76923076923077,2,4,9,49,56,0.0
139951,3,218,2.3333333333333335,72.66666666666667,1,3,7,7,478,1.0
139956,10,1010,4.3,101.0,1,3,7,43,49,1.0
139965,4,402,3.75,100.5,2,2,6,15,259,0.5
140005,7,307,1.8571428571428572,43.857142857142854,1,2,8,13,154,1.0
140021,1,149,3.0,149.0,1,1,2,3,627,1.0
140023,6,354,2.3333333333333335,59.0,1,3,6,14,65,1.0
140027,2,146,2.0,73.0,2,2,3,4,263,0.5
140042,2,171,2.5,85.5,1,2,2,5,395,1.0
140045,1,60,2.0,60.0,1,2,2,2,595,0.0
140049,1,55,1.0,55.0,1,1,1,1,90,1.0
140064,2,113,1.5,56.5,1,3,3,3,194,1.0
140067,4,367,3.25,91.75,1,1,7,13,58,1.0
140068,3,127,2.6666666666666665,42.333333333333336,1,2,3,8,422,1.0
140101,2,378,6.0,189.0,1,3,5,12,578,1.0
140102,6,336,2.5,56.0,1,3,5,15,36,1.0
140121,2,140,2.0,70.0,1,2,4,4,65,0.0
140149,1,97,3.0,97.0,1,2,2,3,728,0.0
140153,1,32,2.0,32.0,1,1,2,2,640,0.0
140154,1,56,2.0,56.0,1,1,2,2,53,1.0
140242,2,282,5.0,141.0,2,3,6,10,48,0.0
140244,4,117,1.25,29.25,1,2,3,5,121,1.0
140253,9,806,4.0,89.55555555555556,1,3,9,36,176,1.0
140275,1,102,4.0,102.0,1,1,4,4,595,1.0
140287,10,669,3.5,66.9,1,4,10,35,86,1.0
140288,3,341,3.3333333333333335,113.66666666666667,1,1,5,10,56,1.0
140292,16,1228,2.4375,76.75,1,4,9,39,51,1.0
140306,4,263,2.25,65.75,1,2,5,9,231,0.0
140313,2,130,2.0,65.0,1,2,4,4,331,1.0
140330,12,455,2.4166666666666665,37.916666666666664,1,4,9,29,23,1.0
140334,1,104,3.0,104.0,1,1,3,3,141,0.0
140367,7,517,2.142857142857143,73.85714285714286,1,4,10,15,121,1.0
140391,3,93,1.0,31.0,1,2,3,3,346,1.0
140405,6,683,4.0,113.83333333333333,1,4,9,24,212,1.0
140410,5,496,3.4,99.2,2,4,9,17,51,0.4
140425,8,531,3.25,66.375,3,4,9,26,36,0.75
140438,1,50,2.0,50.0,1,2,2,2,212,1.0
140457,3,301,3.3333333333333335,100.33333333333333,1,1,4,10,60,1.0
140471,9,539,2.5555555555555554,59.888888888888886,1,4,11,23,29,1.0
140490,14,1088,3.4285714285714284,77.71428571428571,4,4,11,48,27,0.2857142857142857
140507,4,344,3.75,86.0,1,2,6,15,225,0.0
140512,9,632,2.888888888888889,70.22222222222223,1,3,10,26,38,1.0
140516,4,379,3.25,94.75,2,4,5,13,301,0.0
140522,2,130,2.0,65.0,2,1,2,4,0,0.0
140527,4,265,2.25,66.25,2,2,6,9,2,0.0
140554,4,278,2.0,69.5,1,2,6,8,500,1.0
140584,2,224,3.5,112.0,1,2,5,7,455,1.0
140595,2,143,2.5,71.5,2,2,3,5,211,0.0
140606,1,60,2.0,60.0,1,1,2,2,718,1.0
140621,6,477,3.6666666666666665,79.5,1,3,8,22,83,1.0
140629,3,176,2.0,58.666666666666664,2,2,6,6,28,0.3333333333333333
140739,1,109,3.0,109.0,1,1,3,3,730,1.0
140751,4,277,2.0,69.25,3,2,6,8,56,0.5
140755,4,333,2.5,83.25,1,3,9,10,269,1.0
140757,4,385,2.0,96.25,2,2,4,8,280,0.0
140765,3,442,4.666666666666667,147.33333333333334,1,3,5,14,44,1.0
140789,14,1581,4.142857142857143,112.92857142857143,2,4,12,58,21,0.6428571428571429
140800,6,951,6.333333333333333,158.5,3,3,5,38,30,0.0
140810,2,119,2.0,59.5,2,1,2,4,429,0.0
140841,3,245,2.3333333333333335,81.66666666666667,2,1,5,7,41,0.6666666666666666
140864,3,197,2.3333333333333335,65.66666666666667,1,2,5,7,305,1.0
140886,1,0,1.0,0.0,1,1,1,1,612,0.0
140911,4,216,1.75,54.0,1,2,5,7,63,1.0
140913,5,314,2.2,62.8,1,2,4,11,62,1.0
140930,5,232,2.2,46.4,2,3,5,11,70,0.0
140989,2,195,3.0,97.5,1,2,5,6,470,0.0
141001,1,55,1.0,55.0,1,1,1,1,427,0.0
141012,5,426,2.8,85.2,2,3,8,14,90,0.0
141019,2,0,1.0,0.0,2,1,1,2,169,0.5
141023,2,271,4.0,135.5,1,2,5,8,289,1.0
141038,1,35,2.0,35.0,1,1,2,2,634,0.0
141069,10,653,2.5,65.3,2,4,8,25,30,0.6
141083,18,1389,2.7777777777777777,77.16666666666667,4,4,11,50,90,0.2777777777777778
141085,2,230,4.0,115.0,1,4,5,8,210,1.0
141087,3,173,2.3333333333333335,57.666666666666664,1,2,5,7,185,1.0
141094,1,34,1.0,34.0,1,1,1,1,427,0.0
141103,10,946,4.1,94.6,3,2,9,41,192,0.6
141146,6,490,2.5,81.66666666666667,4,3,9,15,270,0.3333333333333333
141155,13,1435,3.4615384615384617,110.38461538461539,2,3,11,45,62,0.3076923076923077
141160,1,137,4.0,137.0,1,1,4,4,301,1.0
141167,6,704,3.6666666666666665,117.33333333333333,1,3,7,22,266,1.0
141169,1,109,3.0,109.0,1,2,3,3,448,1.0
141173,9,760,3.3333333333333335,84.44444444444444,1,4,8,30,125,1.0
141176,3,324,3.3333333333333335,108.0,1,1,3,10,51,1.0
141188,2,108,2.0,54.0,1,1,3,4,253,1.0
141233,4,435,4.5,108.75,2,4,8,18,151,0.25
141266,8,1081,6.25,135.125,2,4,10,50,51,0.875
141306,9,1204,4.666666666666667,133.77777777777777,2,4,12,42,83,0.8888888888888888
141323,11,1094,2.909090909090909,99.45454545454545,2,4,11,32,67,0.9090909090909091
141331,1,62,2.0,62.0,1,2,2,2,717,0.0
141333,15,1331,4.0,88.73333333333333,1,4,11,60,41,1.0
141384,4,794,6.25,198.5,1,4,11,25,190,1.0
141387,1,25,2.0,25.0,1,2,2,2,543,1.0
141393,1,209,7.0,209.0,1,2,3,7,414,0.0
141396,2,172,3.0,86.0,1,1,2,6,60,1.0
141400,4,180,1.75,45.0,2,2,4,7,9,0.25
141413,2,566,10.0,283.0,2,3,8,20,15,0.0
141420,3,221,2.3333333333333335,73.66666666666667,1,3,4,7,420,1.0
141428,3,113,2.0,37.666666666666664,1,1,3,6,416,1.0
141429,1,138,4.0,138.0,1,1,1,4,32,1.0
141456,2,203,4.0,101.5,1,4,6,8,420,1.0
141483,4,257,2.5,64.25,3,4,7,10,261,0.25
141503,1,44,3.0,44.0,1,1,2,3,590,1.0
141536,3,507,5.666666666666667,169.0,2,2,7,17,9,0.0
141543,3,430,4.333333333333333,143.33333333333334,1,1,4,13,76,1.0
141549,1,95,3.0,95.0,1,1,2,3,679,1.0
141555,18,1727,3.2222222222222223,95.94444444444444,4,4,12,58,21,0.0
141584,21,1155,2.5238095238095237,55.0,2,4,12,53,22,0.9523809523809523
141591,2,55,1.5,27.5,2,2,2,3,396,0.5
141593,2,182,3.5,91.0,1,2,5,7,343,0.0
141596,10,1380,5.2,138.0,2,4,15,52,22,0.9
141621,6,307,1.6666666666666667,51.166666666666664,1,4,7,10,104,1.0
141650,6,549,3.1666666666666665,91.5,2,4,9,19,28,0.0
141654,12,611,2.3333333333333335,50.916666666666664,1,3,7,28,49,1.0
141664,5,318,2.0,63.6,1,4,8,10,20,1.0
141667,2,88,1.0,44.0,1,1,2,2,133,1.0
141685,1,76,2.0,76.0,1,1,2,2,635,1.0
141731,5,808,5.4,161.6,3,4,11,27,104,0.0
141754,9,792,3.0,88.0,2,4,8,27,45,0.7777777777777778
141756,11,588,2.4545454545454546,53.45454545454545,4,4,10,27,38,0.6363636363636364
141764,3,255,2.6666666666666665,85.0,1,3,5,8,2,1.0
141768,3,616,7.0,205.33333333333334,1,3,8,21,389,1.0
141776,1,74,2.0,74.0,1,1,1,2,505,1.0
141824,4,418,3.5,104.5,1,3,5,14,192,1.0
141839,12,1072,3.1666666666666665,89.33333333333333,3,4,9,38,93,0.16666666666666666
141840,1,113,3.0,113.0,1,1,2,3,476,0.0
141873,1,75,6.0,75.0,1,2,4,6,695,1.0
141883,6,453,2.6666666666666665,75.5,1,3,7,16,113,1.0
141896,1,93,3.0,93.0,1,1,2,3,497,1.0
141902,1,114,4.0,114.0,1,1,4,4,672,1.0
141928,1,72,2.0,72.0,1,1,1,2,45,0.0
141941,2,300,5.5,150.0,1,1,4,11,323,1.0
141955,12,1421,6.0,118.41666666666667,1,4,12,72,35,1.0
141956,7,300,1.5714285714285714,42.857142857142854,1,4,6,11,146,1.0
141979,8,1283,5.375,160.375,3,3,12,43,146,0.375
141983,7,524,2.857142857142857,74.85714285714286,1,3,6,20,139,1.0
141985,1,145,4.0,145.0,1,1,4,4,141,1.0
141993,1,137,4.0,137.0,1,1,4,4,96,1.0
142009,4,256,3.0,64.0,2,3,5,12,116,0.75
142035,4,1013,8.0,253.25,2,3,6,32,55,0.0
142039,1,40,2.0,40.0,1,1,2,2,317,0.0
142053,1,129,3.0,129.0,1,2,3,3,610,1.0
142058,5,534,3.0,106.8,1,4,9,15,63,1.0
142063,7,317,1.8571428571428572,45.285714285714285,3,3,6,13,28,0.5714285714285714
142072,3,316,3.3333333333333335,105.33333333333333,1,4,6,10,72,0.0
142089,1,29,1.0,29.0,1,1,1,1,708,1.0
142097,5,85,2.0,17.0,1,2,3,10,462,1.0
142100,8,585,3.0,73.125,2,4,11,24,41,0.75
142103,1,115,3.0,115.0,1,1,3,3,689,1.0
142123,5,356,3.4,71.2,5,3,9,17,112,0.0
142126,1,37,2.0,37.0,1,1,1,2,693,1.0
142128,13,1605,4.153846153846154,123.46153846153847,2,4,12,54,45,0.8461538461538461
142130,4,324,2.5,81.0,1,2,5,10,155,1.0
142137,3,228,2.3333333333333335,76.0,2,2,5,7,49,0.6666666666666666
142144,2,128,2.5,64.0,1,2,3,5,332,1.0
142150,2,216,4.5,108.0,1,3,7,9,196,1.0
142156,3,253,3.3333333333333335,84.33333333333333,2,3,5,10,288,0.3333333333333333
142176,3,152,2.0,50.666666666666664,2,1,3,6,413,0.6666666666666666
142177,11,630,2.6363636363636362,57.27272727272727,1,3,10,29,168,1.0
142196,2,142,2.0,71.0,1,2,4,4,521,1.0
142203,1,67,2.0,67.0,1,1,2,2,551,1.0
142216,6,102,1.5,17.0,2,2,3,9,119,0.8333333333333334
142226,4,231,1.75,57.75,1,3,4,7,42,0.0
142227,32,2186,2.9375,68.3125,4,4,12,94,14,0.4375
142242,4,405,2.75,101.25,2,3,7,11,257,0.75
142248,4,379,3.75,94.75,3,3,8,15,210,0.25
142263,3,337,5.0,112.33333333333333,2,3,7,15,204,0.6666666666666666
142280,2,210,2.5,105.0,1,1,2,5,1,1.0
142297,7,509,3.142857142857143,72.71428571428571,1,3,9,22,153,1.0
142312,4,199,1.75,49.75,1,3,5,7,338,1.0
142337,1,33,1.0,33.0,1,1,1,1,618,1.0
142340,1,142,4.0,142.0,1,1,3,4,401,0.0
142374,1,0,1.0,0.0,1,1,1,1,695,1.0
142376,5,545,3.6,109.0,2,4,9,18,76,0.8
142428,1,56,1.0,56.0,1,1,1,1,329,0.0
142430,11,615,2.3636363636363638,55.90909090909091,2,4,7,26,30,0.8181818181818182
142444,1,46,1.0,46.0,1,1,1,1,592,1.0
142455,5,664,3.6,132.8,2,3,7,18,69,0.0
142458,1,39,1.0,39.0,1,1,1,1,679,1.0
142481,3,173,1.6666666666666667,57.666666666666664,2,2,4,5,10,0.0
142487,2,184,3.5,92.0,2,2,4,7,233,0.5
142489,1,75,2.0,75.0,1,1,2,2,249,0.0
142501,2,504,8.5,252.0,1,2,6,17,97,1.0
142504,1,77,2.0,77.0,1,1,2,2,107,0.0
142576,1,23,1.0,23.0,1,1,1,1,228,0.0
142607,12,859,3.0,71.58333333333333,3,3,9,36,15,0.0
142614,1,74,2.0,74.0,1,1,1,2,463,1.0
142619,2,170,3.0,85.0,1,2,4,6,452,1.0
142624,1,104,3.0,104.0,1,1,2,3,267,1.0
142641,2,274,5.0,137.0,1,2,5,10,58,1.0
142648,5,521,4.0,104.2,1,2,4,20,30,1.0
142649,3,832,8.333333333333334,277.3333333333333,2,2,5,25,9,0.0
142661,2,59,1.0,29.5,2,1,2,2,598,0.5
142667,1,117,4.0,117.0,1,1,3,4,20,1.0
142675,1,67,2.0,67.0,1,1,2,2,565,1.0
142693,6,228,1.6666666666666667,38.0,1,2,7,10,51,0.0
142700,6,663,3.3333333333333335,110.5,3,3,6,20,157,0.0
142715,4,302,2.5,75.5,3,4,7,10,132,0.25
142718,4,485,4.0,121.25,2,4,8,16,84,0.5
142719,6,634,3.8333333333333335,105.66666666666667,2,2,5,23,31,0.5
142738,2,131,3.0,65.5,1,2,4,6,354,0.0
142740,7,1322,6.857142857142857,188.85714285714286,3,4,13,48,62,0.42857142857142855
142763,9,690,2.5555555555555554,76.66666666666667,4,3,10,23,8,0.5555555555555556
142767,1,61,2.0,61.0,1,2,2,2,130,0.0
142790,2,222,6.0,111.0,1,2,6,12,465,1.0
142791,1,54,2.0,54.0,1,1,1,2,415,1.0
142809,1,58,2.0,58.0,1,1,2,2,661,1.0
142816,7,772,3.4285714285714284,110.28571428571429,3,3,8,24,99,0.2857142857142857
142855,1,89,3.0,89.0,1,1,2,3,544,1.0
142859,1,126,4.0,126.0,1,2,3,4,452,1.0
142915,6,415,2.8333333333333335,69.16666666666667,2,3,8,17,240,0.16666666666666666
142921,4,498,6.0,124.5,1,4,10,24,29,1.0
142922,3,276,2.6666666666666665,92.0,1,2,5,8,323,1.0
142956,1,0,2.0,0.0,1,1,1,2,550,1.0
142958,1,180,5.0,180.0,1,1,2,5,442,0.0
142965,1,206,7.0,206.0,1,2,5,7,228,0.0
142967,10,763,3.3,76.3,2,3,7,33,29,0.9
142983,10,1594,5.5,159.4,1,4,13,55,64,1.0
142997,18,1083,2.611111111111111,60.166666666666664,3,4,10,47,34,0.5
142998,4,265,2.5,66.25,2,2,7,10,255,0.75
143015,2,187,3.0,93.5,1,2,4,6,380,1.0
143019,3,218,2.0,72.66666666666667,3,2,4,6,252,0.3333333333333333
143036,2,233,4.0,116.5,2,1,5,8,352,0.5
143053,4,263,4.0,65.75,1,3,9,16,652,1.0
143109,2,212,4.5,106.0,1,2,5,9,72,1.0
143129,1,119,4.0,119.0,1,1,2,4,224,0.0
143137,9,2188,8.555555555555555,243.11111111111111,1,4,8,77,87,1.0
143151,3,224,2.3333333333333335,74.66666666666667,1,3,4,7,486,1.0
143157,1,74,2.0,74.0,1,2,2,2,248,1.0
143172,1,205,6.0,205.0,1,2,3,6,239,0.0
143195,1,66,2.0,66.0,1,1,2,2,621,1.0
143227,10,476,2.1,47.6,2,4,8,21,38,0.5
143245,1,119,3.0,119.0,1,1,2,3,638,0.0
143259,2,90,1.0,45.0,1,2,2,2,525,1.0
143276,11,711,2.5454545454545454,64.63636363636364,3,3,11,28,137,0.36363636363636365
143284,1,54,2.0,54.0,1,1,2,2,679,1.0
143306,2,103,2.0,51.5,1,1,3,4,232,1.0
143318,7,243,2.142857142857143,34.714285714285715,3,3,7,15,65,0.42857142857142855
143325,3,75,1.0,25.0,1,2,2,3,416,1.0
143342,5,317,2.6,63.4,3,2,7,13,296,0.2
143381,7,830,5.0,118.57142857142857,1,4,12,35,107,1.0
143393,8,520,2.25,65.0,1,2,4,18,112,1.0
143403,13,1430,4.076923076923077,110.0,1,4,12,53,48,1.0
143415,21,1300,2.238095238095238,61.904761904761905,5,4,11,47,32,0.2857142857142857
143426,3,149,2.0,49.666666666666664,1,2,4,6,245,1.0
143462,20,1068,2.45,53.4,1,4,14,49,39,1.0
143464,2,73,2.0,36.5,1,2,2,4,415,1.0
143525,1,75,1.0,75.0,1,1,1,1,170,1.0
143545,9,719,2.888888888888889,79.88888888888889,1,4,11,26,118,0.0
143551,6,367,3.1666666666666665,61.166666666666664,4,4,9,19,10,0.0
143555,14,977,2.7142857142857144,69.78571428571429,2,4,10,38,48,0.5
143567,4,337,4.5,84.25,1,3,8,18,214,1.0
143592,1,39,2.0,39.0,1,2,2,2,686,1.0
143610,1,64,4.0,64.0,1,2,3,4,681,0.0
143632,5,226,2.2,45.2,1,2,6,11,295,1.0
143637,9,994,4.444444444444445,110.44444444444444,1,4,8,40,83,1.0
143647,2,127,3.0,63.5,1,2,4,6,644,1.0
143671,2,112,1.5,56.0,1,2,3,3,36,1.0
143687,4,159,2.0,39.75,1,2,4,8,46,0.0
143689,5,474,2.8,94.8,2,4,7,14,161,0.2
143751,2,217,4.0,108.5,1,3,5,8,13,1.0
143785,1,69,2.0,69.0,1,1,2,2,621,1.0
143788,3,267,2.6666666666666665,89.0,2,3,5,8,114,0.0
143809,11,1312,5.0,119.27272727272727,1,4,14,55,29,1.0
143819,11,1212,3.909090909090909,110.18181818181819,3,4,11,43,64,0.8181818181818182
143821,5,340,2.4,68.0,1,3,7,12,233,1.0
143822,5,338,2.0,67.6,1,4,7,10,86,1.0
143836,2,355,6.5,177.5,1,2,5,13,169,1.0
143847,1,25,2.0,25.0,1,1,1,2,637,0.0
143849,4,309,2.25,77.25,1,2,5,9,67,1.0
143851,2,169,2.5,84.5,1,1,4,5,285,1.0
143852,6,398,2.5,66.33333333333333,1,2,6,15,167,1.0
143872,1,150,4.0,150.0,1,2,3,4,633,1.0
143881,5,193,2.6,38.6,1,3,5,13,157,0.0
143971,3,113,2.3333333333333335,37.666666666666664,1,2,3,7,415,1.0
143992,4,380,2.5,95.0,1,2,5,10,119,1.0
144006,3,428,4.333333333333333,142.66666666666666,2,2,6,13,292,0.6666666666666666
144009,1,138,2.0,138.0,1,2,2,2,717,1.0
144079,4,626,4.5,156.5,2,4,8,18,128,0.75
144081,2,349,4.5,174.5,1,3,5,9,234,1.0
144112,1,48,2.0,48.0,1,1,1,2,37,0.0
144117,7,1000,4.714285714285714,142.85714285714286,2,4,11,33,62,0.0
144134,3,154,1.6666666666666667,51.333333333333336,1,3,5,5,45,0.0
144143,4,407,3.0,101.75,3,4,8,12,125,0.25
144147,2,116,2.5,58.0,1,1,4,5,430,1.0
144150,1,29,3.0,29.0,1,2,2,3,700,1.0
144159,1,50,2.0,50.0,1,1,2,2,581,1.0
144164,3,266,2.0,88.66666666666667,1,3,5,6,464,1.0
144175,2,458,7.5,229.0,1,3,7,15,295,1.0
144176,1,157,5.0,157.0,1,2,4,5,695,1.0
144188,5,1132,8.6,226.4,1,4,10,43,233,1.0
144215,2,267,5.5,133.5,1,2,5,11,679,1.0
144235,6,156,2.1666666666666665,26.0,1,3,5,13,42,0.0
144239,7,689,2.857142857142857,98.42857142857143,1,4,8,20,65,1.0
144248,2,222,3.5,111.0,1,2,6,7,534,1.0
144251,7,506,3.142857142857143,72.28571428571429,1,3,8,22,162,1.0
144255,7,951,4.428571428571429,135.85714285714286,2,3,9,31,78,0.7142857142857143
144256,5,753,4.2,150.6,3,4,11,21,149,0.2
144270,9,507,2.3333333333333335,56.333333333333336,3,4,8,21,41,0.4444444444444444
144275,1,78,2.0,78.0,1,1,2,2,485,0.0
144281,4,255,2.25,63.75,2,2,6,9,190,0.75
144291,1,185,6.0,185.0,1,2,3,6,112,1.0
144298,1,126,3.0,126.0,1,1,2,3,320,1.0
144309,5,307,2.0,61.4,2,3,6,10,37,0.2
144316,2,111,1.5,55.5,1,2,3,3,111,0.0
144329,2,374,6.5,187.0,1,1,5,13,178,1.0
144364,7,424,2.4285714285714284,60.57142857142857,3,2,6,17,139,0.5714285714285714
144370,2,288,4.5,144.0,2,3,5,9,78,0.5
144387,1,228,12.0,228.0,1,1,2,12,535,0.0
144392,2,181,3.0,90.5,1,2,5,6,56,1.0
144396,2,499,7.5,249.5,1,2,5,15,121,1.0
144413,2,168,2.5,84.0,2,3,5,5,399,0.0
144462,1,199,5.0,199.0,1,3,4,5,76,0.0
144479,1,181,6.0,181.0,1,2,3,6,574,1.0
144495,4,359,2.5,89.75,1,3,6,10,393,1.0
144498,1,217,7.0,217.0,1,3,5,7,688,0.0
144503,2,61,1.5,30.5,1,2,2,3,332,1.0
144521,3,182,1.3333333333333333,60.666666666666664,2,2,3,4,406,0.6666666666666666
144562,5,755,5.6,151.0,2,3,9,28,155,0.8
144568,3,200,2.6666666666666665,66.66666666666667,1,4,8,8,254,1.0
144574,26,3845,4.769230769230769,147.8846153846154,3,4,10,124,76,0.8846153846153846
144575,5,277,1.8,55.4,1,2,7,9,66,1.0
144582,1,0,1.0,0.0,1,1,1,1,694,1.0
144597,3,556,5.0,185.33333333333334,1,1,4,15,263,1.0
144620,4,291,2.0,72.75,2,2,5,8,252,0.5
144629,1,70,2.0,70.0,1,1,2,2,708,0.0
144631,3,225,3.3333333333333335,75.0,3,3,7,10,343,0.3333333333333333
144632,5,283,1.8,56.6,2,4,6,9,43,0.8
144654,2,201,3.5,100.5,1,2,4,7,227,0.0
144699,6,518,2.5,86.33333333333333,2,3,6,15,62,0.5
144700,2,186,2.5,93.0,2,3,5,5,62,0.0
144704,2,180,3.5,90.0,2,2,4,7,445,0.0
144709,3,309,3.3333333333333335,103.0,1,2,5,10,420,0.0
144720,5,431,3.2,86.2,1,4,10,16,143,1.0
144722,4,645,4.0,161.25,2,2,7,16,62,0.25
144741,2,141,3.0,70.5,1,3,5,6,442,1.0
144742,2,100,1.5,50.0,1,2,3,3,234,1.0
144758,1,353,9.0,353.0,1,2,6,9,350,0.0
144778,1,65,1.0,65.0,1,1,1,1,90,0.0
144782,3,402,4.0,134.0,2,2,6,12,36,0.6666666666666666
144795,5,951,7.2,190.2,1,4,10,36,37,0.0
144814,9,793,2.7777777777777777,88.11111111111111,4,4,12,25,64,0.6666666666666666
144816,1,70,2.0,70.0,1,1,2,2,394,1.0
144824,1,109,4.0,109.0,1,2,4,4,416,1.0
144829,1,221,5.0,221.0,1,2,4,5,303,1.0
144839,5,325,1.8,65.0,1,1,5,9,171,1.0
144866,2,161,2.0,80.5,2,2,3,4,140,0.0
144902,8,448,2.5,56.0,1,2,8,20,41,1.0
144916,13,1057,3.230769230769231,81.3076923076923,3,4,12,42,85,0.7692307692307693
144919,1,125,3.0,125.0,1,1,3,3,624,1.0
144931,1,57,2.0,57.0,1,1,2,2,80,0.0
144939,7,520,2.857142857142857,74.28571428571429,3,2,7,20,229,0.7142857142857143
144945,5,188,2.0,37.6,1,2,4,10,80,1.0
144951,4,330,2.75,82.5,2,2,6,11,285,0.75
144972,10,453,1.4,45.3,3,2,6,14,65,0.5
144973,2,191,3.5,95.5,1,2,4,7,203,1.0
144981,12,771,3.0,64.25,2,4,6,36,27,0.9166666666666666
145011,5,511,3.6,102.2,2,3,7,18,167,0.0
145021,1,113,3.0,113.0,1,2,3,3,665,1.0
145029,3,321,3.6666666666666665,107.0,1,1,5,11,212,0.0
145030,2,349,7.5,174.5,2,4,7,15,37,0.5
145039,12,791,2.5,65.91666666666667,2,3,7,30,22,0.25
145049,2,317,4.0,158.5,1,2,4,8,49,1.0
145058,11,1166,4.2727272727272725,106.0,3,4,13,47,9,0.7272727272727273
145069,1,198,5.0,198.0,1,2,4,5,100,1.0
145073,9,573,2.888888888888889,63.666666666666664,2,4,8,26,39,0.3333333333333333
145080,1,109,4.0,109.0,1,1,2,4,62,1.0
145111,1,200,6.0,200.0,1,1,3,6,102,1.0
145121,4,378,3.5,94.5,2,4,6,14,72,0.75
145149,3,409,5.0,136.33333333333334,1,2,4,15,231,1.0
145151,3,396,4.333333333333333,132.0,3,2,6,13,62,0.3333333333333333
145157,3,193,2.3333333333333335,64.33333333333333,1,2,6,7,252,1.0
145176,2,141,2.5,70.5,1,2,5,5,203,1.0
145222,10,733,3.3,73.3,4,4,10,33,45,0.0
145231,3,216,4.0,72.0,2,3,7,12,51,0.6666666666666666
145242,12,559,2.0,46.583333333333336,1,3,9,24,14,1.0
145250,8,691,3.125,86.375,1,4,10,25,352,0.0
145252,3,263,3.0,87.66666666666667,2,3,8,9,362,0.0
145270,1,0,1.0,0.0,1,1,1,1,680,1.0
145300,2,156,2.0,78.0,1,1,2,4,248,1.0
145319,3,369,4.666666666666667,123.0,2,3,7,14,59,0.0
145324,4,185,1.5,46.25,2,2,5,6,134,0.5
145327,5,725,4.8,145.0,1,4,10,24,41,1.0
145333,1,69,3.0,69.0,1,1,2,3,430,1.0
145342,8,1130,5.5,141.25,1,4,10,44,189,1.0
145351,1,49,1.0,49.0,1,1,1,1,126,1.0
145353,1,62,2.0,62.0,1,1,2,2,232,1.0
145372,1,280,10.0,280.0,1,1,4,10,448,0.0
145403,2,105,2.0,52.5,2,1,3,4,577,0.5
145410,1,0,1.0,0.0,1,1,1,1,700,0.0
145448,2,288,4.5,144.0,1,3,6,9,218,0.0
145451,8,1004,3.5,125.5,4,4,10,28,90,0.0
145459,1,49,2.0,49.0,1,1,2,2,62,0.0
145463,6,122,1.0,20.333333333333332,2,2,5,6,465,0.8333333333333334
145471,6,247,2.8333333333333335,41.166666666666664,1,4,9,17,205,1.0
145474,4,358,4.0,89.5,2,2,6,16,234,0.75
145475,1,122,4.0,122.0,1,1,2,4,89,1.0
145484,8,695,2.625,86.875,2,4,6,21,92,0.875
145488,1,84,2.0,84.0,1,1,2,2,140,1.0
145489,1,51,2.0,51.0,1,1,2,2,425,0.0
145490,8,866,4.25,108.25,3,3,8,34,140,0.625
145492,1,0,1.0,0.0,1,1,1,1,693,1.0
145503,22,2355,4.045454545454546,107.04545454545455,4,4,13,89,9,0.5454545454545454
145505,7,612,3.142857142857143,87.42857142857143,1,3,9,22,71,1.0
145515,1,204,8.0,204.0,1,3,5,8,710,0.0
145516,1,0,1.0,0.0,1,1,1,1,698,0.0
145520,3,223,2.3333333333333335,74.33333333333333,2,2,6,7,137,0.0
145521,5,157,2.2,31.4,1,3,6,11,120,1.0
145537,1,33,1.0,33.0,1,1,1,1,662,1.0
145545,3,148,2.0,49.333333333333336,1,1,3,6,294,1.0
145553,3,205,3.0,68.33333333333333,1,2,5,9,428,1.0
145554,4,421,3.75,105.25,1,2,6,15,136,1.0
145578,9,778,3.3333333333333335,86.44444444444444,1,3,5,30,36,1.0
145589,1,29,1.0,29.0,1,1,1,1,672,1.0
145616,1,45,1.0,45.0,1,1,1,1,14,0.0
145617,2,202,2.5,101.0,1,2,4,5,433,1.0
145633,1,0,1.0,0.0,1,1,1,1,680,1.0
145670,4,206,2.0,51.5,2,2,5,8,483,0.75
145676,1,204,6.0,204.0,1,1,3,6,371,1.0
145681,9,815,3.7777777777777777,90.55555555555556,3,3,7,34,45,0.6666666666666666
145702,7,880,5.857142857142857,125.71428571428571,2,4,10,41,34,0.8571428571428571
145706,5,488,3.4,97.6,3,3,8,17,70,0.6
145711,2,443,6.5,221.5,1,4,7,13,50,1.0
145740,2,138,3.0,69.0,1,2,3,6,512,1.0
145741,3,234,1.6666666666666667,78.0,1,2,5,5,261,1.0
145771,3,222,1.6666666666666667,74.0,1,3,4,5,77,0.0
145784,1,212,6.0,212.0,1,2,5,6,136,0.0
145787,1,70,2.0,70.0,1,1,2,2,500,0.0
145796,4,265,2.25,66.25,2,2,5,9,173,0.75
145804,7,336,2.4285714285714284,48.0,1,3,6,17,326,1.0
145821,4,312,2.75,78.0,2,3,9,11,228,0.75
145847,2,328,5.5,164.0,1,3,8,11,427,0.0
145848,1,64,2.0,64.0,1,1,2,2,490,0.0
145852,5,390,3.4,78.0,2,3,9,17,87,0.8
145868,3,185,2.3333333333333335,61.666666666666664,1,2,5,7,41,0.0
145896,4,344,3.5,86.0,2,3,6,14,210,0.75
145901,1,84,2.0,84.0,1,1,1,2,118,0.0
145904,22,1742,3.590909090909091,79.18181818181819,1,4,14,79,9,1.0
145968,2,222,3.5,111.0,2,1,5,7,174,0.0
145970,2,247,4.0,123.5,1,1,4,8,14,0.0
145971,11,1374,4.363636363636363,124.9090909090909,1,4,11,48,43,0.0
145984,2,301,4.5,150.5,1,2,4,9,424,1.0
145993,1,140,5.0,140.0,1,2,5,5,402,0.0
145998,1,25,1.0,25.0,1,1,1,1,620,0.0
146024,13,995,2.769230769230769,76.53846153846153,2,2,7,36,56,0.5384615384615384
146034,5,322,2.6,64.4,3,4,7,13,71,0.4
146038,16,759,2.5625,47.4375,1,3,9,41,72,1.0
146039,10,623,2.7,62.3,4,4,9,27,37,0.3
146048,1,0,1.0,0.0,1,1,1,1,696,1.0
146086,1,43,1.0,43.0,1,1,1,1,35,1.0
146087,6,554,2.5,92.33333333333333,1,3,8,15,46,1.0
146103,5,499,3.8,99.8,1,4,10,19,43,1.0
146105,10,1201,5.2,120.1,1,4,9,52,39,0.0
146107,8,438,2.125,54.75,3,4,10,17,125,0.0
146118,5,425,3.0,85.0,3,3,9,15,133,0.0
146121,4,325,4.0,81.25,2,2,6,16,92,0.75
146146,2,125,3.5,62.5,1,2,4,7,413,1.0
146152,2,272,5.0,136.0,1,2,5,10,294,0.0
146153,1,133,3.0,133.0,1,2,3,3,519,0.0
146172,3,297,3.3333333333333335,99.0,1,2,4,10,504,1.0
146191,1,47,2.0,47.0,1,1,2,2,498,1.0
146210,1,67,2.0,67.0,1,1,2,2,411,0.0
146217,6,638,3.5,106.33333333333333,2,2,6,21,76,0.5
146225,1,25,1.0,25.0,1,1,1,1,120,1.0
146237,2,261,4.5,130.5,1,1,3,9,85,1.0
146240,4,229,2.75,57.25,1,3,6,11,34,1.0
146248,1,60,4.0,60.0,1,2,4,4,453,1.0
146250,1,0,1.0,0.0,1,1,1,1,700,1.0
146251,1,64,2.0,64.0,1,1,1,2,456,1.0
146255,2,133,1.5,66.5,1,2,2,3,73,1.0
146261,4,506,4.0,126.5,1,3,6,16,514,1.0
146315,9,1314,4.333333333333333,146.0,3,4,12,39,56,0.2222222222222222
146347,1,141,6.0,141.0,1,2,3,6,416,1.0
146370,2,308,5.0,154.0,1,3,5,10,90,1.0
146371,1,88,4.0,88.0,1,1,3,4,597,1.0
146376,4,369,3.0,92.25,1,3,9,12,49,1.0
146384,1,60,2.0,60.0,1,1,2,2,400,1.0
146390,17,1757,4.764705882352941,103.3529411764706,1,4,12,81,69,1.0
146396,3,273,3.0,91.0,3,2,5,9,34,0.0
146399,6,385,2.6666666666666665,64.16666666666667,2,3,8,16,62,0.8333333333333334
146408,1,62,2.0,62.0,1,1,2,2,554,0.0
146410,7,1041,5.571428571428571,148.71428571428572,1,3,8,39,71,1.0
146428,3,276,2.0,92.0,1,2,5,6,252,1.0
146447,3,227,2.6666666666666665,75.66666666666667,1,3,5,8,38,0.0
146453,13,1000,3.3846153846153846,76.92307692307692,2,4,10,44,37,0.0
146460,8,623,3.375,77.875,2,3,7,27,3,0.75
146470,2,247,2.5,123.5,1,1,3,5,107,0.0
146473,3,269,3.0,89.66666666666667,2,3,7,9,17,0.6666666666666666
146492,2,186,3.0,93.0,1,1,2,6,411,1.0
146501,10,387,1.7,38.7,1,4,7,17,58,0.0
146504,4,360,3.25,90.0,2,2,4,13,262,0.75
146505,3,589,5.333333333333333,196.33333333333334,2,3,8,16,67,0.3333333333333333
146571,1,127,4.0,127.0,1,2,3,4,271,0.0
146608,10,748,3.7,74.8,2,4,10,37,37,0.9
146626,3,674,8.333333333333334,224.66666666666666,1,3,6,25,133,0.0
146631,6,707,4.5,117.83333333333333,1,4,9,27,50,1.0
146677,4,170,1.75,42.5,3,2,5,7,609,0.5
146683,3,351,4.0,117.0,1,3,6,12,49,1.0
146689,3,455,5.0,151.66666666666666,3,3,9,15,85,0.0
146719,2,214,3.5,107.0,1,2,3,7,120,1.0
146724,10,795,2.9,79.5,1,4,9,29,118,1.0
146728,3,446,5.666666666666667,148.66666666666666,1,2,5,17,55,0.0
146762,8,449,2.625,56.125,2,3,9,21,198,0.0
146768,2,172,3.0,86.0,1,2,5,6,459,0.0
146783,1,45,1.0,45.0,1,1,1,1,463,0.0
146802,2,170,2.0,85.0,1,1,2,4,48,1.0
146804,3,252,2.6666666666666665,84.0,2,3,6,8,10,0.0
146825,4,195,2.5,48.75,1,4,6,10,415,1.0
146840,1,105,3.0,105.0,1,1,1,3,476,0.0
146847,4,277,2.75,69.25,1,3,5,11,413,1.0
146853,1,129,3.0,129.0,1,1,1,3,422,1.0
146870,1,110,3.0,110.0,1,1,3,3,542,1.0
146871,2,189,2.5,94.5,1,1,4,5,385,0.0
146874,15,1948,4.0,129.86666666666667,6,4,13,60,55,0.13333333333333333
146891,1,68,2.0,68.0,1,1,2,2,149,0.0
146892,1,113,3.0,113.0,1,1,2,3,126,1.0
146897,1,47,1.0,47.0,1,1,1,1,436,1.0
146915,2,126,2.0,63.0,1,1,3,4,358,1.0
146920,2,129,2.0,64.5,1,2,2,4,621,1.0
146929,7,552,2.7142857142857144,78.85714285714286,1,4,11,19,119,0.0
146930,2,103,2.0,51.5,1,2,4,4,234,1.0
146957,4,273,2.25,68.25,2,4,6,9,90,0.5
146958,2,108,1.5,54.0,1,1,3,3,332,0.0
146967,7,1461,7.714285714285714,208.71428571428572,3,3,8,54,15,0.7142857142857143
146968,4,358,4.0,89.5,2,4,8,16,34,0.75
146993,6,657,3.3333333333333335,109.5,3,3,8,20,10,0.0
146998,3,280,3.3333333333333335,93.33333333333333,2,2,5,10,134,0.6666666666666666
147024,2,124,2.5,62.0,1,2,2,5,111,1.0
147027,8,701,3.25,87.625,2,4,8,26,29,0.875
147044,8,951,4.0,118.875,4,3,11,32,240,0.0
147051,1,0,1.0,0.0,1,1,1,1,679,1.0
147058,2,60,2.0,30.0,1,1,1,4,58,1.0
147070,9,552,2.4444444444444446,61.333333333333336,1,4,11,22,38,1.0
147106,6,562,4.666666666666667,93.66666666666667,1,3,8,28,224,1.0
147116,13,790,2.923076923076923,60.76923076923077,1,3,9,38,6,1.0
147118,2,251,3.5,125.5,1,2,3,7,112,1.0
147143,1,158,6.0,158.0,1,1,3,6,102,1.0
147145,1,114,4.0,114.0,1,1,4,4,693,0.0
147147,1,83,2.0,83.0,1,1,2,2,413,1.0
147175,4,281,3.0,70.25,1,2,7,12,273,1.0
147176,1,96,2.0,96.0,1,1,2,2,200,1.0
147183,1,52,2.0,52.0,1,1,2,2,607,0.0
147228,3,200,2.0,66.66666666666667,2,1,4,6,280,0.3333333333333333
147254,1,78,2.0,78.0,1,1,2,2,627,0.0
147269,3,135,2.0,45.0,1,3,3,6,410,0.0
147286,1,83,3.0,83.0,1,2,2,3,429,0.0
147290,2,220,3.5,110.0,1,2,5,7,133,1.0
147295,2,320,3.5,160.0,1,2,3,7,422,0.0
147301,4,455,3.75,113.75,3,3,10,15,274,0.5
147302,5,281,3.0,56.2,3,2,7,15,322,0.4
147304,10,819,3.7,81.9,2,3,11,37,21,0.9
147318,31,2369,2.774193548387097,76.41935483870968,2,4,13,86,6,0.8387096774193549
147322,2,99,2.5,49.5,1,2,3,5,201,1.0
147323,6,491,3.3333333333333335,81.83333333333333,1,4,9,20,79,1.0
147324,1,68,2.0,68.0,1,1,2,2,185,1.0
147354,4,239,2.5,59.75,3,1,6,10,215,0.0
147361,1,74,2.0,74.0,1,1,2,2,555,1.0
147407,3,242,2.3333333333333335,80.66666666666667,2,1,4,7,233,0.3333333333333333
147416,16,875,2.25,54.6875,4,4,11,36,38,0.8125
147425,2,187,3.0,93.5,1,1,3,6,499,1.0
147433,1,64,2.0,64.0,1,1,2,2,603,1.0
147477,1,39,1.0,39.0,1,1,1,1,281,0.0
147511,1,75,2.0,75.0,1,1,2,2,634,1.0
147552,1,94,3.0,94.0,1,1,3,3,94,1.0
147557,3,88,1.6666666666666667,29.333333333333332,1,3,3,5,25,1.0
147568,1,137,4.0,137.0,1,1,3,4,665,1.0
147576,2,239,4.0,119.5,1,2,4,8,336,1.0
147590,2,242,3.5,121.0,1,2,6,7,296,1.0
147628,6,596,4.166666666666667,99.33333333333333,2,3,10,25,139,0.8333333333333334
147632,2,122,2.5,61.0,2,3,5,5,142,0.0
147681,1,89,3.0,89.0,1,1,2,3,411,1.0
147685,1,74,2.0,74.0,1,1,2,2,116,1.0
147690,6,1563,9.666666666666666,260.5,1,4,10,58,37,0.0
147700,1,80,2.0,80.0,1,2,2,2,674,1.0
147707,2,189,4.0,94.5,1,1,3,8,49,1.0
147738,1,293,10.0,293.0,1,1,4,10,287,0.0
147748,2,293,4.0,146.5,2,2,4,8,278,0.0
147750,15,1513,3.4,100.86666666666666,4,3,8,51,37,0.06666666666666667
147773,4,356,3.25,89.0,2,4,8,13,46,0.5
147774,4,404,4.75,101.0,2,4,10,19,72,0.0
147781,7,502,2.2857142857142856,71.71428571428571,2,2,5,16,20,0.8571428571428571
147796,1,238,7.0,238.0,1,1,4,7,205,0.0
147817,11,823,3.1818181818181817,74.81818181818181,2,3,9,35,5,0.9090909090909091
147827,7,544,2.7142857142857144,77.71428571428571,1,3,10,19,231,1.0
147842,23,1453,2.5652173913043477,63.17391304347826,4,4,15,59,5,0.6086956521739131
147846,1,154,4.0,154.0,1,1,1,4,141,1.0
147873,1,43,2.0,43.0,1,1,2,2,228,1.0
147874,6,259,2.0,43.166666666666664,2,3,6,12,299,0.8333333333333334
147906,2,71,2.5,35.5,1,3,3,5,337,1.0
147919,5,442,2.8,88.4,1,3,8,14,160,1.0
147931,1,43,1.0,43.0,1,1,1,1,644,1.0
147944,15,1041,3.1333333333333333,69.4,1,4,11,47,37,1.0
147958,2,179,2.5,89.5,1,2,2,5,62,0.0
147961,7,591,2.857142857142857,84.42857142857143,1,4,7,20,118,1.0
147962,8,459,2.0,57.375,1,2,8,16,77,1.0
147972,8,524,2.375,65.5,2,4,10,19,240,0.75
147979,2,175,2.0,87.5,1,2,3,4,55,1.0
147995,2,97,2.5,48.5,1,2,4,5,34,1.0
148004,2,239,3.5,119.5,1,3,5,7,91,1.0
148005,3,536,5.333333333333333,178.66666666666666,1,4,8,16,76,1.0
148011,5,401,3.0,80.2,1,3,7,15,269,1.0
148016,1,145,5.0,145.0,1,2,4,5,676,0.0
148037,4,276,3.0,69.0,3,4,8,12,45,0.0
148070,1,118,2.0,118.0,1,1,1,2,417,1.0
148074,4,146,1.75,36.5,1,2,3,7,118,1.0
148079,1,116,3.0,116.0,1,1,2,3,245,1.0
148107,3,502,5.666666666666667,167.33333333333334,1,3,8,17,22,1.0
148115,2,409,7.5,204.5,1,3,6,15,460,1.0
148116,3,167,2.3333333333333335,55.666666666666664,1,3,3,7,3,1.0
148129,2,757,11.5,378.5,1,1,5,23,312,0.0
148166,9,500,2.5555555555555554,55.55555555555556,1,4,7,23,44,1.0
148171,1,101,3.0,101.0,1,1,2,3,86,1.0
148175,4,1003,7.5,250.75,3,4,11,30,116,0.0
148185,2,291,3.5,145.5,2,2,5,7,0,0.0
148209,1,82,3.0,82.0,1,2,2,3,411,1.0
148221,8,650,3.0,81.25,1,3,6,23,41,0.0
148243,6,413,3.3333333333333335,68.83333333333333,3,3,7,20,25,0.0
148245,6,233,2.8333333333333335,38.833333333333336,3,3,8,17,240,0.5
148249,1,35,1.0,35.0,1,1,1,1,616,1.0
148262,3,204,2.0,68.0,1,2,5,6,87,1.0
148285,2,258,5.5,129.0,1,2,7,11,160,1.0
148290,3,238,2.6666666666666665,79.33333333333333,1,3,6,8,553,1.0
148300,1,77,2.0,77.0,1,1,1,2,423,1.0
148301,1,118,2.0,118.0,1,1,2,2,549,1.0
148308,1,0,1.0,0.0,1,1,1,1,676,1.0
148321,9,180,1.1111111111111112,20.0,2,3,6,10,35,0.5555555555555556
148331,2,62,1.0,31.0,2,1,1,2,492,0.5
148341,18,2305,4.611111111111111,128.05555555555554,2,4,13,83,56,0.9444444444444444
148346,2,185,4.0,92.5,1,3,6,8,413,1.0
148362,4,270,2.75,67.5,1,1,4,11,191,1.0
148376,3,496,5.0,165.33333333333334,3,3,7,15,132,0.3333333333333333
148379,1,0,1.0,0.0,1,1,1,1,697,1.0
148403,5,468,3.6,93.6,3,3,8,18,60,0.2
148428,12,778,3.3333333333333335,64.83333333333333,1,4,12,40,15,1.0
148430,3,193,3.6666666666666665,64.33333333333333,1,3,6,11,50,1.0
148442,3,308,2.6666666666666665,102.66666666666667,1,2,3,8,29,1.0
148463,1,25,1.0,25.0,1,1,1,1,717,1.0
148486,6,489,2.8333333333333335,81.5,1,4,8,17,38,1.0
148490,1,90,5.0,90.0,1,2,3,5,683,1.0
148537,6,753,4.833333333333333,125.5,3,3,6,29,104,0.5
148567,1,138,4.0,138.0,1,1,4,4,357,1.0
148590,2,229,5.0,114.5,2,3,5,10,116,0.0
148599,1,249,12.0,249.0,1,3,7,12,343,0.0
148609,3,121,2.0,40.333333333333336,1,2,4,6,233,1.0
148638,9,639,2.7777777777777777,71.0,2,4,7,25,1,0.8888888888888888
148646,7,568,3.4285714285714284,81.14285714285714,4,3,10,24,85,0.0
148652,3,418,4.666666666666667,139.33333333333334,1,2,7,14,38,1.0
148659,2,141,3.5,70.5,1,2,5,7,158,1.0
148672,1,145,5.0,145.0,1,1,3,5,561,0.0
148678,4,728,6.75,182.0,1,3,10,27,45,1.0
148682,4,202,1.5,50.5,1,2,2,6,55,1.0
148715,12,1357,4.75,113.08333333333333,1,4,11,57,35,1.0
148745,1,331,10.0,331.0,1,3,6,10,611,1.0
148759,4,300,2.5,75.0,2,3,10,10,27,0.0
148761,5,740,6.2,148.0,3,4,11,31,48,0.4
148767,9,753,3.4444444444444446,83.66666666666667,2,4,12,31,34,0.8888888888888888
148773,1,183,6.0,183.0,1,2,5,6,330,1.0
148774,2,208,3.0,104.0,1,2,4,6,105,1.0
148800,2,161,2.5,80.5,1,1,4,5,90,1.0
148809,3,146,2.0,48.666666666666664,1,2,4,6,467,1.0
148829,1,45,1.0,45.0,1,1,1,1,177,1.0
148853,2,53,1.5,26.5,1,2,2,3,591,1.0
148855,4,94,1.5,23.5,1,2,5,6,51,1.0
148859,2,136,2.0,68.0,1,2,2,4,210,1.0
148861,9,456,2.5555555555555554,50.666666666666664,1,4,9,23,29,1.0
148898,6,659,3.1666666666666665,109.83333333333333,1,4,8,19,45,1.0
148904,2,357,4.5,178.5,1,3,4,9,228,1.0
148906,1,168,5.0,168.0,1,1,2,5,672,1.0
148938,1,64,2.0,64.0,1,1,2,2,595,0.0
148943,17,1410,3.588235294117647,82.94117647058823,1,4,12,61,22,1.0
148954,3,237,2.6666666666666665,79.0,2,3,5,8,63,0.6666666666666666
148962,2,69,1.0,34.5,1,2,2,2,683,0.0
148991,5,423,3.0,84.6,1,4,7,15,239,1.0
148994,4,206,2.5,51.5,1,2,5,10,23,1.0
149001,10,694,2.6,69.4,1,4,9,26,15,1.0
149016,1,57,2.0,57.0,1,1,2,2,42,0.0
149053,2,336,5.5,168.0,1,2,6,11,135,1.0
149060,4,315,2.5,78.75,2,2,6,10,81,0.0
149065,1,57,2.0,57.0,1,1,2,2,392,0.0
149080,12,1101,3.75,91.75,4,4,12,45,4,0.5833333333333334
149084,3,205,2.6666666666666665,68.33333333333333,3,3,7,8,132,0.0
149097,11,915,3.1818181818181817,83.18181818181819,1,4,10,35,65,1.0
149107,2,128,2.0,64.0,2,1,3,4,87,0.5
149110,1,96,4.0,96.0,1,1,4,4,227,1.0
149120,26,4281,6.615384615384615,164.65384615384616,2,4,15,172,80,0.9230769230769231
149121,6,378,2.1666666666666665,63.0,1,4,9,13,199,1.0
149129,1,39,2.0,39.0,1,1,1,2,684,1.0
149151,2,105,2.0,52.5,2,1,1,4,22,0.5
149157,1,65,1.0,65.0,1,1,1,1,281,0.0
149198,2,534,6.5,267.0,2,3,9,13,338,0.5
149208,2,313,5.5,156.5,1,3,6,11,441,1.0
149255,9,654,2.0,72.66666666666667,3,4,8,18,62,0.5555555555555556
149264,3,122,1.6666666666666667,40.666666666666664,1,1,2,5,22,0.0
149268,3,376,3.3333333333333335,125.33333333333333,1,2,3,10,63,1.0
149295,1,81,2.0,81.0,1,1,2,2,273,0.0
149302,8,740,3.125,92.5,1,2,8,25,55,1.0
149305,1,133,4.0,133.0,1,2,3,4,56,1.0
149315,3,225,3.0,75.0,3,2,6,9,42,0.0
149320,1,78,2.0,78.0,1,1,1,2,453,0.0
149338,9,475,2.3333333333333335,52.77777777777778,4,4,9,21,28,0.6666666666666666
149350,1,183,6.0,183.0,1,1,4,6,689,1.0
149353,1,246,9.0,246.0,1,3,5,9,83,1.0
149360,3,231,2.6666666666666665,77.0,1,3,5,8,207,1.0
149370,4,258,2.0,64.5,1,2,5,8,39,1.0
149394,5,159,1.6,31.8,1,3,4,8,148,1.0
149426,2,141,3.5,70.5,1,2,5,7,564,0.0
149455,5,353,3.0,70.6,1,3,7,15,118,0.0
149490,4,200,1.75,50.0,2,3,6,7,108,0.0
149493,3,193,2.3333333333333335,64.33333333333333,2,3,4,7,86,0.3333333333333333
149506,3,281,3.3333333333333335,93.66666666666667,2,3,6,10,200,0.6666666666666666
149511,5,533,2.6,106.6,3,3,8,13,81,0.4
149522,3,98,1.6666666666666667,32.666666666666664,2,3,5,5,473,0.6666666666666666
149530,8,814,3.375,101.75,2,4,13,27,10,0.5
149537,11,728,3.272727272727273,66.18181818181819,2,4,11,36,24,0.9090909090909091
149540,7,404,2.142857142857143,57.714285714285715,4,4,10,15,80,0.14285714285714285
149543,4,585,5.5,146.25,1,4,9,22,27,1.0
149546,4,424,4.0,106.0,1,2,4,16,102,1.0
149561,9,854,3.2222222222222223,94.88888888888889,5,3,9,29,23,0.1111111111111111
149577,3,300,3.6666666666666665,100.0,1,4,7,11,63,1.0
149593,1,97,2.0,97.0,1,2,2,2,121,1.0
149616,3,373,3.6666666666666665,124.33333333333333,1,2,5,11,90,1.0
149620,3,472,5.0,157.33333333333334,2,3,6,15,50,0.0
149628,4,326,2.5,81.5,2,2,6,10,247,0.0
149636,1,60,2.0,60.0,1,1,2,2,478,1.0
149648,1,133,4.0,133.0,1,1,2,4,534,1.0
149659,13,1051,2.6923076923076925,80.84615384615384,1,3,7,35,169,1.0
149668,5,447,3.0,89.4,2,3,6,15,84,0.0
149669,5,953,6.0,190.6,3,3,8,30,28,0.6
149677,4,639,4.75,159.75,1,2,5,19,139,1.0
149680,28,2567,3.6785714285714284,91.67857142857143,3,4,13,103,6,0.8928571428571429
149693,6,512,3.1666666666666665,85.33333333333333,2,2,5,19,210,0.8333333333333334
149713,1,54,3.0,54.0,1,2,3,3,541,1.0
149728,5,530,4.2,106.0,1,2,7,21,273,1.0
149732,1,65,2.0,65.0,1,1,2,2,206,0.0
149733,9,306,1.8888888888888888,34.0,5,4,6,17,27,0.5555555555555556
149735,6,573,3.5,95.5,2,3,9,21,134,0.0
149744,3,266,3.6666666666666665,88.66666666666667,2,2,5,11,282,0.6666666666666666
149770,2,184,2.5,92.0,1,1,2,5,459,1.0
149796,3,416,6.0,138.66666666666666,1,4,8,18,417,1.0
149804,1,314,10.0,314.0,1,2,5,10,672,0.0
149809,2,57,1.5,28.5,1,2,3,3,168,1.0
149812,3,632,6.666666666666667,210.66666666666666,1,2,9,20,225,1.0
149829,1,63,2.0,63.0,1,1,2,2,386,1.0
149839,5,397,3.6,79.4,1,3,9,18,112,1.0
149840,12,747,2.6666666666666665,62.25,3,4,11,32,35,0.16666666666666666
149844,2,209,5.0,104.5,1,2,3,10,249,0.0
149903,5,338,2.2,67.6,4,2,6,11,301,0.2
149910,1,140,4.0,140.0,1,2,3,4,187,1.0
149911,20,1344,3.0,67.2,7,4,13,60,15,0.2
149928,4,100,1.5,25.0,2,2,2,6,505,0.5
149941,15,1142,3.2,76.13333333333334,1,4,9,48,58,1.0
149967,7,482,2.2857142857142856,68.85714285714286,3,4,12,16,66,0.14285714285714285
149982,7,611,3.142857142857143,87.28571428571429,2,2,4,22,109,0.8571428571428571
150003,9,1130,4.888888888888889,125.55555555555556,3,4,12,44,42,0.0
150018,4,251,3.25,62.75,1,3,5,13,441,1.0
150021,1,99,3.0,99.0,1,1,2,3,453,1.0
150035,4,333,3.0,83.25,1,2,4,12,324,1.0
150037,4,165,1.5,41.25,1,2,3,6,257,1.0
150044,1,77,2.0,77.0,1,1,1,2,93,0.0
150072,6,445,2.3333333333333335,74.16666666666667,1,3,5,14,55,1.0
150088,9,1258,6.222222222222222,139.77777777777777,2,4,11,56,58,0.8888888888888888
150092,2,238,4.0,119.0,1,3,6,8,107,1.0
150114,1,107,3.0,107.0,1,2,2,3,153,0.0
150119,5,713,5.6,142.6,2,2,7,28,65,0.0
150136,2,67,1.5,33.5,1,2,3,3,577,1.0
150158,5,398,3.0,79.6,1,4,9,15,83,0.0
150167,4,221,2.75,55.25,1,3,7,11,65,1.0
150224,6,451,3.0,75.16666666666667,1,3,8,18,379,1.0
150230,3,191,2.3333333333333335,63.666666666666664,2,2,4,7,231,0.6666666666666666
150237,6,407,3.5,67.83333333333333,1,3,6,21,127,0.0
150247,2,141,2.0,70.5,1,1,4,4,435,1.0
150268,6,427,2.8333333333333335,71.16666666666667,1,4,9,17,282,0.0
150269,2,223,3.0,111.5,2,2,5,6,36,0.5
150271,9,1800,7.333333333333333,200.0,2,4,12,66,31,0.0
150297,3,160,2.6666666666666665,53.333333333333336,1,2,3,8,234,1.0
150342,3,60,2.0,20.0,3,2,3,6,470,0.3333333333333333
150367,4,365,2.75,91.25,1,3,7,11,143,1.0
150377,6,611,3.5,101.83333333333333,2,3,7,21,60,0.8333333333333334
150384,3,144,1.3333333333333333,48.0,2,3,3,4,649,0.0
150385,3,345,3.6666666666666665,115.0,2,3,7,11,14,0.6666666666666666
150398,7,544,3.0,77.71428571428571,4,3,8,21,4,0.14285714285714285
150410,9,1844,8.555555555555555,204.88888888888889,1,4,14,77,45,1.0
150413,6,541,3.3333333333333335,90.16666666666667,3,4,9,20,14,0.5
150448,4,439,4.5,109.75,1,3,6,18,65,1.0
150450,6,870,6.166666666666667,145.0,1,3,9,37,53,0.0
150455,1,94,3.0,94.0,1,1,2,3,418,1.0
150484,2,120,2.0,60.0,2,1,2,4,546,0.5
150485,1,65,1.0,65.0,1,1,1,1,263,1.0
150487,2,121,2.0,60.5,2,2,4,4,490,0.5
150489,4,392,4.0,98.0,3,3,7,16,59,0.25
150496,6,1522,8.833333333333334,253.66666666666666,1,3,9,53,78,1.0
150532,2,99,2.0,49.5,1,1,3,4,597,1.0
150535,2,114,2.0,57.0,1,1,3,4,548,1.0
150538,2,150,2.5,75.0,2,3,5,5,572,0.5
150556,4,461,3.5,115.25,2,4,6,14,97,0.75
150561,3,281,4.0,93.66666666666667,1,4,8,12,234,1.0
150562,1,58,2.0,58.0,1,1,1,2,51,1.0
150607,4,98,2.5,24.5,1,3,4,10,229,1.0
150636,2,279,4.0,139.5,1,1,4,8,139,0.0
150674,2,92,1.5,46.0,1,1,2,3,38,1.0
150679,2,59,1.5,29.5,1,2,3,3,593,1.0
150708,1,146,4.0,146.0,1,2,3,4,609,1.0
150720,5,439,3.4,87.8,1,3,6,17,302,1.0
150742,5,429,2.6,85.8,3,4,8,13,56,0.0
150754,3,200,1.6666666666666667,66.66666666666667,2,2,2,5,116,0.6666666666666666
150760,8,796,3.875,99.5,2,3,9,31,35,0.875
150764,3,174,2.0,58.0,3,2,2,6,449,0.3333333333333333
150792,2,247,4.0,123.5,1,4,6,8,424,1.0
150810,2,114,2.5,57.0,2,2,5,5,425,0.0
150814,6,1784,9.166666666666666,297.3333333333333,2,4,11,55,9,0.8333333333333334
150830,5,428,2.6,85.6,2,3,8,13,90,0.0
150831,1,168,5.0,168.0,1,3,3,5,222,1.0
150836,1,102,3.0,102.0,1,1,3,3,163,0.0
150859,9,625,3.3333333333333335,69.44444444444444,2,3,8,30,31,0.0
150860,1,227,7.0,227.0,1,1,3,7,430,0.0
150862,6,487,2.8333333333333335,81.16666666666667,1,4,7,17,39,1.0
150868,1,66,2.0,66.0,1,2,2,2,630,1.0
150900,1,151,4.0,151.0,1,2,4,4,63,1.0
150901,3,240,2.3333333333333335,80.0,2,3,5,7,1,0.6666666666666666
150903,1,121,4.0,121.0,1,1,3,4,429,0.0
150913,2,151,2.0,75.5,2,2,3,4,232,0.0
150915,10,1259,4.8,125.9,1,3,8,48,25,1.0
150922,1,262,8.0,262.0,1,1,4,8,536,1.0
150924,3,222,2.3333333333333335,74.0,1,2,5,7,226,1.0
150949,2,244,5.0,122.0,1,2,5,10,355,1.0
150966,1,45,2.0,45.0,1,1,2,2,665,0.0
150970,5,473,3.2,94.6,2,3,8,16,58,0.8
150977,1,104,3.0,104.0,1,2,3,3,700,1.0
150979,7,313,2.5714285714285716,44.714285714285715,3,4,9,18,30,0.42857142857142855
150992,5,471,3.4,94.2,1,4,7,17,11,1.0
150993,2,483,7.5,241.5,2,2,7,15,662,0.5
151007,1,45,1.0,45.0,1,1,1,1,693,1.0
151073,3,334,3.3333333333333335,111.33333333333333,1,3,7,10,6,1.0
151091,14,1150,3.7142857142857144,82.14285714285714,4,4,12,52,35,0.5714285714285714
151108,3,351,5.666666666666667,117.0,1,3,8,17,239,1.0
151110,1,80,2.0,80.0,1,1,1,2,721,1.0
151111,2,125,1.5,62.5,2,2,2,3,351,0.5
151114,1,25,1.0,25.0,1,1,1,1,458,1.0
151129,2,128,2.5,64.0,1,2,3,5,118,1.0
151139,1,133,4.0,133.0,1,2,3,4,125,1.0
151165,9,1058,5.0,117.55555555555556,2,4,13,45,168,0.2222222222222222
151201,5,489,3.0,97.8,2,4,8,15,140,0.6
151202,1,132,5.0,132.0,1,1,3,5,224,1.0
151261,1,213,6.0,213.0,1,3,5,6,97,1.0
151265,1,48,2.0,48.0,1,1,2,2,598,0.0
151272,3,279,4.333333333333333,93.0,1,3,5,13,234,1.0
151282,1,205,6.0,205.0,1,2,3,6,267,1.0
151283,2,95,2.5,47.5,1,3,4,5,231,1.0
151285,12,864,2.8333333333333335,72.0,1,3,9,34,135,1.0
151294,3,199,2.6666666666666665,66.33333333333333,1,3,6,8,187,1.0
151311,5,290,1.8,58.0,2,4,5,9,41,0.8
151345,1,96,3.0,96.0,1,1,2,3,302,0.0
151357,3,262,2.6666666666666665,87.33333333333333,2,1,5,8,142,0.3333333333333333
151359,1,64,2.0,64.0,1,1,2,2,686,0.0
151362,2,351,7.0,175.5,1,2,6,14,357,1.0
151369,6,535,4.5,89.16666666666667,1,4,10,27,72,1.0
151376,1,78,3.0,78.0,1,1,2,3,583,1.0
151391,1,109,4.0,109.0,1,1,3,4,59,1.0
151395,1,67,2.0,67.0,1,1,2,2,258,0.0
151405,1,77,2.0,77.0,1,1,1,2,264,0.0
151440,1,69,1.0,69.0,1,1,1,1,45,1.0
151457,1,114,4.0,114.0,1,2,3,4,542,0.0
151461,3,228,3.0,76.0,2,3,5,9,560,0.0
151463,8,625,2.375,78.125,2,4,9,19,142,0.875
151477,1,72,2.0,72.0,1,1,2,2,337,1.0
151491,1,124,3.0,124.0,1,1,2,3,620,1.0
151499,1,55,2.0,55.0,1,1,2,2,597,1.0
151507,4,181,3.0,45.25,1,4,6,12,257,1.0
151513,5,432,2.8,86.4,1,3,7,14,65,0.0
151516,2,124,2.5,62.0,1,2,3,5,65,1.0
151524,5,413,2.6,82.6,4,3,6,13,274,0.2
151533,1,37,1.0,37.0,1,1,1,1,373,1.0
151544,2,214,4.0,107.0,1,3,5,8,9,1.0
151545,3,320,3.0,106.66666666666667,2,3,6,9,276,0.6666666666666666
151566,4,334,4.25,83.5,3,3,7,17,149,0.25
151571,7,150,1.0,21.428571428571427,1,2,2,7,27,1.0
151588,3,521,7.666666666666667,173.66666666666666,1,2,6,23,50,1.0
151591,1,104,3.0,104.0,1,1,2,3,373,1.0
151592,1,70,3.0,70.0,1,2,3,3,672,1.0
151594,3,105,2.0,35.0,1,3,4,6,49,1.0
151597,11,464,2.1818181818181817,42.18181818181818,1,3,8,24,193,1.0
151606,1,70,2.0,70.0,1,1,2,2,656,1.0
151611,6,329,1.8333333333333333,54.833333333333336,2,3,5,11,297,0.8333333333333334
151616,2,95,3.0,47.5,2,1,4,6,167,0.5
151630,1,696,23.0,696.0,1,3,7,23,322,1.0
151665,2,266,4.5,133.0,2,2,6,9,410,0.5
151667,7,512,2.2857142857142856,73.14285714285714,3,4,8,16,125,0.7142857142857143
151680,3,260,4.0,86.66666666666667,1,2,6,12,22,1.0
151698,1,144,6.0,144.0,1,1,5,6,233,0.0
151708,19,2198,5.2631578947368425,115.6842105263158,3,4,14,100,0,0.631578947368421
151712,10,575,2.3,57.5,3,3,7,23,7,0.0
151713,8,198,1.625,24.75,3,3,4,13,43,0.625
151744,1,94,3.0,94.0,1,2,3,3,700,1.0
151747,2,351,4.0,175.5,1,2,4,8,485,1.0
151750,1,99,3.0,99.0,1,1,3,3,112,1.0
151754,1,150,4.0,150.0,1,2,4,4,126,1.0
151760,1,85,3.0,85.0,1,1,2,3,618,0.0
151766,3,255,3.6666666666666665,85.0,1,3,5,11,148,1.0
151784,10,762,3.2,76.2,1,4,8,32,39,1.0
151790,5,736,5.4,147.2,2,2,7,27,51,0.8
151792,1,74,2.0,74.0,1,2,2,2,140,1.0
151797,1,144,5.0,144.0,1,1,3,5,57,1.0
151811,12,659,2.5,54.916666666666664,4,3,8,30,34,0.3333333333333333
151821,1,39,1.0,39.0,1,1,1,1,420,1.0
151826,4,391,3.5,97.75,2,2,7,14,50,0.0
151828,3,213,2.3333333333333335,71.0,1,2,4,7,10,1.0
151834,6,662,3.0,110.33333333333333,3,3,9,18,186,0.3333333333333333
151840,8,811,3.75,101.375,2,3,7,30,58,0.875
151845,1,99,3.0,99.0,1,2,3,3,181,0.0
151858,8,919,4.25,114.875,2,4,10,34,41,0.875
151865,4,540,4.25,135.0,2,3,6,17,115,0.25
151867,7,454,2.857142857142857,64.85714285714286,3,4,9,20,52,0.7142857142857143
151873,1,64,2.0,64.0,1,1,2,2,351,1.0
151888,3,176,2.0,58.666666666666664,1,4,5,6,424,1.0
151897,1,25,1.0,25.0,1,1,1,1,725,1.0
151899,1,37,1.0,37.0,1,1,1,1,104,1.0
151914,3,151,2.0,50.333333333333336,2,4,5,6,100,0.6666666666666666
151958,2,165,3.0,82.5,2,2,5,6,232,0.5
151969,2,273,4.0,136.5,2,2,4,8,25,0.5
152043,22,4357,7.5,198.04545454545453,1,3,11,165,162,1.0
152053,8,686,2.625,85.75,1,3,8,21,135,1.0
152126,2,120,2.0,60.0,1,1,2,4,421,1.0
152149,1,130,4.0,130.0,1,1,4,4,294,0.0
152153,8,834,4.125,104.25,4,3,10,33,2,0.0
152185,5,308,2.8,61.6,1,4,6,14,395,1.0
152186,7,725,4.142857142857143,103.57142857142857,3,4,11,29,167,0.0
152191,19,891,2.0,46.89473684210526,5,4,10,38,37,0.3157894736842105
152197,4,147,2.0,36.75,1,2,4,8,452,1.0
152206,10,1416,5.6,141.6,3,3,8,56,115,0.4
152209,3,213,2.6666666666666665,71.0,1,1,5,8,86,0.0
152213,4,460,3.5,115.0,1,3,6,14,43,0.0
152221,1,133,4.0,133.0,1,2,2,4,388,1.0
152241,10,729,3.3,72.9,1,3,9,33,9,1.0
152253,5,263,1.8,52.6,2,4,6,9,72,0.0
152265,3,270,2.6666666666666665,90.0,1,2,4,8,20,0.0
152284,2,85,2.5,42.5,1,1,3,5,425,1.0
152338,9,800,3.0,88.88888888888889,5,3,12,27,119,0.2222222222222222
152347,16,1472,2.75,92.0,5,4,13,44,97,0.0625
152348,5,479,4.8,95.8,3,3,5,24,367,0.0
152351,2,271,4.0,135.5,1,3,7,8,402,1.0
152358,2,18,1.5,9.0,1,2,2,3,595,0.0
152371,3,240,2.6666666666666665,80.0,1,1,4,8,203,0.0
152383,2,165,3.0,82.5,1,2,4,6,404,1.0
152392,5,514,3.6,102.8,2,2,5,18,108,0.4
152402,1,20,1.0,20.0,1,1,1,1,416,1.0
152421,19,1723,2.8947368421052633,90.6842105263158,1,4,14,55,41,1.0
152424,2,78,2.5,39.0,1,1,3,5,596,1.0
152445,2,170,3.0,85.0,1,2,6,6,319,0.0
152450,1,177,4.0,177.0,1,1,3,4,187,1.0
152457,2,107,2.0,53.5,2,2,3,4,313,0.5
152463,13,926,3.0,71.23076923076923,4,4,14,39,6,0.6923076923076923
152464,6,875,5.0,145.83333333333334,2,4,14,30,22,0.16666666666666666
152479,4,270,2.5,67.5,2,3,7,10,106,0.75
152481,3,265,2.6666666666666665,88.33333333333333,1,1,3,8,65,1.0
152525,2,131,2.5,65.5,1,3,4,5,65,1.0
152534,4,402,2.75,100.5,4,3,6,11,329,0.0
152540,8,620,3.75,77.5,3,4,14,30,31,0.25
152566,4,578,3.75,144.5,1,3,9,15,140,1.0
152571,4,269,3.25,67.25,1,2,3,13,71,1.0
152588,12,1053,3.5833333333333335,87.75,2,3,5,43,20,0.8333333333333334
152594,1,77,2.0,77.0,1,1,1,2,432,1.0
152605,5,157,2.0,31.4,1,2,4,10,161,1.0
152638,5,75,1.0,15.0,2,2,3,5,467,0.6
152648,7,299,2.7142857142857144,42.714285714285715,4,2,7,19,62,0.14285714285714285
152664,1,64,2.0,64.0,1,1,2,2,518,0.0
152674,3,213,2.6666666666666665,71.0,1,2,5,8,71,1.0
152676,4,786,7.0,196.5,1,3,7,28,9,1.0
152700,1,48,2.0,48.0,1,1,2,2,578,1.0
152704,1,264,8.0,264.0,1,2,6,8,120,1.0
152722,2,230,5.5,115.0,2,2,6,11,62,0.5
152738,14,798,2.357142857142857,57.0,1,3,9,33,57,1.0
152773,2,202,4.5,101.0,2,3,4,9,278,0.0
152786,2,69,1.0,34.5,1,2,2,2,105,1.0
152798,2,150,2.5,75.0,1,2,4,5,118,1.0
152825,6,560,3.3333333333333335,93.33333333333333,2,2,5,20,238,0.6666666666666666
152826,5,681,4.2,136.2,1,4,12,21,116,1.0
152831,1,132,4.0,132.0,1,1,2,4,487,1.0
152832,7,736,4.142857142857143,105.14285714285714,1,3,10,29,65,1.0
152834,7,754,3.5714285714285716,107.71428571428571,2,4,11,25,65,0.8571428571428571
152841,8,853,3.375,106.625,2,3,9,27,141,0.875
152868,12,661,2.6666666666666665,55.083333333333336,1,4,9,32,9,1.0
152874,1,28,1.0,28.0,1,1,1,1,420,1.0
152885,3,270,3.3333333333333335,90.0,1,3,8,10,244,1.0
152886,1,91,2.0,91.0,1,1,2,2,257,1.0
152891,1,44,2.0,44.0,1,1,2,2,430,1.0
152916,1,49,1.0,49.0,1,1,1,1,469,1.0
152918,6,364,2.6666666666666665,60.666666666666664,1,4,7,16,57,1.0
152919,11,465,2.0,42.27272727272727,2,3,8,22,49,0.09090909090909091
152934,3,331,3.0,110.33333333333333,2,3,6,9,322,0.3333333333333333
152944,2,151,3.5,75.5,1,3,5,7,422,1.0
152945,5,456,2.4,91.2,1,4,7,12,117,1.0
152957,2,367,4.5,183.5,2,1,4,9,3,0.5
152977,3,293,3.0,97.66666666666667,1,1,5,9,69,1.0
152988,1,52,2.0,52.0,1,1,1,2,329,1.0
152993,2,305,7.0,152.5,2,2,8,14,427,0.0
152996,1,67,2.0,67.0,1,1,2,2,647,0.0
153016,1,133,4.0,133.0,1,1,4,4,497,0.0
153021,1,45,1.0,45.0,1,1,1,1,83,0.0
153054,3,132,2.0,44.0,1,3,4,6,595,1.0
153078,2,120,2.0,60.0,1,2,4,4,446,1.0
153091,2,148,3.0,74.0,1,2,4,6,394,1.0
153105,1,62,3.0,62.0,1,1,3,3,90,1.0
153110,7,379,2.0,54.142857142857146,2,2,4,14,218,0.8571428571428571
153112,1,89,3.0,89.0,1,1,3,3,242,1.0
153123,5,500,3.6,100.0,2,3,8,18,37,0.8
153140,3,521,6.0,173.66666666666666,2,3,5,18,143,0.6666666666666666
153143,1,242,8.0,242.0,1,2,4,8,357,0.0
153172,3,150,2.3333333333333335,50.0,1,2,4,7,450,1.0
153183,1,50,2.0,50.0,1,1,2,2,598,1.0
153199,3,292,2.6666666666666665,97.33333333333333,1,2,5,8,302,0.0
153208,2,83,2.0,41.5,1,2,4,4,595,0.0
153247,10,944,3.1,94.4,2,4,11,31,139,0.9
153248,6,439,2.1666666666666665,73.16666666666667,1,2,7,13,153,1.0
153249,7,837,3.857142857142857,119.57142857142857,1,4,8,27,31,1.0
153257,4,329,3.0,82.25,1,2,4,12,450,0.0
153258,6,343,1.8333333333333333,57.166666666666664,2,3,6,11,168,0.6666666666666666
153269,3,388,3.6666666666666665,129.33333333333334,2,4,6,11,15,0.0
153284,3,182,3.0,60.666666666666664,2,3,6,9,153,0.6666666666666666
153295,1,92,2.0,92.0,1,1,1,2,346,0.0
153304,3,493,4.666666666666667,164.33333333333334,1,3,7,14,317,1.0
153320,6,90,1.5,15.0,2,2,3,9,162,0.8333333333333334
153330,6,317,4.5,52.833333333333336,2,4,10,27,72,0.0
153337,1,54,2.0,54.0,1,1,2,2,582,1.0
153425,5,401,3.0,80.2,3,4,8,15,42,0.6
153432,4,1010,7.25,252.5,1,3,9,29,591,1.0
153441,16,2735,5.75,170.9375,2,4,11,92,150,0.9375
153453,2,353,5.5,176.5,1,3,7,11,487,1.0
153477,1,66,2.0,66.0,1,1,2,2,80,1.0
153480,2,198,3.5,99.0,1,3,6,7,119,1.0
153488,12,942,3.0833333333333335,78.5,1,4,10,37,39,0.0
153497,2,116,2.5,58.0,2,2,3,5,410,0.5
153498,2,145,3.5,72.5,1,2,3,7,550,1.0
153512,5,440,2.8,88.0,2,3,5,14,396,0.4
153518,5,606,4.4,121.2,2,3,10,22,262,0.6
153540,3,207,2.6666666666666665,69.0,1,3,5,8,58,1.0
153546,1,74,2.0,74.0,1,1,1,2,452,1.0
153550,2,278,5.5,139.0,1,2,5,11,595,1.0
153575,1,104,3.0,104.0,1,3,3,3,84,1.0
153590,3,364,3.6666666666666665,121.33333333333333,2,2,6,11,112,0.3333333333333333
153601,6,244,2.1666666666666665,40.666666666666664,2,4,8,13,74,0.6666666666666666
153606,14,958,3.357142857142857,68.42857142857143,1,4,9,47,35,1.0
153620,1,72,2.0,72.0,1,1,2,2,710,1.0
153630,7,481,3.7142857142857144,68.71428571428571,1,3,7,26,161,1.0
153673,3,841,10.333333333333334,280.3333333333333,2,3,6,31,34,0.6666666666666666
153678,3,307,3.3333333333333335,102.33333333333333,2,2,6,10,9,0.6666666666666666
153693,2,161,3.0,80.5,1,2,5,6,97,1.0
153703,1,107,5.0,107.0,1,1,2,5,63,0.0
153709,1,157,6.0,157.0,1,1,4,6,59,1.0
153722,4,194,1.5,48.5,2,4,6,6,21,0.75
153725,5,482,3.0,96.4,2,4,8,15,120,0.8
153732,4,351,2.25,87.75,2,4,7,9,196,0.0
153739,8,642,2.75,80.25,5,4,12,22,238,0.5
153750,7,534,3.0,76.28571428571429,2,2,7,21,34,0.5714285714285714
153753,3,476,4.666666666666667,158.66666666666666,3,2,5,14,153,0.0
153758,1,77,3.0,77.0,1,1,2,3,224,0.0
153764,3,314,5.0,104.66666666666667,1,2,6,15,680,1.0
153772,2,48,1.5,24.0,1,2,3,3,595,0.0
153776,10,656,3.1,65.6,2,3,10,31,62,0.9
153779,2,166,2.5,83.0,1,1,2,5,380,0.0
153780,10,643,2.4,64.3,6,3,10,24,55,0.2
153784,2,199,4.0,99.5,1,2,4,8,225,1.0
153793,10,1079,4.4,107.9,3,4,12,44,102,0.8
153798,1,213,6.0,213.0,1,2,3,6,240,1.0
153822,1,39,1.0,39.0,1,1,1,1,283,0.0
153830,9,564,3.0,62.666666666666664,3,4,11,27,48,0.6666666666666666
153841,1,64,2.0,64.0,1,1,2,2,721,1.0
153876,4,137,2.0,34.25,1,3,5,8,416,1.0
153880,2,219,3.5,109.5,1,1,4,7,441,1.0
153890,3,117,1.6666666666666667,39.0,1,1,4,5,553,1.0
153923,6,447,4.5,74.5,2,4,9,27,31,0.8333333333333334
153928,9,530,2.111111111111111,58.888888888888886,1,4,8,19,42,1.0
153931,4,294,2.5,73.5,1,3,7,10,478,1.0
153941,1,232,6.0,232.0,1,1,2,6,21,0.0
153948,4,121,2.25,30.25,1,2,4,9,424,0.0
153971,1,71,2.0,71.0,1,1,2,2,473,1.0
153972,3,222,2.3333333333333335,74.0,2,2,6,7,308,0.3333333333333333
153977,2,119,2.0,59.5,1,2,2,4,438,1.0
153984,4,291,2.5,72.75,2,3,8,10,430,0.5
153997,1,72,2.0,72.0,1,1,2,2,465,1.0
154038,1,140,4.0,140.0,1,1,3,4,434,1.0
154044,12,1071,3.6666666666666665,89.25,1,4,14,44,34,1.0
154048,6,675,4.5,112.5,3,3,6,27,233,0.0
154051,1,65,1.0,65.0,1,1,1,1,71,0.0
154101,2,234,4.0,117.0,1,1,4,8,498,0.0
154115,2,202,3.0,101.0,1,2,3,6,301,1.0
154133,1,64,2.0,64.0,1,1,2,2,683,1.0
154136,6,558,3.5,93.0,1,2,6,21,162,0.0
154147,2,409,6.5,204.5,1,2,3,13,329,1.0
154152,4,320,3.0,80.0,1,3,6,12,153,1.0
154169,4,220,1.5,55.0,1,2,5,6,129,1.0
154191,1,85,2.0,85.0,1,1,2,2,224,1.0
154205,9,922,3.2222222222222223,102.44444444444444,1,4,11,29,58,1.0
154215,7,689,4.0,98.42857142857143,3,4,12,28,105,0.7142857142857143
154265,11,1073,3.8181818181818183,97.54545454545455,1,3,13,42,582,1.0
154275,1,215,6.0,215.0,1,1,2,6,457,1.0
154277,3,251,3.0,83.66666666666667,2,2,6,9,247,0.6666666666666666
154281,3,309,2.3333333333333335,103.0,2,3,5,7,90,0.3333333333333333
154288,5,1173,7.6,234.6,1,4,11,38,343,1.0
154297,1,77,2.0,77.0,1,2,2,2,280,1.0
154302,11,996,4.181818181818182,90.54545454545455,2,4,11,46,70,0.5454545454545454
154312,7,402,2.857142857142857,57.42857142857143,2,3,5,20,69,0.7142857142857143
154315,4,454,4.0,113.5,1,3,9,16,34,0.0
154324,3,263,2.6666666666666665,87.66666666666667,2,3,4,8,97,0.6666666666666666
154328,10,1003,3.7,100.3,1,4,10,37,57,1.0
154336,3,81,1.3333333333333333,27.0,1,2,3,4,57,1.0
154354,3,281,2.3333333333333335,93.66666666666667,2,3,5,7,133,0.0
154369,2,272,5.5,136.0,2,2,6,11,57,0.5
154395,1,173,6.0,173.0,1,1,3,6,407,1.0
154410,4,279,2.5,69.75,2,3,4,10,90,0.5
154430,6,458,2.8333333333333335,76.33333333333333,2,4,6,17,57,0.0
154431,1,145,4.0,145.0,1,1,3,4,648,1.0
154438,1,74,3.0,74.0,1,2,3,3,203,0.0
154443,2,102,2.5,51.0,1,2,2,5,51,0.0
154452,3,340,2.0,113.33333333333333,1,3,5,6,254,1.0
154485,3,289,2.3333333333333335,96.33333333333333,3,3,6,7,51,0.0
154489,1,222,7.0,222.0,1,1,4,7,590,1.0
154512,5,348,3.4,69.6,1,4,9,17,65,1.0
154515,9,951,3.5555555555555554,105.66666666666667,3,4,11,32,58,0.6666666666666666
154531,6,690,4.166666666666667,115.0,2,4,10,25,43,0.6666666666666666
154539,1,54,2.0,54.0,1,1,2,2,584,1.0
154585,5,486,5.4,97.2,1,4,10,27,56,1.0
154588,4,278,2.5,69.5,2,2,5,10,118,0.75
154596,4,300,2.75,75.0,3,3,6,11,260,0.5
154597,8,989,4.125,123.625,3,4,10,33,69,0.0
154622,2,146,2.0,73.0,1,2,3,4,268,1.0
154677,1,105,2.0,105.0,1,1,2,2,486,1.0
154679,4,591,4.75,147.75,2,3,8,19,282,0.75
154701,12,903,3.3333333333333335,75.25,3,4,10,40,196,0.4166666666666667
154704,2,116,1.5,58.0,2,1,3,3,135,0.5
154722,2,42,1.5,21.0,2,2,2,3,408,0.5
154727,3,160,1.6666666666666667,53.333333333333336,1,2,4,5,32,0.0
154746,6,551,3.3333333333333335,91.83333333333333,1,3,10,20,227,0.0
154767,2,191,3.0,95.5,2,2,4,6,430,0.0
154778,1,50,2.0,50.0,1,1,2,2,588,1.0
154792,2,119,2.0,59.5,1,1,2,4,403,1.0
154841,11,1385,4.454545454545454,125.9090909090909,2,4,12,49,63,0.8181818181818182
154843,10,927,4.4,92.7,1,4,12,44,72,1.0
154854,7,575,2.5714285714285716,82.14285714285714,4,4,10,18,85,0.14285714285714285
154857,2,122,2.5,61.0,1,1,2,5,46,1.0
154862,4,482,3.5,120.5,1,2,9,14,52,1.0
154882,8,822,3.875,102.75,2,3,10,31,62,0.875
154889,1,196,4.0,196.0,1,1,3,4,73,0.0
154893,1,59,2.0,59.0,1,1,2,2,187,1.0
154894,1,20,2.0,20.0,1,1,1,2,700,1.0
154911,3,292,4.0,97.33333333333333,2,1,6,12,408,0.0
154912,2,99,2.5,49.5,2,1,3,5,310,0.0
154938,6,424,2.6666666666666665,70.66666666666667,2,3,8,16,31,0.0
154940,1,70,2.0,70.0,1,1,2,2,390,1.0
154960,4,97,1.25,24.25,3,2,3,5,71,0.5
154984,6,320,2.8333333333333335,53.333333333333336,2,4,10,17,28,0.5
154994,1,32,2.0,32.0,1,1,2,2,683,1.0
155006,2,134,2.0,67.0,1,1,3,4,646,1.0
155020,16,1636,4.125,102.25,3,4,11,66,18,0.875
155023,2,189,6.0,94.5,2,2,7,12,686,0.5
155037,6,481,3.5,80.16666666666667,1,3,7,21,258,1.0
155049,4,69,1.25,17.25,1,2,3,5,339,1.0
155065,1,0,1.0,0.0,1,1,1,1,698,0.0
155069,2,101,3.5,50.5,2,2,3,7,561,0.5
155071,1,115,5.0,115.0,1,1,4,5,234,1.0
155089,2,91,1.5,45.5,1,2,3,3,306,1.0
155104,2,175,3.5,87.5,1,3,5,7,484,0.0
155120,7,499,2.857142857142857,71.28571428571429,1,2,4,20,157,1.0
155122,2,159,2.5,79.5,1,2,4,5,111,0.0
155130,4,232,2.0,58.0,4,3,6,8,515,0.25
155133,10,556,3.2,55.6,2,4,9,32,24,0.9
155168,1,152,4.0,152.0,1,2,4,4,128,0.0
155170,1,132,4.0,132.0,1,2,4,4,330,1.0
155177,7,595,3.2857142857142856,85.0,1,4,10,23,17,1.0
155184,3,141,1.6666666666666667,47.0,2,1,2,5,456,0.3333333333333333
155198,2,192,3.0,96.0,1,1,3,6,276,0.0
155203,6,661,3.3333333333333335,110.16666666666667,2,2,7,20,420,0.8333333333333334
155209,1,0,1.0,0.0,1,1,1,1,715,1.0
155250,1,0,2.0,0.0,1,1,1,2,698,1.0
155257,10,982,3.8,98.2,1,4,13,38,70,1.0
155281,3,192,3.0,64.0,1,2,5,9,417,1.0
155294,1,104,3.0,104.0,1,1,3,3,665,1.0
155298,12,1196,3.6666666666666665,99.66666666666667,1,4,12,44,66,0.0
155299,3,214,2.3333333333333335,71.33333333333333,2,2,4,7,78,0.6666666666666666
155300,11,1104,4.7272727272727275,100.36363636363636,3,3,10,52,199,0.6363636363636364
155304,1,74,2.0,74.0,1,1,1,2,111,1.0
155319,1,0,1.0,0.0,1,1,1,1,623,1.0
155331,9,704,3.111111111111111,78.22222222222223,2,2,7,28,135,0.3333333333333333
155351,2,223,3.0,111.5,1,4,5,6,35,1.0
155376,1,68,2.0,68.0,1,1,2,2,497,1.0
155406,3,164,2.3333333333333335,54.666666666666664,1,2,5,7,308,1.0
155408,1,55,2.0,55.0,1,1,2,2,372,0.0
155412,1,84,2.0,84.0,1,1,2,2,462,0.0
155415,4,231,2.25,57.75,2,4,7,9,203,0.25
155419,2,129,3.0,64.5,1,3,4,6,403,1.0
155423,19,1495,3.1052631578947367,78.6842105263158,2,4,11,59,41,0.7894736842105263
155428,3,254,3.0,84.66666666666667,2,3,7,9,43,0.3333333333333333
155456,3,305,2.6666666666666665,101.66666666666667,1,3,5,8,127,1.0
155457,3,172,2.0,57.333333333333336,1,2,3,6,55,1.0
155504,2,275,5.5,137.5,1,3,8,11,427,1.0
155530,6,460,2.5,76.66666666666667,1,3,8,15,146,1.0
155555,7,746,3.5714285714285716,106.57142857142857,2,3,10,25,3,0.7142857142857143
155556,3,235,2.6666666666666665,78.33333333333333,1,2,5,8,65,0.0
155557,5,795,4.6,159.0,2,2,6,23,78,0.4
155558,1,96,2.0,96.0,1,1,2,2,182,1.0
155570,26,2879,4.153846153846154,110.73076923076923,1,4,12,108,120,1.0
155574,5,182,1.0,36.4,1,2,2,5,168,1.0
155593,2,364,7.0,182.0,1,3,7,14,196,1.0
155594,2,247,3.5,123.5,1,2,5,7,125,1.0
155598,4,420,4.75,105.0,1,2,8,19,453,1.0
155602,11,558,1.9090909090909092,50.72727272727273,6,3,7,21,78,0.0
155623,1,58,3.0,58.0,1,1,3,3,581,0.0
155624,1,70,2.0,70.0,1,1,2,2,617,1.0
155662,4,198,2.25,49.5,1,4,7,9,277,1.0
155669,8,424,1.75,53.0,5,3,7,14,72,0.375
155684,5,505,3.8,101.0,2,3,8,19,56,0.8
155699,1,85,2.0,85.0,1,1,1,2,717,1.0
155700,2,7,1.0,3.5,1,2,2,2,491,1.0
155804,1,130,5.0,130.0,1,1,3,5,584,1.0
155841,2,283,4.5,141.5,1,2,4,9,455,1.0
155846,2,406,6.5,203.0,1,3,6,13,351,1.0
155878,1,182,6.0,182.0,1,2,2,6,44,1.0
155886,4,590,5.75,147.5,2,3,11,23,151,0.0
155896,2,582,9.5,291.0,1,2,7,19,125,0.0
155903,3,167,3.0,55.666666666666664,3,2,4,9,11,0.0
155917,2,210,3.0,105.0,1,2,4,6,163,1.0
155920,1,109,3.0,109.0,1,1,3,3,199,0.0
155942,1,102,3.0,102.0,1,1,2,3,117,0.0
155970,14,1076,2.857142857142857,76.85714285714286,3,4,9,40,23,0.7142857142857143
155978,1,159,5.0,159.0,1,1,3,5,705,1.0
156000,8,491,2.0,61.375,4,3,6,16,57,0.0
156011,2,162,3.0,81.0,1,2,5,6,429,1.0
156017,5,199,2.2,39.8,1,3,7,11,160,1.0
156026,1,89,3.0,89.0,1,1,3,3,336,1.0
156043,1,74,2.0,74.0,1,1,1,2,71,1.0
156044,1,0,1.0,0.0,1,1,1,1,607,1.0
156051,1,0,1.0,0.0,1,1,1,1,696,1.0
156084,4,298,3.25,74.5,1,3,6,13,57,1.0
156093,2,202,4.0,101.0,1,2,5,8,506,1.0
156104,1,136,3.0,136.0,1,2,3,3,725,1.0
156111,8,1003,5.5,125.375,2,4,10,44,125,0.75
156116,4,337,3.0,84.25,3,2,6,12,48,0.5
156118,1,75,1.0,75.0,1,1,1,1,618,1.0
156120,1,287,7.0,287.0,1,2,3,7,449,1.0
156122,5,370,2.2,74.0,2,3,6,11,139,0.6
156123,1,39,1.0,39.0,1,1,1,1,602,0.0
156124,1,60,2.0,60.0,1,1,2,2,190,1.0
156141,4,424,3.25,106.0,3,2,4,13,15,0.25
156145,1,185,6.0,185.0,1,1,3,6,234,1.0
156147,10,857,4.0,85.7,2,4,10,40,30,0.8
156156,6,518,3.3333333333333335,86.33333333333333,3,3,6,20,1,0.16666666666666666
156161,5,214,1.8,42.8,3,3,6,9,98,0.6
156165,4,933,8.0,233.25,1,4,10,32,76,0.0
156177,3,181,2.0,60.333333333333336,1,2,4,6,83,0.0
156200,4,143,2.5,35.75,1,3,3,10,477,1.0
156214,11,1093,3.8181818181818183,99.36363636363636,2,4,13,42,83,0.7272727272727273
156216,1,252,8.0,252.0,1,1,4,8,640,0.0
156233,1,0,2.0,0.0,1,1,1,2,680,1.0
156249,3,376,4.666666666666667,125.33333333333333,1,2,6,14,255,1.0
156276,4,243,2.0,60.75,1,3,5,8,153,0.0
156288,1,104,3.0,104.0,1,1,3,3,256,1.0
156306,6,516,2.1666666666666665,86.0,1,3,8,13,59,1.0
156325,1,168,5.0,168.0,1,3,4,5,115,1.0
156330,2,552,8.0,276.0,1,1,4,16,88,1.0
156333,2,90,2.0,45.0,1,1,2,4,233,1.0
156343,12,1247,4.083333333333333,103.91666666666667,5,3,9,49,153,0.16666666666666666
156347,5,634,5.6,126.8,2,3,7,28,8,0.4
156353,2,222,3.0,111.0,2,3,5,6,41,0.5
156356,8,926,4.125,115.75,1,3,10,33,555,1.0
156358,2,180,4.0,90.0,2,3,6,8,175,0.0
156376,11,1000,4.636363636363637,90.9090909090909,6,4,11,51,34,0.5454545454545454
156394,3,199,2.6666666666666665,66.33333333333333,1,3,5,8,438,1.0
156402,4,445,3.25,111.25,1,3,7,13,625,1.0
156404,18,1329,3.3333333333333335,73.83333333333333,2,4,12,60,34,0.3333333333333333
156418,5,474,4.0,94.8,2,3,9,20,161,0.6
156419,2,75,3.0,37.5,1,3,4,6,367,1.0
156424,1,57,5.0,57.0,1,1,2,5,595,0.0
156429,2,196,4.0,98.0,2,3,4,8,574,0.5
156439,5,416,3.0,83.2,1,3,11,15,210,0.0
156454,1,95,3.0,95.0,1,1,2,3,548,1.0
156456,7,599,3.142857142857143,85.57142857142857,3,3,6,22,97,0.5714285714285714
156477,13,965,2.6923076923076925,74.23076923076923,1,4,10,35,27,1.0
156481,3,516,6.0,172.0,1,4,8,18,259,0.0
156513,2,145,2.0,72.5,1,3,4,4,648,1.0
156520,2,128,2.0,64.0,1,2,4,4,519,0.0
156540,2,134,2.5,67.0,1,2,4,5,168,1.0
156546,8,663,3.75,82.875,2,4,10,30,38,0.875
156547,2,112,3.0,56.0,1,2,4,6,596,1.0
156559,2,298,5.5,149.0,1,2,6,11,413,1.0
156568,5,344,2.6,68.8,1,3,6,13,295,1.0
156580,3,228,2.6666666666666665,76.0,1,3,5,8,234,1.0
156589,6,550,4.0,91.66666666666667,2,2,6,24,301,0.5
156593,8,545,3.125,68.125,1,4,9,25,30,1.0
156594,3,262,2.6666666666666665,87.33333333333333,2,1,3,8,146,0.6666666666666666
156599,10,1069,3.8,106.9,1,4,12,38,128,1.0
156625,2,83,1.5,41.5,1,2,3,3,133,1.0
156629,4,263,2.25,65.75,1,2,6,9,438,1.0
156640,8,556,2.375,69.5,3,2,5,19,83,0.625
156652,2,357,8.0,178.5,1,2,8,16,41,0.0
156671,2,347,5.0,173.5,1,4,6,10,97,0.0
156680,2,356,6.0,178.0,1,2,9,12,448,1.0
156690,2,235,4.5,117.5,1,2,6,9,334,1.0
156693,6,612,3.8333333333333335,102.0,1,3,9,23,324,1.0
156696,1,123,4.0,123.0,1,1,3,4,155,1.0
156703,4,275,2.75,68.75,2,3,6,11,193,0.75
156707,4,458,3.25,114.5,1,2,8,13,452,1.0
156736,3,212,3.0,70.66666666666667,2,2,4,9,121,0.6666666666666666
156746,1,166,5.0,166.0,1,1,3,5,259,1.0
156759,5,404,2.4,80.8,2,4,9,12,14,0.0
156808,2,197,3.0,98.5,1,1,4,6,297,1.0
156809,1,41,1.0,41.0,1,1,1,1,721,1.0
156817,9,985,5.222222222222222,109.44444444444444,1,4,10,47,147,1.0
156820,1,65,2.0,65.0,1,1,2,2,652,1.0
156862,1,104,3.0,104.0,1,2,3,3,357,1.0
156869,2,404,8.0,202.0,1,2,4,16,371,1.0
156902,19,743,2.736842105263158,39.10526315789474,2,4,11,52,38,0.9473684210526315
156906,4,478,3.75,119.5,1,2,6,15,139,1.0
156912,1,65,1.0,65.0,1,1,1,1,95,1.0
156918,9,743,3.0,82.55555555555556,5,4,11,27,125,0.1111111111111111
156920,3,203,2.0,67.66666666666667,1,1,4,6,155,1.0
156922,1,67,2.0,67.0,1,1,2,2,415,1.0
156924,11,890,3.4545454545454546,80.9090909090909,3,4,12,38,13,0.5454545454545454
156953,1,99,3.0,99.0,1,1,2,3,465,1.0
156956,9,826,3.2222222222222223,91.77777777777777,1,4,13,29,1,1.0
156957,14,1689,3.9285714285714284,120.64285714285714,2,4,13,55,91,0.9285714285714286
156961,3,781,9.333333333333334,260.3333333333333,1,3,11,28,418,1.0
156970,1,125,4.0,125.0,1,2,4,4,358,1.0
156984,3,195,4.0,65.0,2,3,5,12,215,0.6666666666666666
157011,2,209,3.0,104.5,1,1,5,6,149,1.0
157016,2,156,2.0,78.0,1,1,2,4,174,1.0
157054,1,0,1.0,0.0,1,1,1,1,688,1.0
157056,3,503,4.666666666666667,167.66666666666666,2,4,9,14,305,0.6666666666666666
157060,2,191,3.0,95.5,1,1,2,6,434,1.0
157062,4,315,3.75,78.75,3,2,7,15,63,0.25
157085,3,235,2.6666666666666665,78.33333333333333,2,2,5,8,64,0.6666666666666666
157097,3,165,2.0,55.0,2,2,5,6,104,0.6666666666666666
157117,1,20,1.0,20.0,1,1,1,1,42,1.0
157120,3,324,4.0,108.0,1,3,5,12,83,1.0
157134,4,278,3.25,69.5,2,2,6,13,52,0.25
157148,4,34,1.0,8.5,3,2,2,4,168,0.5
157153,3,258,4.333333333333333,86.0,2,3,6,13,65,0.3333333333333333
157184,7,421,2.142857142857143,60.142857142857146,1,1,7,15,422,1.0
157195,1,48,2.0,48.0,1,1,2,2,46,1.0
157207,6,427,3.0,71.16666666666667,1,4,9,18,146,1.0
157215,3,106,2.0,35.333333333333336,2,3,4,6,69,0.6666666666666666
157216,7,539,3.142857142857143,77.0,1,2,5,22,94,1.0
157223,1,113,3.0,113.0,1,1,2,3,380,0.0
157244,2,73,1.5,36.5,2,2,3,3,231,0.5
157286,7,565,2.857142857142857,80.71428571428571,1,4,8,20,175,1.0
157298,1,60,4.0,60.0,1,2,3,4,680,1.0
157309,3,228,2.0,76.0,1,3,5,6,218,1.0
157353,2,494,8.0,247.0,1,3,5,16,199,1.0
157366,1,313,7.0,313.0,1,2,5,7,107,0.0
157380,9,377,1.5555555555555556,41.888888888888886,2,2,6,14,151,0.8888888888888888
157383,2,58,1.0,29.0,1,2,2,2,408,0.0
157413,10,967,3.7,96.7,2,4,10,37,41,0.9
157433,3,135,2.0,45.0,1,2,4,6,682,1.0
157442,11,1740,5.7272727272727275,158.1818181818182,1,4,13,63,24,1.0
157513,1,37,1.0,37.0,1,1,1,1,620,1.0
157523,7,443,3.142857142857143,63.285714285714285,1,4,11,22,70,1.0
157524,6,797,4.333333333333333,132.83333333333334,1,3,7,26,192,1.0
157540,1,64,2.0,64.0,1,1,2,2,617,0.0
157552,3,253,2.6666666666666665,84.33333333333333,3,3,7,8,132,0.0
157560,11,901,2.6363636363636362,81.9090909090909,5,4,12,29,58,0.45454545454545453
157562,4,260,2.0,65.0,1,3,5,8,60,1.0
157570,1,173,8.0,173.0,1,2,4,8,227,0.0
157571,2,161,3.5,80.5,2,2,5,7,126,0.5
157605,2,229,3.5,114.5,1,3,6,7,420,0.0
157611,2,225,3.0,112.5,2,2,5,6,449,0.0
157615,5,787,4.8,157.4,2,3,9,24,189,0.8
157620,1,96,7.0,96.0,1,3,5,7,535,1.0
157626,1,64,2.0,64.0,1,1,2,2,709,1.0
157627,1,138,4.0,138.0,1,1,3,4,200,1.0
157634,3,136,2.0,45.333333333333336,3,3,6,6,588,0.3333333333333333
157635,1,68,2.0,68.0,1,1,2,2,613,1.0
157643,4,368,2.75,92.0,3,2,3,11,397,0.0
157647,2,302,5.5,151.0,1,3,6,11,425,1.0
157650,5,537,3.8,107.4,2,4,11,19,44,0.0
157688,1,54,2.0,54.0,1,1,2,2,590,1.0
157691,1,86,2.0,86.0,1,1,2,2,595,1.0
157698,23,4473,7.304347826086956,194.47826086956522,3,4,12,168,3,0.0
157703,3,191,2.6666666666666665,63.666666666666664,3,2,5,8,597,0.3333333333333333
157723,1,42,1.0,42.0,1,1,1,1,528,1.0
157737,1,62,2.0,62.0,1,1,2,2,199,1.0
157748,4,271,2.75,67.75,2,2,6,11,111,0.0
157859,8,520,3.25,65.0,1,4,8,26,267,1.0
157924,20,1052,2.15,52.6,4,4,10,43,20,0.5
157932,4,642,5.5,160.5,1,2,10,22,15,1.0
157934,1,85,4.0,85.0,1,2,3,4,716,1.0
157956,5,352,2.2,70.4,1,2,7,11,316,1.0
157963,5,758,5.2,151.6,2,3,8,26,182,0.8
157986,2,205,6.0,102.5,1,2,6,12,625,0.0
157992,1,78,4.0,78.0,1,2,2,4,686,1.0
157995,1,130,4.0,130.0,1,1,2,4,644,0.0
158009,2,516,6.0,258.0,2,4,6,12,325,0.5
158012,3,206,2.3333333333333335,68.66666666666667,1,1,4,7,213,0.0
158022,3,319,4.0,106.33333333333333,1,2,4,12,212,1.0
158039,3,213,1.3333333333333333,71.0,2,1,3,4,259,0.3333333333333333
158065,1,82,2.0,82.0,1,1,2,2,716,1.0
158071,1,0,1.0,0.0,1,1,1,1,682,1.0
158080,1,68,2.0,68.0,1,1,2,2,469,1.0
158083,4,339,2.75,84.75,1,2,5,11,154,0.0
158108,7,618,3.0,88.28571428571429,2,4,11,21,94,0.7142857142857143
158119,1,137,5.0,137.0,1,2,5,5,564,1.0
158136,2,296,4.5,148.0,1,1,6,9,458,1.0
158149,1,191,6.0,191.0,1,1,3,6,374,0.0
158202,4,406,3.0,101.5,1,2,6,12,20,1.0
158205,1,135,3.0,135.0,1,1,3,3,709,0.0
158210,1,64,2.0,64.0,1,1,2,2,676,1.0
158212,3,289,3.6666666666666665,96.33333333333333,2,2,3,11,135,0.6666666666666666
158239,11,755,2.4545454545454546,68.63636363636364,4,4,11,27,119,0.7272727272727273
158259,1,73,3.0,73.0,1,1,2,3,234,0.0
158265,8,537,3.25,67.125,3,2,6,26,83,0.5
158283,1,141,5.0,141.0,1,2,5,5,691,1.0
158307,15,1233,3.933333333333333,82.2,1,4,12,59,39,1.0
158310,7,845,4.571428571428571,120.71428571428571,4,4,11,32,65,0.0
158322,3,229,3.0,76.33333333333333,1,2,4,9,217,1.0
158323,8,612,2.5,76.5,1,4,9,20,448,1.0
158344,8,564,3.625,70.5,1,4,10,29,37,1.0
158347,8,419,2.5,52.375,1,3,8,20,329,1.0
158356,5,362,4.0,72.4,2,3,8,20,353,0.8
158365,2,163,4.5,81.5,2,2,3,9,630,0.5
158376,5,458,2.8,91.6,1,4,9,14,232,1.0
158389,15,1196,3.6,79.73333333333333,5,4,10,54,28,0.5333333333333333
158411,1,53,2.0,53.0,1,1,1,2,44,1.0
158412,1,29,1.0,29.0,1,1,1,1,483,1.0
158424,2,101,2.0,50.5,2,1,3,4,597,0.0
158437,23,2695,4.173913043478261,117.17391304347827,2,4,12,96,34,0.9565217391304348
158453,3,358,5.666666666666667,119.33333333333333,1,3,9,17,174,1.0
158461,2,354,6.5,177.0,1,3,7,13,73,0.0
158475,1,211,6.0,211.0,1,2,5,6,8,1.0
158490,12,873,2.9166666666666665,72.75,3,4,11,35,100,0.25
158517,4,179,1.5,44.75,2,2,3,6,104,0.75
158521,5,234,2.4,46.8,2,3,5,12,266,0.0
158549,2,125,3.5,62.5,1,2,3,7,365,0.0
158550,5,441,4.4,88.2,1,3,9,22,64,1.0
158551,1,151,5.0,151.0,1,1,1,5,44,1.0
158556,3,160,2.3333333333333335,53.333333333333336,1,2,7,7,57,1.0
158558,11,1765,6.7272727272727275,160.45454545454547,3,4,13,74,15,0.7272727272727273
158571,3,270,3.3333333333333335,90.0,2,3,4,10,70,0.6666666666666666
158578,6,750,4.5,125.0,3,3,8,27,181,0.6666666666666666
158603,4,167,2.0,41.75,2,3,3,8,76,0.5
158620,2,174,2.0,87.0,1,2,3,4,499,1.0
158639,12,746,3.0,62.166666666666664,2,3,7,36,65,0.9166666666666666
158652,5,220,2.4,44.0,2,3,7,12,46,0.4
158662,13,930,2.6153846153846154,71.53846153846153,2,3,4,34,22,0.8461538461538461
158672,2,126,3.0,63.0,1,2,4,6,686,0.0
158696,6,518,3.8333333333333335,86.33333333333333,2,4,9,23,140,0.16666666666666666
158703,10,1037,5.1,103.7,2,3,10,51,241,0.7
158717,5,410,3.8,82.0,4,4,8,19,465,0.2
158744,6,323,1.8333333333333333,53.833333333333336,2,3,7,11,343,0.5
158749,2,113,1.5,56.5,1,1,1,3,337,1.0
158754,10,372,2.4,37.2,2,3,8,24,71,0.9
158775,6,637,3.1666666666666665,106.16666666666667,1,3,10,19,108,1.0
158793,12,898,3.5833333333333335,74.83333333333333,2,4,10,43,13,0.8333333333333334
158799,1,31,1.0,31.0,1,1,1,1,424,0.0
158801,1,242,8.0,242.0,1,2,5,8,652,1.0
158803,6,709,4.166666666666667,118.16666666666667,4,3,7,25,35,0.16666666666666666
158810,4,462,3.75,115.5,1,3,5,15,262,1.0
158814,2,170,2.5,85.0,1,1,2,5,78,1.0
158828,3,248,2.6666666666666665,82.66666666666667,1,3,6,8,228,1.0
158831,2,137,3.0,68.5,2,2,3,6,520,0.5
158839,6,555,4.0,92.5,1,3,11,24,133,1.0
158847,6,413,2.8333333333333335,68.83333333333333,2,2,8,17,87,0.8333333333333334
158857,12,1263,4.0,105.25,3,4,14,48,34,0.5833333333333334
158870,3,298,2.6666666666666665,99.33333333333333,1,3,5,8,125,1.0
158882,4,140,1.75,35.0,1,2,3,7,484,1.0
158890,2,287,4.0,143.5,2,2,4,8,92,0.5
158918,1,96,3.0,96.0,1,1,2,3,147,1.0
158940,12,385,1.4166666666666667,32.083333333333336,2,4,10,17,35,0.9166666666666666
158941,1,172,7.0,172.0,1,2,5,7,423,0.0
159028,1,172,3.0,172.0,1,2,3,3,487,0.0
159033,2,114,2.0,57.0,1,1,3,4,534,1.0
159034,9,904,3.888888888888889,100.44444444444444,2,3,9,35,210,0.0
159061,3,204,3.3333333333333335,68.0,1,3,9,10,189,1.0
159064,1,0,1.0,0.0,1,1,1,1,697,1.0
159067,3,169,2.0,56.333333333333336,1,2,4,6,322,1.0
159071,1,146,4.0,146.0,1,1,3,4,639,1.0
159083,7,549,4.0,78.42857142857143,1,3,8,28,94,1.0
159129,2,172,2.0,86.0,1,2,4,4,196,1.0
159134,1,38,1.0,38.0,1,1,1,1,573,0.0
159144,5,669,4.4,133.8,1,4,8,22,76,1.0
159161,2,140,2.0,70.0,1,1,1,4,490,1.0
159201,1,74,3.0,74.0,1,2,2,3,397,1.0
159210,1,71,2.0,71.0,1,1,2,2,323,0.0
159220,13,1097,4.0,84.38461538461539,2,4,9,52,129,0.07692307692307693
159230,4,200,2.5,50.0,1,1,3,10,181,1.0
159243,1,83,3.0,83.0,1,1,3,3,420,0.0
159245,6,449,3.3333333333333335,74.83333333333333,2,4,9,20,140,0.8333333333333334
159254,4,642,4.25,160.5,2,2,6,17,112,0.75
159256,2,240,3.0,120.0,1,2,5,6,218,1.0
159260,2,192,4.0,96.0,1,1,2,8,6,1.0
159264,1,222,7.0,222.0,1,1,4,7,418,0.0
159270,4,235,3.0,58.75,2,4,7,12,165,0.75
159273,1,51,2.0,51.0,1,1,2,2,597,0.0
159281,6,532,4.166666666666667,88.66666666666667,1,3,8,25,71,0.0
159289,6,406,2.0,67.66666666666667,2,3,7,12,213,0.8333333333333334
159294,1,101,3.0,101.0,1,1,3,3,645,1.0
159296,4,432,4.5,108.0,1,3,6,18,247,1.0
159319,14,929,2.7142857142857144,66.35714285714286,4,4,12,38,39,0.6428571428571429
159324,1,64,2.0,64.0,1,1,2,2,167,0.0
159329,1,110,3.0,110.0,1,2,2,3,680,1.0
159332,3,148,2.0,49.333333333333336,2,2,5,6,32,0.6666666666666666
159342,7,453,2.2857142857142856,64.71428571428571,1,2,5,16,56,1.0
159345,1,250,6.0,250.0,1,2,4,6,655,1.0
159348,4,775,6.75,193.75,2,3,8,27,51,0.75
159385,1,27,1.0,27.0,1,1,1,1,55,1.0
159395,1,134,2.0,134.0,1,1,1,2,520,0.0
159398,2,152,4.0,76.0,2,2,5,8,41,0.5
159402,3,379,4.666666666666667,126.33333333333333,1,3,5,14,238,1.0
159434,4,215,2.25,53.75,2,2,6,9,229,0.5
159459,1,66,2.0,66.0,1,1,2,2,668,0.0
159462,1,39,1.0,39.0,1,1,1,1,518,1.0
159463,13,818,3.923076923076923,62.92307692307692,1,4,11,51,169,1.0
159464,22,1306,2.909090909090909,59.36363636363637,1,4,12,64,92,1.0
159475,2,104,2.0,52.0,1,1,3,4,371,0.0
159486,1,51,2.0,51.0,1,1,2,2,219,1.0
159488,4,180,2.5,45.0,1,3,4,10,167,1.0
159495,1,132,4.0,132.0,1,1,2,4,641,0.0
159497,5,502,3.8,100.4,1,3,7,19,15,1.0
159520,4,239,2.75,59.75,1,3,5,11,406,1.0
159522,10,564,2.2,56.4,5,4,8,22,141,0.3
159525,1,128,4.0,128.0,1,2,3,4,623,1.0
159536,9,649,3.888888888888889,72.11111111111111,3,3,6,35,69,0.7777777777777778
159558,1,165,4.0,165.0,1,2,4,4,132,0.0
159562,3,250,3.6666666666666665,83.33333333333333,1,2,4,11,423,1.0
159578,1,35,3.0,35.0,1,1,2,3,598,1.0
159619,3,348,4.333333333333333,116.0,1,4,8,13,234,0.0
159621,7,716,3.4285714285714284,102.28571428571429,1,4,10,24,142,1.0
159627,9,586,3.3333333333333335,65.11111111111111,5,4,12,30,62,0.1111111111111111
159630,5,307,2.2,61.4,1,4,7,11,43,0.0
159646,5,545,3.8,109.0,1,4,7,19,140,1.0
159675,9,715,3.0,79.44444444444444,3,4,12,27,56,0.0
159686,13,1727,5.153846153846154,132.84615384615384,4,4,11,67,38,0.7692307692307693
159693,4,374,4.0,93.5,1,3,10,16,241,1.0
159714,3,549,5.666666666666667,183.0,2,2,10,17,143,0.0
159717,9,730,2.3333333333333335,81.11111111111111,1,3,9,21,233,1.0
159746,2,187,2.5,93.5,1,2,4,5,50,0.0
159772,7,618,3.2857142857142856,88.28571428571429,3,4,12,23,18,0.7142857142857143
159774,1,64,2.0,64.0,1,1,2,2,189,0.0
159776,9,589,2.6666666666666665,65.44444444444444,3,3,6,24,55,0.3333333333333333
159803,12,741,3.5,61.75,1,4,8,42,36,1.0
159816,1,0,1.0,0.0,1,1,1,1,523,0.0
159818,1,74,2.0,74.0,1,1,2,2,343,1.0
159831,1,84,2.0,84.0,1,1,2,2,469,1.0
159835,1,70,2.0,70.0,1,1,2,2,680,0.0
159838,13,1458,4.230769230769231,112.15384615384616,3,4,13,55,2,0.23076923076923078
159855,7,623,2.7142857142857144,89.0,2,3,8,19,80,0.0
159856,6,330,2.5,55.0,2,3,7,15,276,0.8333333333333334
159879,1,75,6.0,75.0,1,2,3,6,676,1.0
159881,2,86,2.5,43.0,2,2,2,5,211,0.0
159892,2,153,4.0,76.5,1,2,5,8,354,0.0
159902,1,74,3.0,74.0,1,1,3,3,675,1.0
159904,1,79,3.0,79.0,1,1,2,3,239,0.0
159914,2,386,6.0,193.0,2,2,3,12,69,0.5
159937,4,281,2.25,70.25,2,3,6,9,51,0.25
159939,2,290,4.0,145.0,1,1,3,8,490,0.0
159940,1,786,27.0,786.0,1,4,9,27,443,0.0
159952,3,216,2.0,72.0,1,2,4,6,115,1.0
159977,2,56,1.5,28.0,2,2,3,3,415,0.0
159979,1,245,8.0,245.0,1,2,6,8,20,0.0
159981,5,497,3.2,99.4,1,3,8,16,260,1.0
159983,3,116,2.0,38.666666666666664,2,2,2,6,74,0.6666666666666666
160018,3,112,1.6666666666666667,37.333333333333336,2,3,5,5,423,0.3333333333333333
160024,2,345,5.0,172.5,2,1,4,10,174,0.5
160026,5,601,5.2,120.2,2,3,9,26,65,0.8
160028,2,145,5.0,72.5,1,2,4,10,212,1.0
160029,3,208,3.3333333333333335,69.33333333333333,1,2,5,10,420,1.0
160056,3,247,4.0,82.33333333333333,1,1,4,12,343,0.0
160078,3,353,4.333333333333333,117.66666666666667,2,3,9,13,65,0.3333333333333333
160085,1,64,2.0,64.0,1,1,2,2,665,0.0
160097,3,196,2.6666666666666665,65.33333333333333,1,3,5,8,259,1.0
160109,11,975,3.090909090909091,88.63636363636364,5,4,12,34,28,0.09090909090909091
160140,3,191,1.6666666666666667,63.666666666666664,1,3,5,5,471,1.0
160145,2,59,1.0,29.5,1,1,2,2,568,1.0
160183,1,107,4.0,107.0,1,2,3,4,592,1.0
160205,2,139,2.5,69.5,2,2,3,5,200,0.5
160209,5,302,2.6,60.4,1,3,5,13,128,1.0
160215,10,733,2.8,73.3,1,4,10,28,31,1.0
160233,1,60,2.0,60.0,1,1,2,2,696,1.0
160239,2,264,4.0,132.0,2,2,5,8,372,0.5
160268,3,294,3.3333333333333335,98.0,2,2,6,10,80,0.6666666666666666
160276,2,62,1.5,31.0,1,2,3,3,423,1.0
160283,1,0,1.0,0.0,1,1,1,1,700,0.0
160292,4,375,2.25,93.75,2,3,7,9,123,0.75
160299,1,118,6.0,118.0,1,2,3,6,691,1.0
160308,4,298,2.25,74.5,2,3,5,9,133,0.75
160315,10,703,3.1,70.3,3,3,9,31,53,0.8
160355,2,148,2.5,74.0,2,2,3,5,351,0.5
160357,1,101,3.0,101.0,1,1,2,3,429,0.0
160360,4,326,3.0,81.5,1,2,6,12,62,1.0
160363,1,107,3.0,107.0,1,1,2,3,31,0.0
160369,3,326,4.666666666666667,108.66666666666667,1,3,7,14,37,1.0
160379,1,21,1.0,21.0,1,1,1,1,565,0.0
160398,6,553,3.8333333333333335,92.16666666666667,1,3,5,23,120,1.0
160423,1,55,1.0,55.0,1,1,1,1,694,1.0
160429,15,1269,3.1333333333333333,84.6,4,3,8,47,42,0.6
160431,3,298,3.6666666666666665,99.33333333333333,1,3,8,11,213,1.0
160438,1,72,2.0,72.0,1,1,2,2,275,1.0
160441,2,96,1.5,48.0,1,1,3,3,622,1.0
160448,2,184,3.5,92.0,2,2,4,7,170,0.5
160449,2,190,2.5,95.0,2,2,4,5,161,0.0
160456,5,741,5.0,148.2,2,2,5,25,9,0.8
160467,2,113,2.0,56.5,2,2,3,4,182,0.5
160470,9,522,2.2222222222222223,58.0,2,4,8,20,32,0.4444444444444444
160474,4,57,1.25,14.25,2,3,3,5,227,0.75
160490,2,173,3.5,86.5,1,2,4,7,483,1.0
160498,4,256,3.25,64.0,1,3,6,13,104,1.0
160508,1,0,2.0,0.0,1,1,1,2,684,0.0
160510,2,405,5.5,202.5,1,2,6,11,343,1.0
160521,4,671,7.0,167.75,1,4,12,28,171,1.0
160531,3,296,3.6666666666666665,98.66666666666667,1,2,6,11,63,1.0
160540,1,93,3.0,93.0,1,1,2,3,588,1.0
160553,2,495,7.5,247.5,1,3,7,15,64,1.0
160561,1,68,3.0,68.0,1,2,3,3,647,0.0
160568,5,453,3.2,90.6,3,2,6,16,76,0.2
160571,1,124,5.0,124.0,1,2,4,5,663,1.0
160581,3,334,3.0,111.33333333333333,1,3,6,9,273,1.0
160584,5,490,4.8,98.0,1,2,4,24,240,1.0
160622,1,68,2.0,68.0,1,1,2,2,350,0.0
160634,2,134,2.5,67.0,2,3,5,5,536,0.5
160647,1,72,2.0,72.0,1,1,2,2,421,1.0
160656,2,199,3.0,99.5,1,2,4,6,448,1.0
160664,2,475,8.0,237.5,1,3,9,16,249,1.0
160679,1,66,3.0,66.0,1,1,2,3,139,1.0
160684,8,543,2.875,67.875,1,3,7,23,0,1.0
160695,2,88,1.5,44.0,1,2,3,3,217,1.0
160713,10,1190,5.1,119.0,1,4,10,51,51,0.0
160719,3,433,3.3333333333333335,144.33333333333334,2,2,5,10,72,0.6666666666666666
160740,2,190,2.0,95.0,1,2,3,4,105,1.0
160741,1,79,2.0,79.0,1,1,2,2,612,0.0
160752,1,182,8.0,182.0,1,3,4,8,38,0.0
160764,10,538,2.7,53.8,3,4,9,27,90,0.7
160770,3,117,1.0,39.0,1,2,3,3,326,1.0
160774,2,82,4.0,41.0,1,2,5,8,544,0.0
160777,1,0,1.0,0.0,1,1,1,1,683,1.0
160784,5,761,4.8,152.2,2,4,8,24,91,0.8
160793,3,137,3.3333333333333335,45.666666666666664,1,2,3,10,324,1.0
160838,1,90,3.0,90.0,1,1,2,3,247,1.0
160904,2,331,3.0,165.5,1,2,3,6,185,0.0
160918,5,357,2.2,71.4,3,4,7,11,154,0.4
160944,1,64,2.0,64.0,1,1,2,2,196,0.0
160975,1,67,4.0,67.0,1,1,3,4,688,0.0
160983,3,500,6.333333333333333,166.66666666666666,1,3,8,19,227,1.0
161004,7,611,3.2857142857142856,87.28571428571429,2,3,8,23,34,0.8571428571428571
161012,7,498,2.857142857142857,71.14285714285714,2,3,10,20,234,0.8571428571428571
161026,2,166,2.5,83.0,2,3,3,5,430,0.5
161031,5,478,3.2,95.6,1,2,6,16,210,0.0
161078,5,313,2.2,62.6,2,2,5,11,218,0.8
161086,1,93,5.0,93.0,1,2,3,5,665,1.0
161091,1,28,1.0,28.0,1,1,1,1,679,1.0
161113,3,353,4.333333333333333,117.66666666666667,3,1,4,13,416,0.0
161136,2,80,1.5,40.0,1,2,3,3,206,1.0
161140,14,796,2.857142857142857,56.857142857142854,3,4,11,40,34,0.5
161172,1,117,3.0,117.0,1,2,3,3,617,1.0
161174,6,525,2.5,87.5,2,4,8,15,99,0.0
161201,7,473,1.7142857142857142,67.57142857142857,1,3,7,12,87,1.0
161218,1,66,2.0,66.0,1,1,2,2,262,1.0
161238,2,133,3.5,66.5,2,2,6,7,90,0.5
161246,3,303,2.6666666666666665,101.0,1,1,6,8,132,0.0
161250,16,1891,4.9375,118.1875,1,4,12,79,7,1.0
161251,6,497,2.3333333333333335,82.83333333333333,3,4,6,14,105,0.5
161272,1,86,3.0,86.0,1,1,2,3,245,1.0
161280,1,49,2.0,49.0,1,2,2,2,210,1.0
161295,7,445,2.2857142857142856,63.57142857142857,1,4,8,16,58,1.0
161305,6,684,4.333333333333333,114.0,2,3,10,26,170,0.5
161310,1,104,2.0,104.0,1,1,2,2,504,0.0
161316,1,75,2.0,75.0,1,1,2,2,597,1.0
161334,10,1467,5.2,146.7,2,4,12,52,0,0.9
161371,2,115,1.5,57.5,1,2,3,3,333,1.0
161373,23,1403,2.6956521739130435,61.0,4,4,11,62,35,0.7391304347826086
161376,1,72,2.0,72.0,1,1,1,2,36,0.0
161383,1,56,2.0,56.0,1,2,2,2,400,1.0
161386,2,70,1.5,35.0,1,1,3,3,288,1.0
161446,8,578,2.375,72.25,3,3,8,19,62,0.75
161449,3,119,1.6666666666666667,39.666666666666664,2,2,3,5,52,0.0
161455,4,86,1.25,21.5,2,3,5,5,46,0.75
161462,3,133,1.6666666666666667,44.333333333333336,2,3,3,5,453,0.0
161467,1,60,2.0,60.0,1,2,2,2,466,1.0
161469,2,204,3.5,102.0,2,2,4,7,343,0.5
161474,2,74,1.5,37.0,1,1,2,3,194,1.0
161475,1,207,8.0,207.0,1,2,3,8,672,1.0
161503,5,327,2.6,65.4,3,3,8,13,418,0.2
161538,6,625,3.8333333333333335,104.16666666666667,1,3,10,23,48,0.0
161555,3,221,2.0,73.66666666666667,1,2,5,6,234,1.0
161588,4,259,2.25,64.75,2,3,5,9,0,0.75
161593,2,0,1.5,0.0,1,2,2,3,466,1.0
161599,1,183,8.0,183.0,1,2,4,8,72,1.0
161611,2,429,6.0,214.5,1,2,4,12,376,0.0
161644,3,365,4.0,121.66666666666667,1,3,6,12,442,1.0
161645,2,321,7.5,160.5,2,3,9,15,617,0.5
161656,1,80,2.0,80.0,1,1,1,2,139,0.0
161667,2,70,1.5,35.0,1,2,3,3,663,0.0
161679,3,380,4.0,126.66666666666667,2,2,6,12,28,0.0
161680,7,503,2.857142857142857,71.85714285714286,3,2,7,20,231,0.7142857142857143
161691,7,604,3.7142857142857144,86.28571428571429,2,3,9,26,91,0.0
161698,1,72,3.0,72.0,1,2,3,3,672,1.0
161711,3,224,2.6666666666666665,74.66666666666667,2,1,5,8,65,0.6666666666666666
161726,6,625,3.6666666666666665,104.16666666666667,3,3,9,22,291,0.5
161735,6,481,3.3333333333333335,80.16666666666667,4,3,8,20,14,0.3333333333333333
161763,4,288,3.25,72.0,1,2,5,13,64,1.0
161773,1,124,5.0,124.0,1,2,3,5,660,1.0
161792,1,15,1.0,15.0,1,1,1,1,98,1.0
161804,3,473,5.0,157.66666666666666,1,3,7,15,210,1.0
161808,2,320,7.5,160.0,1,2,6,15,232,1.0
161811,1,66,4.0,66.0,1,2,4,4,693,1.0
161814,4,1236,12.25,309.0,1,3,10,49,93,0.0
161822,8,625,2.625,78.125,6,3,11,21,1,0.25
161833,1,128,6.0,128.0,1,2,3,6,609,1.0
161836,19,1579,3.0526315789473686,83.10526315789474,1,4,12,58,113,1.0
161849,2,161,2.5,80.5,1,2,4,5,423,1.0
161873,1,49,1.0,49.0,1,1,1,1,275,0.0
161891,7,892,4.142857142857143,127.42857142857143,2,3,8,29,67,0.8571428571428571
161893,6,277,2.0,46.166666666666664,3,3,6,12,150,0.3333333333333333
161929,4,252,2.5,63.0,1,4,6,10,69,1.0
161933,1,156,4.0,156.0,1,1,4,4,21,0.0
161964,2,524,9.0,262.0,2,4,7,18,94,0.5
161968,5,401,2.8,80.2,1,2,5,14,234,1.0
161982,9,833,3.4444444444444446,92.55555555555556,1,4,11,31,108,1.0
162017,5,352,3.0,70.4,3,4,7,15,48,0.2
162020,4,158,1.75,39.5,2,3,4,7,49,0.0
162024,13,387,1.8461538461538463,29.76923076923077,2,4,8,24,36,0.9230769230769231
162025,2,271,6.5,135.5,2,3,8,13,92,0.5
162034,3,342,4.0,114.0,1,3,7,12,132,1.0
162040,13,1094,3.923076923076923,84.15384615384616,1,4,12,51,30,1.0
162043,2,238,4.5,119.0,1,2,3,9,174,1.0
162066,1,93,3.0,93.0,1,1,2,3,698,0.0
162095,8,1133,5.0,141.625,1,4,11,40,56,1.0
162104,5,87,1.8,17.4,1,2,3,9,113,1.0
162123,3,203,2.0,67.66666666666667,2,2,5,6,232,0.6666666666666666
162133,3,284,3.6666666666666665,94.66666666666667,1,3,7,11,275,1.0
162167,10,485,1.8,48.5,1,3,8,18,52,1.0
162176,5,687,5.0,137.4,1,4,8,25,86,1.0
162178,2,184,3.5,92.0,1,2,4,7,94,1.0
162197,4,325,2.75,81.25,2,2,6,11,60,0.0
162231,9,492,2.3333333333333335,54.666666666666664,2,3,7,21,41,0.0
162232,2,413,6.0,206.5,1,3,8,12,27,1.0
162239,5,371,3.0,74.2,1,3,4,15,241,1.0
162253,9,511,2.5555555555555554,56.77777777777778,1,2,6,23,13,1.0
162288,2,255,3.5,127.5,2,2,4,7,497,0.5
162292,1,52,1.0,52.0,1,1,1,1,294,0.0
162297,3,400,3.6666666666666665,133.33333333333334,2,3,5,11,90,0.0
162314,2,321,5.0,160.5,2,4,7,10,72,0.0
162320,11,669,2.727272727272727,60.81818181818182,1,3,9,30,63,1.0
162324,1,96,2.0,96.0,1,1,2,2,153,0.0
162336,9,744,4.333333333333333,82.66666666666667,1,4,8,39,46,1.0
162351,4,720,6.0,180.0,1,4,10,24,305,1.0
162361,6,380,1.6666666666666667,63.333333333333336,2,3,8,10,199,0.8333333333333334
162389,4,969,6.75,242.25,1,3,10,27,504,1.0
162413,1,174,5.0,174.0,1,1,4,5,473,1.0
162414,1,61,5.0,61.0,1,2,3,5,698,1.0
162436,10,979,3.9,97.9,1,4,13,39,78,1.0
162462,3,209,4.0,69.66666666666667,2,2,6,12,623,0.3333333333333333
162480,2,175,3.0,87.5,1,3,4,6,490,1.0
162487,4,450,3.0,112.5,1,3,6,12,334,1.0
162491,5,652,4.8,130.4,1,3,10,24,72,1.0
162506,1,64,2.0,64.0,1,1,2,2,530,1.0
162516,4,272,3.0,68.0,3,3,6,12,234,0.0
162563,1,131,3.0,131.0,1,3,3,3,87,0.0
162567,3,181,2.0,60.333333333333336,1,2,4,6,277,1.0
162573,6,843,4.5,140.5,2,4,7,27,133,0.0
162582,8,569,3.5,71.125,1,3,11,28,337,1.0
162584,1,96,3.0,96.0,1,1,2,3,500,0.0
162588,4,343,2.0,85.75,1,3,4,8,98,1.0
162601,1,114,4.0,114.0,1,2,4,4,354,1.0
162605,7,586,3.5714285714285716,83.71428571428571,1,2,8,25,153,1.0
162606,1,70,2.0,70.0,1,1,2,2,639,1.0
162623,4,384,3.5,96.0,3,4,5,14,486,0.5
162659,1,74,2.0,74.0,1,1,2,2,174,0.0
162660,3,406,3.6666666666666665,135.33333333333334,1,4,7,11,260,1.0
162662,10,1323,4.5,132.3,2,4,12,45,59,0.9
162672,6,588,3.8333333333333335,98.0,3,3,7,23,6,0.3333333333333333
162674,4,485,4.5,121.25,1,3,5,18,120,0.0
162692,2,273,3.0,136.5,1,3,5,6,141,1.0
162698,3,174,2.0,58.0,3,2,3,6,697,0.3333333333333333
162701,5,746,4.6,149.2,2,4,8,23,348,0.4
162734,8,348,2.375,43.5,4,3,8,19,0,0.25
162744,2,121,1.5,60.5,1,2,3,3,688,1.0
162754,6,205,1.5,34.166666666666664,1,3,4,9,170,1.0
162776,2,412,7.5,206.0,2,1,5,15,93,0.5
162789,1,72,2.0,72.0,1,1,2,2,350,0.0
162791,3,271,2.6666666666666665,90.33333333333333,2,1,5,8,409,0.6666666666666666
162799,1,40,3.0,40.0,1,1,3,3,597,0.0
162801,5,547,3.4,109.4,1,3,7,17,100,0.0
162805,2,198,3.5,99.0,2,2,4,7,420,0.0
162811,3,370,4.666666666666667,123.33333333333333,3,2,6,14,469,0.3333333333333333
162830,4,282,2.5,70.5,2,3,7,10,379,0.75
162842,1,180,6.0,180.0,1,2,5,6,109,0.0
162868,1,146,4.0,146.0,1,2,4,4,631,1.0
162877,1,65,1.0,65.0,1,1,1,1,118,1.0
162891,1,142,4.0,142.0,1,1,2,4,539,1.0
162893,2,227,4.0,113.5,2,3,6,8,490,0.0
162894,1,69,1.0,69.0,1,1,1,1,656,1.0
162912,6,387,1.8333333333333333,64.5,1,2,4,11,63,1.0
162928,11,631,2.909090909090909,57.36363636363637,2,4,11,32,127,0.5454545454545454
162947,1,100,3.0,100.0,1,2,3,3,62,1.0
162969,17,1487,4.411764705882353,87.47058823529412,2,4,13,75,1,0.9411764705882353
162974,3,203,2.3333333333333335,67.66666666666667,2,1,3,7,58,0.0
162994,6,357,2.5,59.5,1,3,8,15,36,0.0
162996,4,634,6.25,158.5,1,3,9,25,256,1.0
163007,5,330,2.8,66.0,1,4,8,14,201,1.0
163010,12,932,3.25,77.66666666666667,1,4,11,39,45,1.0
163040,9,488,1.5555555555555556,54.22222222222222,2,4,8,14,14,0.4444444444444444
163045,1,0,2.0,0.0,1,1,1,2,656,1.0
163064,1,28,2.0,28.0,1,1,2,2,593,1.0
163069,1,0,1.0,0.0,1,1,1,1,662,1.0
163076,4,167,1.25,41.75,1,2,2,5,320,1.0
163082,4,290,2.5,72.5,1,2,6,10,143,0.0
163087,15,652,2.3333333333333335,43.46666666666667,2,4,10,35,30,0.8666666666666667
163109,2,78,1.0,39.0,2,1,2,2,160,0.5
163118,5,275,2.2,55.0,1,2,5,11,458,1.0
163128,1,49,2.0,49.0,1,1,2,2,681,1.0
163129,6,372,2.8333333333333335,62.0,2,2,6,17,224,0.0
163131,19,1516,3.8421052631578947,79.78947368421052,2,3,8,73,72,0.05263157894736842
163134,3,104,1.0,34.666666666666664,3,1,3,3,112,0.3333333333333333
163153,5,475,2.6,95.0,2,3,9,13,217,0.8
163154,5,550,3.4,110.0,1,4,9,17,164,1.0
163155,5,436,2.8,87.2,3,4,7,14,57,0.0
163174,1,67,2.0,67.0,1,1,2,2,473,1.0
163199,1,151,5.0,151.0,1,1,4,5,663,1.0
163202,6,627,4.166666666666667,104.5,2,3,8,25,2,0.8333333333333334
163221,1,64,2.0,64.0,1,2,2,2,570,1.0
163231,5,581,4.0,116.2,4,3,7,20,63,0.0
163239,5,382,2.6,76.4,1,4,8,13,269,1.0
163242,3,274,4.666666666666667,91.33333333333333,1,3,7,14,189,1.0
163271,1,91,2.0,91.0,1,1,2,2,308,1.0
163279,10,967,3.5,96.7,1,4,8,35,39,1.0
163283,2,138,4.0,69.0,1,2,3,8,430,0.0
163285,1,198,6.0,198.0,1,1,2,6,278,0.0
163332,1,92,3.0,92.0,1,1,2,3,708,1.0
163337,1,99,3.0,99.0,1,1,2,3,635,1.0
163339,2,174,2.5,87.0,1,2,5,5,589,1.0
163343,1,124,4.0,124.0,1,1,2,4,535,1.0
163362,1,37,1.0,37.0,1,1,1,1,644,0.0
163377,4,387,3.75,96.75,3,2,6,15,42,0.25
163406,8,793,3.875,99.125,3,2,9,31,236,0.375
163411,1,40,2.0,40.0,1,1,1,2,139,1.0
163416,5,494,3.0,98.8,5,3,8,15,27,0.2
163439,1,0,1.0,0.0,1,1,1,1,682,1.0
163461,3,261,2.0,87.0,1,2,4,6,305,1.0
163467,10,611,2.9,61.1,1,4,9,29,63,1.0
163476,1,64,2.0,64.0,1,1,2,2,532,1.0
163492,3,273,4.0,91.0,1,4,6,12,246,1.0
163494,2,275,5.5,137.5,1,1,6,11,224,0.0
163528,5,181,2.0,36.2,3,4,6,10,6,0.2
163547,1,145,4.0,145.0,1,2,4,4,504,1.0
163549,7,374,2.0,53.42857142857143,1,3,5,14,57,1.0
163563,1,74,2.0,74.0,1,1,2,2,669,1.0
163601,1,64,2.0,64.0,1,1,2,2,65,1.0
163602,1,136,4.0,136.0,1,1,4,4,666,1.0
163605,9,419,2.2222222222222223,46.55555555555556,3,4,12,20,18,0.0
163609,3,300,3.3333333333333335,100.0,1,3,6,10,224,1.0
163625,1,148,6.0,148.0,1,1,4,6,430,0.0
163637,1,27,1.0,27.0,1,1,1,1,101,1.0
163642,1,142,4.0,142.0,1,1,2,4,72,0.0
163647,4,636,5.25,159.0,2,3,9,21,256,0.75
163656,9,962,3.3333333333333335,106.88888888888889,1,3,7,30,198,1.0
163662,2,163,4.5,81.5,2,3,5,9,35,0.0
163673,2,125,2.0,62.5,1,1,2,4,199,1.0
163692,1,66,2.0,66.0,1,1,1,2,628,1.0
163704,12,713,2.3333333333333335,59.416666666666664,2,4,12,28,27,0.6666666666666666
163718,1,139,4.0,139.0,1,2,3,4,364,1.0
163750,1,135,5.0,135.0,1,1,3,5,634,1.0
163754,2,292,7.0,146.0,1,2,4,14,553,1.0
163779,4,378,3.5,94.5,1,2,6,14,264,0.0
163782,1,71,2.0,71.0,1,1,2,2,139,0.0
163785,4,343,3.5,85.75,1,3,8,14,588,1.0
163795,1,65,4.0,65.0,1,2,3,4,698,1.0
163845,6,785,3.6666666666666665,130.83333333333334,1,3,9,22,84,1.0
163849,2,148,2.5,74.0,1,1,3,5,55,0.0
163851,3,283,2.6666666666666665,94.33333333333333,1,1,3,8,393,1.0
163852,6,425,2.5,70.83333333333333,2,2,5,15,6,0.8333333333333334
163853,15,1123,2.8666666666666667,74.86666666666666,1,4,9,43,35,1.0
163860,8,361,1.875,45.125,1,2,7,15,64,1.0
163878,2,196,2.5,98.0,2,2,4,5,674,0.0
163881,4,267,2.0,66.75,2,2,4,8,15,0.0
163890,23,1838,3.0,79.91304347826087,1,4,10,69,42,1.0
163891,3,267,3.0,89.0,1,2,6,9,121,1.0
163903,3,284,3.3333333333333335,94.66666666666667,1,3,5,10,200,1.0
163922,2,182,4.5,91.0,1,2,4,9,662,1.0
163942,17,1129,2.7058823529411766,66.41176470588235,2,4,13,46,14,0.9411764705882353
163946,4,336,3.75,84.0,1,3,8,15,224,1.0
163950,4,662,6.25,165.5,1,3,9,25,70,1.0
163970,8,587,2.875,73.375,4,3,7,23,88,0.375
163981,2,287,5.0,143.5,1,3,6,10,224,1.0
163993,7,442,2.857142857142857,63.142857142857146,3,2,4,20,326,0.42857142857142855
164013,1,70,2.0,70.0,1,1,2,2,448,1.0
164031,3,135,1.3333333333333333,45.0,1,3,4,4,9,1.0
164085,1,0,1.0,0.0,1,1,1,1,627,0.0
164118,4,716,6.5,179.0,1,3,8,26,253,1.0
164207,6,296,2.5,49.333333333333336,1,4,7,15,78,1.0
164241,2,254,4.5,127.0,1,3,5,9,298,1.0
164252,8,487,1.875,60.875,1,3,9,15,121,1.0
164253,1,99,5.0,99.0,1,2,3,5,686,1.0
164267,4,179,2.25,44.75,1,2,4,9,282,1.0
164278,2,169,2.0,84.5,1,1,3,4,289,0.0
164283,1,70,2.0,70.0,1,1,2,2,514,1.0
164297,3,209,2.6666666666666665,69.66666666666667,1,2,5,8,458,1.0
164304,1,180,6.0,180.0,1,1,4,6,357,1.0
164308,12,827,2.5833333333333335,68.91666666666667,4,3,9,31,57,0.5
164331,2,148,2.0,74.0,1,2,3,4,477,1.0
164335,6,731,4.5,121.83333333333333,1,3,9,27,111,1.0
164372,5,457,3.4,91.4,2,3,7,17,413,0.8
164375,4,322,2.25,80.5,1,1,5,9,455,1.0
164385,4,329,2.75,82.25,2,1,4,11,178,0.5
164393,6,602,2.6666666666666665,100.33333333333333,2,3,5,16,6,0.8333333333333334
164403,1,55,1.0,55.0,1,1,1,1,714,1.0
164404,2,250,5.5,125.0,1,2,5,11,693,1.0
164412,2,0,1.5,0.0,1,3,3,3,535,1.0
164417,1,0,1.0,0.0,1,1,1,1,686,1.0
164423,1,71,2.0,71.0,1,1,2,2,297,1.0
164434,2,241,4.0,120.5,1,2,4,8,167,1.0
164458,13,1286,4.0,98.92307692307692,2,4,11,52,30,0.0
164465,3,272,3.3333333333333335,90.66666666666667,1,3,6,10,618,1.0
164473,4,236,1.75,59.0,2,3,6,7,1,0.0
164482,2,66,2.0,33.0,1,2,3,4,607,1.0
164483,14,871,2.7857142857142856,62.214285714285715,5,4,10,39,13,0.14285714285714285
164513,1,32,2.0,32.0,1,1,2,2,684,0.0
164545,2,137,4.0,68.5,1,2,6,8,620,1.0
164569,2,186,3.0,93.0,1,3,4,6,49,1.0
164624,1,121,4.0,121.0,1,1,4,4,294,0.0
164639,3,145,2.3333333333333335,48.333333333333336,1,2,4,7,135,1.0
164669,1,129,3.0,129.0,1,1,2,3,681,1.0
164678,1,133,4.0,133.0,1,2,4,4,259,1.0
164679,1,58,2.0,58.0,1,1,2,2,528,0.0
164700,3,190,2.0,63.333333333333336,1,3,4,6,258,1.0
164720,3,266,2.6666666666666665,88.66666666666667,2,3,5,8,212,0.0
164725,8,684,2.75,85.5,2,4,10,22,113,0.0
164738,3,195,3.6666666666666665,65.0,1,2,6,11,533,1.0
164758,3,400,5.0,133.33333333333334,1,2,4,15,168,1.0
164788,1,60,1.0,60.0,1,1,1,1,564,0.0
164793,3,148,2.6666666666666665,49.333333333333336,1,2,3,8,59,1.0
164800,4,556,5.0,139.0,1,4,9,20,241,1.0
164806,2,208,3.0,104.0,1,2,4,6,315,1.0
164810,4,416,2.75,104.0,1,3,9,11,287,1.0
164819,1,70,2.0,70.0,1,1,2,2,441,1.0
164829,1,0,1.0,0.0,1,1,1,1,686,1.0
164836,2,125,1.5,62.5,1,2,3,3,666,0.0
164846,2,317,5.0,158.5,1,2,5,10,260,0.0
164847,6,1025,6.333333333333333,170.83333333333334,3,2,9,38,117,0.0
164855,1,165,4.0,165.0,1,2,4,4,291,1.0
164859,24,1416,2.4583333333333335,59.0,3,4,13,59,29,0.2916666666666667
164862,6,636,3.6666666666666665,106.0,4,3,8,22,52,0.16666666666666666
164863,2,109,1.5,54.5,2,1,3,3,668,0.5
164878,12,905,3.1666666666666665,75.41666666666667,1,3,9,38,72,0.0
164885,3,140,1.6666666666666667,46.666666666666664,1,2,4,5,478,1.0
164912,3,157,2.0,52.333333333333336,2,1,3,6,56,0.0
164915,1,78,2.0,78.0,1,1,2,2,463,0.0
164947,1,0,1.0,0.0,1,1,1,1,682,1.0
164950,1,119,3.0,119.0,1,2,3,3,726,1.0
165002,2,138,4.5,69.0,2,3,7,9,139,0.0
165009,1,134,4.0,134.0,1,1,4,4,607,0.0
165012,3,179,3.0,59.666666666666664,2,2,7,9,232,0.3333333333333333
165024,1,218,8.0,218.0,1,2,6,8,693,1.0
165059,9,641,3.111111111111111,71.22222222222223,5,2,6,28,62,0.2222222222222222
165079,2,120,2.0,60.0,1,1,4,4,574,0.0
165111,2,170,3.0,85.0,1,2,4,6,322,1.0
165113,4,328,2.5,82.0,2,3,5,10,396,0.5
165120,4,297,2.5,74.25,1,3,6,10,228,1.0
165123,1,91,2.0,91.0,1,1,2,2,238,1.0
165128,5,398,3.0,79.6,1,2,6,15,46,1.0
165135,1,64,3.0,64.0,1,2,3,3,695,1.0
165154,10,782,3.5,78.2,1,3,8,35,52,1.0
165171,1,53,1.0,53.0,1,1,1,1,214,1.0
165181,1,50,2.0,50.0,1,1,2,2,591,1.0
165182,1,76,2.0,76.0,1,1,2,2,674,1.0
165200,2,150,3.0,75.0,1,3,4,6,645,1.0
165215,5,365,2.6,73.0,2,3,9,13,44,0.4
165218,3,206,2.3333333333333335,68.66666666666667,2,2,4,7,6,0.6666666666666666
165234,3,398,4.0,132.66666666666666,1,2,5,12,167,1.0
165254,2,120,2.5,60.0,1,1,3,5,403,1.0
165259,4,409,3.5,102.25,1,3,8,14,101,1.0
165260,2,248,4.5,124.0,1,3,5,9,132,1.0
165266,7,477,2.4285714285714284,68.14285714285714,3,4,9,17,6,0.42857142857142855
165267,6,379,2.0,63.166666666666664,1,3,6,12,149,0.0
165288,3,1141,12.0,380.3333333333333,1,3,10,36,57,1.0
165298,1,84,3.0,84.0,1,2,3,3,518,0.0
165302,3,216,3.0,72.0,1,1,5,9,234,1.0
165303,2,141,2.0,70.5,1,2,4,4,239,1.0
165312,8,315,2.125,39.375,2,3,6,17,32,0.875
165319,1,130,4.0,130.0,1,1,2,4,627,1.0
165323,9,727,3.3333333333333335,80.77777777777777,2,4,11,30,30,0.1111111111111111
165329,2,142,2.0,71.0,2,2,4,4,234,0.0
165349,7,570,3.7142857142857144,81.42857142857143,2,4,9,26,35,0.2857142857142857
165355,4,488,5.0,122.0,1,3,7,20,324,1.0
165359,10,1059,3.4,105.9,2,3,11,34,51,0.8
165370,2,175,2.5,87.5,1,2,3,5,256,0.0
165379,13,1232,3.923076923076923,94.76923076923077,2,3,12,51,37,0.9230769230769231
165380,2,78,1.5,39.0,1,2,3,3,605,1.0
165391,2,141,2.0,70.5,1,1,2,4,162,1.0
165393,2,195,3.0,97.5,1,2,6,6,266,1.0
165395,3,279,2.6666666666666665,93.0,3,3,5,8,72,0.0
165407,9,201,2.0,22.333333333333332,2,4,7,18,36,0.8888888888888888
165422,3,211,2.3333333333333335,70.33333333333333,1,1,5,7,210,1.0
165459,2,365,6.0,182.5,2,1,6,12,462,0.0
165478,1,64,2.0,64.0,1,1,2,2,646,1.0
165480,6,363,2.8333333333333335,60.5,1,2,8,17,528,1.0
165489,5,92,1.8,18.4,1,2,4,9,111,1.0
165491,2,149,2.0,74.5,1,1,3,4,557,1.0
165515,4,205,1.25,51.25,1,1,3,5,17,1.0
165528,10,590,2.8,59.0,1,3,11,28,128,1.0
165531,2,282,6.0,141.0,1,3,6,12,43,1.0
165533,3,565,5.333333333333333,188.33333333333334,2,4,8,16,76,0.6666666666666666
165537,7,329,2.2857142857142856,47.0,4,3,6,16,325,0.14285714285714285
165559,11,674,2.909090909090909,61.27272727272727,3,4,10,32,2,0.7272727272727273
165594,2,177,2.5,88.5,2,2,3,5,529,0.5
165596,2,112,2.0,56.0,1,1,3,4,572,1.0
165597,10,491,1.8,49.1,2,3,9,18,13,0.9
165600,1,185,6.0,185.0,1,2,3,6,455,0.0
165634,10,1638,6.3,163.8,5,4,11,63,29,0.1
165645,2,0,1.0,0.0,1,1,1,2,519,1.0
165646,26,2712,4.653846153846154,104.3076923076923,3,4,13,121,28,0.8846153846153846
165647,1,54,2.0,54.0,1,1,2,2,428,0.0
165656,6,427,3.5,71.16666666666667,1,2,5,21,70,1.0
165670,1,144,4.0,144.0,1,1,4,4,158,1.0
165681,2,703,13.0,351.5,2,3,8,26,49,0.0
165702,2,284,4.5,142.0,1,2,6,9,258,1.0
165731,7,354,2.5714285714285716,50.57142857142857,2,3,7,18,322,0.2857142857142857
165748,2,227,3.0,113.5,1,2,3,6,135,0.0
165754,4,129,2.25,32.25,1,2,5,9,547,1.0
165755,8,543,2.875,67.875,1,3,8,23,254,1.0
165771,2,0,1.0,0.0,1,1,1,2,683,1.0
165787,7,377,1.7142857142857142,53.857142857142854,3,3,7,12,71,0.42857142857142855
165793,1,104,4.0,104.0,1,1,2,4,320,1.0
165800,2,112,2.0,56.0,1,3,4,4,413,1.0
165806,20,1589,3.15,79.45,2,4,14,63,4,0.1
165815,11,1133,4.090909090909091,103.0,5,3,11,45,70,0.09090909090909091
165833,1,0,1.0,0.0,1,1,1,1,700,1.0
165840,6,789,4.0,131.5,3,3,10,24,130,0.0
165857,4,274,2.75,68.5,1,3,5,11,51,1.0
165860,4,147,1.75,36.75,2,3,5,7,2,0.5
165881,1,72,2.0,72.0,1,1,2,2,691,1.0
165892,1,24,1.0,24.0,1,1,1,1,366,0.0
165893,3,431,4.333333333333333,143.66666666666666,2,4,8,13,113,0.6666666666666666
165908,1,124,4.0,124.0,1,1,3,4,602,1.0
165923,1,258,8.0,258.0,1,2,4,8,153,0.0
165925,1,125,4.0,125.0,1,2,3,4,541,1.0
165932,1,103,3.0,103.0,1,1,2,3,36,0.0
165939,7,428,2.4285714285714284,61.142857142857146,2,3,7,17,172,0.42857142857142855
165941,2,231,4.5,115.5,2,2,5,9,69,0.0
165977,1,68,2.0,68.0,1,1,2,2,689,1.0
165985,1,118,4.0,118.0,1,1,2,4,420,0.0
166011,4,228,2.5,57.0,1,2,5,10,409,1.0
166012,1,157,6.0,157.0,1,1,5,6,589,0.0
166014,2,197,2.5,98.5,1,3,5,5,624,1.0
166027,1,77,2.0,77.0,1,1,2,2,139,1.0
166043,2,127,1.5,63.5,2,2,2,3,73,0.5
166059,3,158,2.6666666666666665,52.666666666666664,2,3,6,8,330,0.0
166068,1,47,1.0,47.0,1,1,1,1,512,1.0
166070,9,640,3.3333333333333335,71.11111111111111,1,4,11,30,125,1.0
166110,3,208,2.3333333333333335,69.33333333333333,2,3,4,7,146,0.6666666666666666
166118,8,218,2.0,27.25,1,2,6,16,132,1.0
166165,10,717,2.3,71.7,2,4,10,23,42,0.9
166176,1,84,2.0,84.0,1,1,1,2,599,0.0
166180,1,28,1.0,28.0,1,1,1,1,693,1.0
166182,2,320,5.0,160.0,2,1,3,10,129,0.5
166201,8,638,3.125,79.75,2,3,7,25,130,0.625
166204,1,58,2.0,58.0,1,2,2,2,677,0.0
166206,2,145,3.0,72.5,2,3,4,6,6,0.0
166221,2,546,8.5,273.0,1,1,5,17,21,0.0
166226,2,367,5.5,183.5,2,2,4,11,106,0.0
166250,1,33,2.0,33.0,1,1,2,2,338,1.0
166263,2,78,2.0,39.0,1,2,4,4,226,0.0
166275,2,166,2.5,83.0,1,1,5,5,299,1.0
166281,1,54,2.0,54.0,1,1,2,2,609,1.0
166293,4,299,2.75,74.75,2,3,7,11,108,0.5
166296,3,211,3.0,70.33333333333333,1,4,6,9,73,1.0
166298,6,910,5.0,151.66666666666666,2,4,11,30,70,0.8333333333333334
166323,3,343,2.6666666666666665,114.33333333333333,1,4,7,8,303,1.0
166325,1,150,4.0,150.0,1,2,4,4,271,0.0
166334,1,50,3.0,50.0,1,1,1,3,627,1.0
166336,1,91,4.0,91.0,1,2,4,4,696,1.0
166344,2,136,2.5,68.0,1,2,3,5,495,1.0
166351,2,27,1.5,13.5,1,2,2,3,504,1.0
166357,12,782,2.5833333333333335,65.16666666666667,1,4,9,31,247,1.0
166363,13,974,2.3846153846153846,74.92307692307692,2,3,9,31,51,0.9230769230769231
166413,1,207,6.0,207.0,1,1,3,6,652,1.0
166415,2,341,4.0,170.5,1,2,5,8,95,0.0
166420,1,45,2.0,45.0,1,1,1,2,400,1.0
166452,2,107,3.0,53.5,1,3,5,6,632,1.0
166456,2,0,1.5,0.0,1,1,1,3,317,1.0
166459,3,119,1.6666666666666667,39.666666666666664,1,3,4,5,156,1.0
166460,2,121,2.5,60.5,1,2,3,5,465,1.0
166462,6,394,2.1666666666666665,65.66666666666667,1,4,4,13,35,1.0
166482,1,55,1.0,55.0,1,1,1,1,297,1.0
166495,1,97,3.0,97.0,1,1,2,3,60,1.0
166519,2,246,3.5,123.0,1,2,2,7,98,1.0
166521,3,0,1.0,0.0,1,2,2,3,157,1.0
166527,3,49,1.6666666666666667,16.333333333333332,1,2,3,5,560,1.0
166531,3,195,2.6666666666666665,65.0,2,3,6,8,201,0.0
166532,1,105,3.0,105.0,1,1,3,3,400,1.0
166537,7,578,3.0,82.57142857142857,2,3,11,21,27,0.7142857142857143
166565,1,514,16.0,514.0,1,2,3,16,704,1.0
166566,11,552,2.3636363636363638,50.18181818181818,4,4,11,26,34,0.45454545454545453
166583,5,445,3.4,89.0,1,3,6,17,119,1.0
166591,1,65,2.0,65.0,1,1,2,2,193,1.0
166594,5,443,2.8,88.6,4,3,7,14,48,0.0
166615,5,500,3.0,100.0,3,3,7,15,143,0.6
166624,1,45,1.0,45.0,1,1,1,1,717,1.0
166626,1,64,3.0,64.0,1,1,3,3,585,0.0
166633,2,301,4.5,150.5,1,1,7,9,379,1.0
166643,3,269,4.666666666666667,89.66666666666667,2,2,5,14,225,0.6666666666666666
166654,3,108,1.3333333333333333,36.0,1,2,2,4,238,1.0
166656,2,206,3.5,103.0,2,2,4,7,62,0.0
166662,1,32,1.0,32.0,1,1,1,1,266,0.0
166669,3,257,3.3333333333333335,85.66666666666667,1,2,3,10,557,1.0
166685,2,128,3.0,64.0,2,2,5,6,104,0.5
166688,2,211,3.0,105.5,1,3,4,6,149,1.0
166698,1,39,1.0,39.0,1,1,1,1,617,1.0
166711,1,159,4.0,159.0,1,2,4,4,198,1.0
166750,1,217,6.0,217.0,1,1,3,6,567,1.0
166757,7,666,5.0,95.14285714285714,2,3,9,35,213,0.14285714285714285
166790,1,112,4.0,112.0,1,2,3,4,58,1.0
166795,11,652,2.272727272727273,59.27272727272727,2,4,11,25,74,0.9090909090909091
166831,4,235,1.75,58.75,2,2,2,7,65,0.5
166841,1,69,4.0,69.0,1,2,4,4,584,1.0
166844,9,981,4.444444444444445,109.0,1,4,11,40,232,1.0
166854,1,49,2.0,49.0,1,1,2,2,232,0.0
166863,4,351,4.0,87.75,1,3,4,16,86,1.0
166865,4,537,4.5,134.25,2,3,6,18,79,0.5
166870,1,28,1.0,28.0,1,1,1,1,588,1.0
166893,1,127,3.0,127.0,1,1,3,3,345,0.0
166905,11,934,3.272727272727273,84.9090909090909,2,3,8,36,93,0.9090909090909091
166949,3,180,2.0,60.0,1,3,6,6,658,1.0
166953,9,620,2.888888888888889,68.88888888888889,1,3,7,26,150,1.0
166965,10,2142,8.2,214.2,2,4,15,82,31,0.1
166974,2,96,3.0,48.0,1,3,4,6,698,0.0
166977,7,450,2.5714285714285716,64.28571428571429,1,4,9,18,36,1.0
166987,1,151,5.0,151.0,1,2,2,5,616,0.0
166988,6,395,1.8333333333333333,65.83333333333333,2,3,6,11,142,0.8333333333333334
167007,5,381,3.4,76.2,2,4,8,17,63,0.6
167010,1,146,6.0,146.0,1,1,5,6,598,0.0
167046,1,60,2.0,60.0,1,1,2,2,602,1.0
167047,2,154,2.5,77.0,2,2,5,5,57,0.5
167057,1,70,2.0,70.0,1,1,2,2,673,0.0
167063,2,265,4.0,132.5,1,4,7,8,44,1.0
167067,1,128,6.0,128.0,1,2,2,6,504,1.0
167081,1,63,2.0,63.0,1,1,2,2,322,1.0
167095,5,571,4.0,114.2,1,3,7,20,59,1.0
167110,9,386,2.2222222222222223,42.888888888888886,2,2,5,20,65,0.5555555555555556
167117,1,191,5.0,191.0,1,1,5,5,658,0.0
167123,5,385,2.4,77.0,1,3,7,12,322,1.0
167137,14,2313,5.428571428571429,165.21428571428572,2,4,13,76,31,0.14285714285714285
167143,3,310,2.6666666666666665,103.33333333333333,1,4,7,8,303,1.0
167144,3,324,3.6666666666666665,108.0,3,3,6,11,29,0.3333333333333333
167147,1,0,1.0,0.0,1,1,1,1,700,1.0
167170,2,86,1.5,43.0,1,1,2,3,34,1.0
167186,1,43,1.0,43.0,1,1,1,1,714,1.0
167192,1,62,2.0,62.0,1,1,1,2,401,0.0
167198,6,338,2.0,56.333333333333336,4,3,7,12,83,0.3333333333333333
167203,3,229,3.3333333333333335,76.33333333333333,1,3,4,10,97,1.0
167207,2,610,11.0,305.0,2,3,8,22,111,0.5
167211,2,74,1.5,37.0,1,2,2,3,295,1.0
167214,1,0,1.0,0.0,1,1,1,1,607,1.0
167230,7,218,2.7142857142857144,31.142857142857142,1,3,6,19,163,1.0
167235,1,114,6.0,114.0,1,2,5,6,548,1.0
167243,9,491,2.4444444444444446,54.55555555555556,1,3,8,22,43,1.0
167253,2,167,3.0,83.5,1,3,4,6,463,1.0
167254,8,817,4.375,102.125,3,3,9,35,178,0.375
167259,4,330,3.5,82.5,2,3,5,14,357,0.75
167269,7,450,2.0,64.28571428571429,4,4,7,14,63,0.14285714285714285
167288,6,616,3.1666666666666665,102.66666666666667,1,4,8,19,45,1.0
167295,5,493,3.6,98.6,1,3,8,18,28,1.0
167306,1,141,4.0,141.0,1,1,2,4,480,1.0
167311,12,1016,3.4166666666666665,84.66666666666667,3,2,10,41,148,0.5833333333333334
167355,14,954,3.5714285714285716,68.14285714285714,1,4,11,50,29,1.0
167356,3,121,2.0,40.333333333333336,1,1,5,6,53,1.0
167368,4,305,2.25,76.25,4,1,3,9,62,0.25
167384,3,560,6.666666666666667,186.66666666666666,3,3,9,20,72,0.0
167388,11,498,2.6363636363636362,45.27272727272727,3,3,8,29,6,0.5454545454545454
167392,3,146,2.0,48.666666666666664,1,3,4,6,111,1.0
167424,2,374,6.0,187.0,1,1,5,12,153,1.0
167427,2,185,3.5,92.5,1,2,2,7,69,0.0
167438,1,99,3.0,99.0,1,1,3,3,88,0.0
167450,4,519,5.0,129.75,2,4,9,20,224,0.5
167459,2,181,3.0,90.5,1,1,4,6,515,0.0
167469,1,143,4.0,143.0,1,1,3,4,200,1.0
167497,1,67,2.0,67.0,1,1,2,2,625,1.0
167511,5,416,3.2,83.2,1,2,4,16,406,1.0
167515,3,173,2.0,57.666666666666664,1,3,5,6,168,1.0
167531,8,140,1.375,17.5,2,3,5,11,10,0.875
167539,2,0,1.0,0.0,1,1,1,2,676,1.0
167542,10,678,2.3,67.8,2,4,11,23,147,0.9
167551,1,48,7.0,48.0,1,2,5,7,690,1.0
167552,13,917,2.3846153846153846,70.53846153846153,1,3,8,31,38,1.0
167555,1,97,3.0,97.0,1,2,3,3,635,1.0
167568,7,425,1.5714285714285714,60.714285714285715,1,3,7,11,37,1.0
167570,5,513,3.8,102.6,2,3,9,19,60,0.8
167575,1,26,1.0,26.0,1,1,1,1,320,1.0
167580,5,308,2.0,61.6,2,1,4,10,135,0.8
167586,1,74,2.0,74.0,1,1,2,2,591,0.0
167593,1,67,3.0,67.0,1,2,3,3,455,0.0
167608,3,224,2.0,74.66666666666667,3,1,4,6,358,0.3333333333333333
167615,24,1743,3.4166666666666665,72.625,2,4,13,82,3,0.9583333333333334
167625,2,124,2.5,62.0,1,2,4,5,406,1.0
167629,1,136,4.0,136.0,1,2,4,4,174,1.0
167638,1,298,16.0,298.0,1,2,6,16,704,1.0
167652,7,375,3.7142857142857144,53.57142857142857,2,3,8,26,204,0.8571428571428571
167661,1,60,2.0,60.0,1,1,1,2,460,0.0
167664,12,745,2.75,62.083333333333336,2,4,9,33,34,0.75
167667,1,74,2.0,74.0,1,2,2,2,344,0.0
167693,2,474,5.5,237.0,1,3,7,11,90,1.0
167732,3,274,3.0,91.33333333333333,1,1,5,9,597,0.0
167733,3,165,3.3333333333333335,55.0,1,3,4,10,143,1.0
167737,2,42,3.0,21.0,2,2,4,6,660,0.5
167742,2,182,3.5,91.0,1,2,5,7,200,0.0
167750,1,65,2.0,65.0,1,1,2,2,179,0.0
167754,1,0,1.0,0.0,1,1,1,1,540,1.0
167792,2,131,2.0,65.5,1,1,2,4,58,1.0
167801,2,326,4.0,163.0,2,3,5,8,55,0.5
167806,2,132,2.5,66.0,2,2,5,5,230,0.5
167821,2,159,4.5,79.5,2,2,5,9,515,0.0
167832,7,438,2.2857142857142856,62.57142857142857,2,4,11,16,189,0.2857142857142857
167842,7,411,3.2857142857142856,58.714285714285715,3,4,9,23,77,0.7142857142857143
167856,7,1040,6.0,148.57142857142858,1,3,9,42,99,0.0
167865,8,543,2.875,67.875,1,3,9,23,64,1.0
167869,1,67,2.0,67.0,1,2,2,2,560,1.0
167888,5,360,3.8,72.0,1,2,6,19,135,1.0
167902,5,471,3.0,94.2,3,3,6,15,148,0.0
167912,5,228,2.0,45.6,3,2,4,10,35,0.6
167915,1,220,6.0,220.0,1,2,5,6,469,1.0
167918,4,188,2.0,47.0,1,3,6,8,221,1.0
167920,2,119,2.0,59.5,1,2,4,4,136,1.0
167924,3,262,3.3333333333333335,87.33333333333333,1,3,6,10,560,0.0
167927,1,109,5.0,109.0,1,3,4,5,658,1.0
167935,2,141,3.0,70.5,1,2,3,6,160,0.0
167959,1,39,3.0,39.0,1,1,1,3,681,1.0
167961,4,222,2.25,55.5,2,2,3,9,57,0.5
167967,4,377,3.75,94.25,1,3,5,15,430,1.0
167993,3,385,4.333333333333333,128.33333333333334,1,3,8,13,119,1.0
168021,21,1015,2.7142857142857144,48.333333333333336,9,4,9,57,6,0.0
168022,1,133,4.0,133.0,1,3,4,4,203,1.0
168033,1,95,4.0,95.0,1,1,4,4,694,1.0
168042,3,188,3.3333333333333335,62.666666666666664,1,2,4,10,528,1.0
168044,3,205,2.6666666666666665,68.33333333333333,1,1,3,8,62,0.0
168047,3,208,2.0,69.33333333333333,1,1,5,6,427,1.0
168053,1,75,3.0,75.0,1,1,2,3,530,1.0
168065,9,684,2.888888888888889,76.0,1,4,9,26,41,1.0
168071,2,386,5.0,193.0,1,3,7,10,22,1.0
168076,12,1423,3.1666666666666665,118.58333333333333,2,4,14,38,9,0.0
168098,1,69,4.0,69.0,1,1,2,4,210,0.0
168103,2,289,7.5,144.5,1,2,8,15,305,1.0
168106,6,374,3.0,62.333333333333336,1,4,8,18,539,1.0
168120,1,128,4.0,128.0,1,1,3,4,682,1.0
168130,7,941,5.428571428571429,134.42857142857142,2,3,11,38,233,0.8571428571428571
168136,1,29,1.0,29.0,1,1,1,1,540,1.0
168140,1,139,4.0,139.0,1,2,3,4,571,0.0
168152,3,411,4.333333333333333,137.0,2,3,7,13,56,0.0
168154,7,324,1.8571428571428572,46.285714285714285,4,3,5,13,100,0.0
168159,6,412,3.8333333333333335,68.66666666666667,1,3,8,23,358,1.0
168165,1,39,1.0,39.0,1,1,1,1,471,1.0
168172,3,251,2.3333333333333335,83.66666666666667,1,3,6,7,65,1.0
168186,1,65,1.0,65.0,1,1,1,1,619,0.0
168207,3,176,2.3333333333333335,58.666666666666664,1,3,3,7,402,1.0
168208,10,815,4.0,81.5,3,4,13,40,38,0.7
168213,1,0,3.0,0.0,1,2,2,3,557,1.0
168215,1,129,4.0,129.0,1,1,3,4,101,0.0
168236,2,45,1.0,22.5,1,1,2,2,624,1.0
168270,2,341,4.5,170.5,2,2,5,9,95,0.0
168296,1,68,2.0,68.0,1,1,1,2,548,1.0
168312,1,45,1.0,45.0,1,1,1,1,702,1.0
168313,2,340,5.0,170.0,1,1,5,10,43,1.0
168318,2,355,7.0,177.5,1,4,6,14,100,1.0
168325,1,95,2.0,95.0,1,2,2,2,546,0.0
168331,1,185,7.0,185.0,1,2,5,7,722,1.0
168352,11,672,3.272727272727273,61.09090909090909,1,4,10,36,39,1.0
168359,1,35,3.0,35.0,1,2,3,3,695,1.0
168361,1,70,2.0,70.0,1,1,2,2,449,1.0
168377,1,129,5.0,129.0,1,2,4,5,522,0.0
168378,6,544,4.0,90.66666666666667,1,2,6,24,72,1.0
168428,1,62,2.0,62.0,1,1,2,2,607,1.0
168442,28,2883,3.357142857142857,102.96428571428571,1,4,15,94,60,1.0
168445,14,2700,6.357142857142857,192.85714285714286,2,4,14,89,72,0.14285714285714285
168447,1,62,2.0,62.0,1,1,2,2,511,0.0
168449,2,357,5.5,178.5,1,2,6,11,51,1.0
168458,1,74,2.0,74.0,1,1,2,2,139,1.0
168460,6,187,1.5,31.166666666666668,3,2,3,9,52,0.5
168467,1,0,1.0,0.0,1,1,1,1,698,1.0
168476,2,70,1.5,35.0,1,2,3,3,427,1.0
168493,4,349,3.25,87.25,2,2,7,13,302,0.75
168517,8,652,3.25,81.5,2,4,12,26,38,0.5
168529,2,110,2.0,55.0,1,3,3,4,513,0.0
168531,3,149,1.6666666666666667,49.666666666666664,1,2,4,5,253,1.0
168547,2,152,2.5,76.0,2,1,3,5,308,0.5
168554,3,248,2.6666666666666665,82.66666666666667,1,2,4,8,231,1.0
168589,22,2361,4.681818181818182,107.31818181818181,8,4,12,103,2,0.18181818181818182
168591,8,997,5.125,124.625,2,4,7,41,61,0.625
168600,14,1382,3.9285714285714284,98.71428571428571,2,4,12,55,121,0.7142857142857143
168604,3,245,3.0,81.66666666666667,1,4,6,9,71,1.0
168616,9,562,2.888888888888889,62.44444444444444,4,3,7,26,111,0.1111111111111111
168622,5,512,4.2,102.4,1,3,7,21,56,1.0
168625,3,301,4.0,100.33333333333333,2,2,8,12,498,0.3333333333333333
168632,5,495,3.6,99.0,2,4,12,18,57,0.8
168641,1,62,2.0,62.0,1,1,2,2,533,1.0
168651,3,352,4.0,117.33333333333333,2,3,8,12,322,0.6666666666666666
168653,3,261,2.6666666666666665,87.0,3,3,6,8,62,0.3333333333333333
168661,6,466,2.3333333333333335,77.66666666666667,1,3,9,14,31,1.0
168686,5,655,4.4,131.0,2,3,8,22,91,0.8
168702,3,205,3.3333333333333335,68.33333333333333,1,2,5,10,460,1.0
168709,1,0,1.0,0.0,1,1,1,1,675,1.0
168726,10,1107,4.4,110.7,1,4,11,44,35,0.0
168727,1,170,8.0,170.0,1,1,4,8,59,1.0
168762,4,381,2.75,95.25,1,3,5,11,118,1.0
168770,15,2022,5.2,134.8,1,4,10,78,69,1.0
168778,1,111,5.0,111.0,1,2,4,5,428,0.0
168779,4,1473,13.5,368.25,2,4,13,54,127,0.75
168783,3,370,3.6666666666666665,123.33333333333333,1,3,7,11,119,1.0
168789,9,943,3.888888888888889,104.77777777777777,1,4,10,35,28,1.0
168798,3,419,2.3333333333333335,139.66666666666666,1,4,5,7,187,1.0
168799,2,112,2.0,56.0,1,2,4,4,427,1.0
168812,1,47,2.0,47.0,1,1,2,2,597,1.0
168814,4,258,2.0,64.5,3,3,5,8,30,0.0
168832,1,221,7.0,221.0,1,2,3,7,679,0.0
168834,2,105,2.0,52.5,1,2,3,4,428,1.0
168835,3,178,1.3333333333333333,59.333333333333336,1,2,4,4,178,1.0
168852,3,158,3.3333333333333335,52.666666666666664,2,2,5,10,210,0.3333333333333333
168860,2,74,1.5,37.0,1,2,3,3,520,1.0
168865,3,208,1.6666666666666667,69.33333333333333,2,2,3,5,294,0.6666666666666666
168871,7,508,3.2857142857142856,72.57142857142857,4,4,6,23,210,0.42857142857142855
168872,2,50,1.5,25.0,1,2,3,3,498,0.0
168885,7,407,2.142857142857143,58.142857142857146,1,3,6,15,63,1.0
168887,1,149,4.0,149.0,1,1,3,4,297,0.0
168890,5,279,2.6,55.8,1,2,5,13,266,1.0
168892,14,1517,4.428571428571429,108.35714285714286,5,4,14,62,32,0.0
168898,1,458,16.0,458.0,1,2,6,16,497,0.0
168922,3,269,3.0,89.66666666666667,2,2,5,9,104,0.6666666666666666
168959,1,63,2.0,63.0,1,1,2,2,326,1.0
168966,1,0,1.0,0.0,1,1,1,1,691,1.0
168978,2,234,3.0,117.0,2,2,5,6,111,0.5
169001,5,360,2.8,72.0,4,2,7,14,190,0.0
169025,7,402,2.0,57.42857142857143,1,3,7,14,41,1.0
169026,10,495,2.6,49.5,1,3,8,26,13,1.0
169030,5,779,4.8,155.8,2,2,7,24,255,0.2
169068,3,187,2.0,62.333333333333336,1,1,5,6,399,0.0
169090,9,761,4.0,84.55555555555556,5,3,10,36,150,0.3333333333333333
169093,4,187,1.75,46.75,1,4,6,7,56,1.0
169094,3,511,6.333333333333333,170.33333333333334,1,3,7,19,662,0.0
169099,5,615,4.2,123.0,1,4,11,21,154,1.0
169138,2,182,5.5,91.0,1,2,5,11,696,0.0
169146,5,425,3.4,85.0,4,2,5,17,271,0.0
169147,3,357,4.333333333333333,119.0,2,2,6,13,231,0.6666666666666666
169150,2,258,5.5,129.0,1,3,6,11,350,1.0
169159,7,713,3.4285714285714284,101.85714285714286,6,3,10,24,90,0.14285714285714285
169161,5,665,4.0,133.0,1,3,7,20,167,1.0
169168,2,106,3.0,53.0,1,4,5,6,346,1.0
169174,2,224,4.5,112.0,2,2,5,9,256,0.5
169175,6,389,2.5,64.83333333333333,1,4,9,15,133,1.0
169177,3,538,8.0,179.33333333333334,1,4,9,24,148,1.0
169181,1,246,5.0,246.0,1,1,4,5,662,1.0
169195,4,569,7.0,142.25,1,2,6,28,201,1.0
169203,6,415,2.5,69.16666666666667,1,2,4,15,157,1.0
169227,1,223,7.0,223.0,1,2,4,7,450,0.0
169233,4,219,1.75,54.75,1,3,6,7,621,1.0
169273,2,117,2.5,58.5,2,2,2,5,139,0.0
169314,3,268,2.6666666666666665,89.33333333333333,3,2,4,8,273,0.3333333333333333
169319,2,59,1.0,29.5,2,1,2,2,257,0.5
169338,7,735,4.714285714285714,105.0,1,4,12,33,35,1.0
169341,3,145,1.6666666666666667,48.333333333333336,1,2,3,5,56,1.0
169344,2,72,1.5,36.0,1,2,3,3,423,1.0
169349,3,229,2.3333333333333335,76.33333333333333,1,1,4,7,553,1.0
169360,1,33,1.0,33.0,1,1,1,1,48,0.0
169361,2,0,1.5,0.0,1,2,2,3,536,1.0
169363,1,0,1.0,0.0,1,1,1,1,698,0.0
169388,2,371,6.5,185.5,1,3,6,13,231,1.0
169399,4,715,7.25,178.75,2,3,12,29,118,0.5
169405,5,294,2.0,58.8,2,4,6,10,37,0.8
169407,4,242,2.0,60.5,2,3,5,8,41,0.75
169429,1,39,1.0,39.0,1,1,1,1,698,0.0
169433,8,603,3.25,75.375,2,3,8,26,178,0.625
169438,3,202,2.0,67.33333333333333,1,2,3,6,111,1.0
169441,7,489,3.0,69.85714285714286,2,4,11,21,38,0.8571428571428571
169443,4,274,2.0,68.5,1,3,5,8,423,1.0
169461,6,488,3.1666666666666665,81.33333333333333,2,3,7,19,44,0.8333333333333334
169477,9,550,2.6666666666666665,61.111111111111114,1,2,7,24,85,1.0
169485,4,201,2.25,50.25,3,2,3,9,104,0.5
169486,5,228,2.0,45.6,3,4,7,10,125,0.0
169513,2,172,3.5,86.0,1,2,4,7,22,1.0
169517,1,65,2.0,65.0,1,1,2,2,198,1.0
169519,2,64,2.0,32.0,1,2,3,4,393,1.0
169530,23,1467,2.4347826086956523,63.78260869565217,1,4,14,56,0,1.0
169540,2,128,2.5,64.0,1,3,4,5,436,1.0
169573,11,814,2.8181818181818183,74.0,2,3,8,31,105,0.9090909090909091
169580,5,371,3.2,74.2,1,4,8,16,93,0.0
169590,6,463,3.1666666666666665,77.16666666666667,2,4,11,19,45,0.16666666666666666
169614,1,143,5.0,143.0,1,3,4,5,330,1.0
169615,4,243,3.0,60.75,1,3,5,12,29,1.0
169617,3,206,2.0,68.66666666666667,3,3,4,6,76,0.3333333333333333
169631,2,133,2.0,66.5,1,2,3,4,438,1.0
169641,1,107,2.0,107.0,1,2,2,2,629,1.0
169646,15,903,2.2666666666666666,60.2,2,3,9,34,63,0.8
169656,1,105,4.0,105.0,1,2,3,4,700,1.0
169658,3,315,3.3333333333333335,105.0,2,3,5,10,105,0.6666666666666666
169674,1,153,4.0,153.0,1,1,4,4,343,1.0
169685,6,652,4.166666666666667,108.66666666666667,1,4,9,25,24,1.0
169688,4,525,4.75,131.25,2,3,8,19,64,0.5
169710,1,169,4.0,169.0,1,2,4,4,694,1.0
169724,3,236,2.0,78.66666666666667,1,2,5,6,561,0.0
169726,1,132,4.0,132.0,1,1,4,4,322,0.0
169733,2,220,4.5,110.0,1,2,5,9,174,1.0
169740,2,276,4.5,138.0,2,2,4,9,21,0.5
169759,14,997,2.5714285714285716,71.21428571428571,1,4,11,36,255,1.0
169760,14,784,2.142857142857143,56.0,1,3,10,30,422,1.0
169762,1,74,2.0,74.0,1,1,2,2,476,1.0
169789,4,280,3.0,70.0,1,3,7,12,233,1.0
169801,2,63,2.0,31.5,1,2,3,4,427,1.0
169814,2,227,3.5,113.5,1,3,6,7,210,1.0
169819,2,270,5.5,135.0,1,2,5,11,51,1.0
169822,2,83,2.0,41.5,2,2,3,4,555,0.5
169828,9,598,2.5555555555555554,66.44444444444444,3,3,9,23,51,0.7777777777777778
169840,3,94,1.0,31.333333333333332,2,2,2,3,135,0.3333333333333333
169842,3,290,3.0,96.66666666666667,2,3,6,9,469,0.6666666666666666
169844,1,46,2.0,46.0,1,1,2,2,385,1.0
169860,1,189,5.0,189.0,1,1,3,5,658,1.0
169864,2,74,1.5,37.0,1,2,3,3,525,1.0
169884,3,204,2.0,68.0,1,3,4,6,118,1.0
169893,7,622,2.5714285714285716,88.85714285714286,1,3,9,18,185,1.0
169894,1,127,4.0,127.0,1,2,3,4,516,1.0
169899,2,320,5.0,160.0,1,3,6,10,271,1.0
169902,15,1173,3.6,78.2,4,4,11,54,31,0.4666666666666667
169911,1,85,2.0,85.0,1,1,1,2,401,1.0
169913,15,1331,3.6,88.73333333333333,3,4,13,54,58,0.0
169915,2,455,8.0,227.5,1,3,7,16,469,0.0
169917,2,128,2.0,64.0,1,1,3,4,406,1.0
169926,2,218,3.0,109.0,1,1,4,6,464,1.0
169951,3,235,3.3333333333333335,78.33333333333333,1,3,7,10,123,1.0
169956,16,1320,3.3125,82.5,3,2,7,53,87,0.5
169960,1,105,3.0,105.0,1,2,3,3,280,0.0
169964,7,698,3.5714285714285716,99.71428571428571,1,3,8,25,27,1.0
169980,5,958,8.4,191.6,1,2,6,42,17,1.0
169992,1,0,1.0,0.0,1,1,1,1,618,1.0
169994,2,119,2.5,59.5,1,3,4,5,513,1.0
169995,5,427,3.0,85.4,2,4,7,15,410,0.4
169999,1,56,2.0,56.0,1,1,1,2,324,0.0
170002,2,134,2.0,67.0,1,1,3,4,439,1.0
170012,2,228,3.0,114.0,1,1,3,6,156,0.0
170015,23,1090,2.739130434782609,47.391304347826086,1,4,13,63,70,1.0
170017,13,1029,3.769230769230769,79.15384615384616,2,4,10,49,20,0.46153846153846156
170030,2,93,2.0,46.5,1,2,3,4,630,1.0
170038,11,1445,4.636363636363637,131.36363636363637,1,2,10,51,24,1.0
170045,2,183,2.5,91.5,2,1,3,5,142,0.0
170047,2,176,3.5,88.0,2,2,5,7,560,0.0
170068,2,220,4.5,110.0,1,3,5,9,470,1.0
170076,9,1143,4.666666666666667,127.0,1,4,11,42,91,1.0
170079,3,258,3.6666666666666665,86.0,1,3,5,11,198,1.0
170080,9,1472,5.555555555555555,163.55555555555554,4,4,12,50,93,0.0
170107,7,831,4.285714285714286,118.71428571428571,2,3,10,30,53,0.14285714285714285
170124,2,188,3.5,94.0,2,3,6,7,55,0.5
170126,2,231,3.5,115.5,2,1,4,7,192,0.5
170137,7,267,1.5714285714285714,38.142857142857146,1,3,6,11,218,1.0
170144,8,223,1.625,27.875,1,2,4,13,20,1.0
170154,8,646,3.25,80.75,2,3,9,26,74,0.875
170172,8,407,2.75,50.875,2,4,10,22,15,0.5
170174,2,193,2.5,96.5,1,3,4,5,463,1.0
170183,1,54,2.0,54.0,1,1,2,2,427,0.0
170188,2,0,2.5,0.0,1,2,3,5,680,1.0
170194,9,561,3.4444444444444446,62.333333333333336,1,4,9,31,155,1.0
170200,2,129,2.0,64.5,2,3,4,4,86,0.5
170212,1,129,4.0,129.0,1,1,3,4,487,0.0
170213,2,0,2.0,0.0,1,1,1,4,553,1.0
170224,1,43,1.0,43.0,1,1,1,1,522,1.0
170226,3,183,4.0,61.0,1,2,6,12,221,1.0
170254,1,35,2.0,35.0,1,2,2,2,679,0.0
170268,5,934,7.4,186.8,4,2,8,37,189,0.4
170277,17,684,1.2941176470588236,40.23529411764706,3,4,9,22,7,0.0
170281,9,811,3.5555555555555554,90.11111111111111,2,3,7,32,58,0.8888888888888888
170283,3,129,2.3333333333333335,43.0,2,2,4,7,376,0.6666666666666666
170296,4,416,5.25,104.0,2,2,8,21,617,0.75
170311,3,183,3.0,61.0,1,2,4,9,98,1.0
170323,1,94,3.0,94.0,1,1,3,3,386,1.0
170330,2,196,3.0,98.0,1,3,4,6,629,1.0
170332,24,3717,5.291666666666667,154.875,3,4,15,127,3,0.6666666666666666
170340,14,941,2.642857142857143,67.21428571428571,2,4,11,37,39,0.6428571428571429
170345,1,186,5.0,186.0,1,1,3,5,7,1.0
170346,4,363,4.25,90.75,1,3,8,17,196,1.0
170357,15,1098,3.1333333333333333,73.2,3,4,12,47,34,0.4666666666666667
170390,2,206,2.5,103.0,1,2,5,5,259,1.0
170440,4,306,3.5,76.5,1,3,6,14,3,1.0
170443,5,337,2.4,67.4,1,4,7,12,351,1.0
170457,2,198,3.5,99.0,2,2,3,7,87,0.5
170463,1,67,2.0,67.0,1,1,2,2,558,0.0
170483,8,522,2.125,65.25,4,4,10,17,93,0.5
170506,4,416,2.75,104.0,3,3,7,11,134,0.25
170511,7,425,2.857142857142857,60.714285714285715,4,4,9,20,48,0.42857142857142855
170522,7,859,4.714285714285714,122.71428571428571,1,4,12,33,127,1.0
170530,3,357,5.333333333333333,119.0,3,3,7,16,65,0.0
170533,6,669,4.666666666666667,111.5,1,4,9,28,39,1.0
170537,4,670,5.0,167.5,2,2,5,20,65,0.5
170569,1,32,1.0,32.0,1,1,1,1,595,0.0
170573,3,302,3.0,100.66666666666667,2,2,6,9,106,0.3333333333333333
170599,1,202,8.0,202.0,1,2,5,8,680,1.0
170600,1,72,3.0,72.0,1,2,2,3,516,0.0
170603,2,195,2.5,97.5,1,2,3,5,121,1.0
170604,3,104,1.6666666666666667,34.666666666666664,1,1,4,5,579,1.0
170605,8,750,3.625,93.75,1,2,8,29,160,0.0
170616,9,847,4.888888888888889,94.11111111111111,2,3,9,44,70,0.8888888888888888
170623,14,1110,2.9285714285714284,79.28571428571429,1,4,11,41,0,1.0
170630,1,93,3.0,93.0,1,1,3,3,693,1.0
170644,10,1070,4.7,107.0,1,4,12,47,18,1.0
170647,7,520,3.142857142857143,74.28571428571429,2,2,7,22,158,0.5714285714285714
170691,15,1143,3.466666666666667,76.2,3,3,11,52,34,0.4666666666666667
170692,6,728,5.333333333333333,121.33333333333333,1,4,10,32,27,1.0
170703,3,293,3.3333333333333335,97.66666666666667,2,2,6,10,102,0.0
170721,5,225,1.6,45.0,3,3,6,8,7,0.0
170727,5,455,3.4,91.0,2,4,9,17,116,0.2
170729,8,610,2.875,76.25,2,3,9,23,128,0.25
170737,1,0,1.0,0.0,1,1,1,1,700,1.0
170745,7,763,3.857142857142857,109.0,3,3,8,27,94,0.2857142857142857
170755,3,323,4.0,107.66666666666667,1,3,6,12,108,1.0
170762,1,84,2.0,84.0,1,1,2,2,167,1.0
170764,6,901,5.5,150.16666666666666,1,4,13,33,410,1.0
170765,3,230,3.0,76.66666666666667,1,2,6,9,213,1.0
170777,3,270,3.3333333333333335,90.0,1,3,6,10,83,1.0
170787,2,203,3.0,101.5,1,2,4,6,394,1.0
170794,2,26,1.0,13.0,2,2,2,2,41,0.5
170828,2,67,2.5,33.5,1,2,3,5,675,1.0
170831,1,115,4.0,115.0,1,3,4,4,522,1.0
170835,6,623,3.6666666666666665,103.83333333333333,2,4,9,22,28,0.0
170849,1,0,2.0,0.0,1,2,2,2,695,1.0
170875,4,218,2.0,54.5,1,3,6,8,271,1.0
170879,2,196,2.5,98.0,1,1,2,5,186,1.0
170909,2,232,3.5,116.0,2,2,3,7,181,0.5
170910,4,481,4.75,120.25,2,3,7,19,47,0.75
170914,5,376,3.6,75.2,2,3,8,18,208,0.8
170918,1,80,2.0,80.0,1,1,1,2,439,1.0
170925,12,895,3.0,74.58333333333333,2,4,11,36,8,0.9166666666666666
170932,1,209,7.0,209.0,1,3,6,7,519,1.0
170947,7,725,5.428571428571429,103.57142857142857,2,2,8,38,232,0.8571428571428571
170950,4,366,3.75,91.5,1,4,6,15,129,1.0
170958,2,675,11.0,337.5,1,3,9,22,319,1.0
170994,3,299,2.6666666666666665,99.66666666666667,1,2,4,8,102,1.0
171008,1,250,7.0,250.0,1,2,5,7,472,0.0
171024,4,448,3.25,112.0,2,3,7,13,94,0.0
171027,7,539,2.5714285714285716,77.0,3,4,10,18,64,0.0
171060,4,688,6.5,172.0,1,4,11,26,7,1.0
171062,1,73,3.0,73.0,1,1,2,3,406,1.0
171071,2,63,1.5,31.5,2,3,3,3,160,0.5
171081,1,42,1.0,42.0,1,1,1,1,329,1.0
171087,5,736,4.8,147.2,3,3,9,24,69,0.2
171088,1,45,1.0,45.0,1,1,1,1,708,1.0
171089,1,69,2.0,69.0,1,1,2,2,334,0.0
171092,2,117,1.0,58.5,1,2,2,2,13,0.0
171095,1,94,2.0,94.0,1,1,2,2,630,1.0
171096,1,0,1.0,0.0,1,1,1,1,618,1.0
171098,2,153,2.5,76.5,1,2,4,5,369,1.0
171115,2,229,4.0,114.5,1,2,4,8,483,1.0
171127,6,360,2.8333333333333335,60.0,1,3,9,17,102,1.0
171130,3,191,3.0,63.666666666666664,2,2,6,9,196,0.6666666666666666
171153,9,702,2.888888888888889,78.0,1,3,7,26,43,1.0
171158,5,502,3.6,100.4,3,4,7,18,90,0.6
171161,2,169,2.5,84.5,1,3,4,5,577,1.0
171177,2,260,5.0,130.0,2,2,5,10,277,0.5
171185,8,692,4.5,86.5,3,3,8,36,30,0.75
171189,2,102,2.0,51.0,1,1,2,4,574,1.0
171234,2,251,4.0,125.5,1,1,2,8,275,0.0
171241,1,50,2.0,50.0,1,2,2,2,578,1.0
171245,5,311,2.2,62.2,3,3,7,11,239,0.0
171265,4,335,2.5,83.75,1,2,3,10,42,1.0
171275,3,325,4.666666666666667,108.33333333333333,2,3,6,14,168,0.0
171289,1,99,5.0,99.0,1,2,5,5,620,1.0
171290,3,138,2.6666666666666665,46.0,1,3,6,8,162,1.0
171316,12,933,3.1666666666666665,77.75,1,4,10,34,38,1.0
171317,1,137,5.0,137.0,1,2,3,5,515,1.0
171321,8,531,2.5,66.375,3,3,9,20,19,0.0
171325,2,213,3.5,106.5,1,3,6,7,101,1.0
171334,1,94,3.0,94.0,1,1,3,3,181,0.0
171337,2,332,5.5,166.0,1,1,6,11,6,1.0
171352,4,260,3.75,65.0,1,3,8,15,197,1.0
171354,4,366,2.25,91.5,3,2,5,9,0,0.0
171356,1,96,6.0,96.0,1,3,5,6,500,0.0
171367,2,166,4.0,83.0,2,2,5,8,234,0.5
171377,9,887,4.333333333333333,98.55555555555556,3,3,9,39,147,0.6666666666666666
171417,2,168,2.0,84.0,1,3,3,4,240,1.0
171423,4,328,3.0,82.0,2,3,5,12,86,0.75
171429,2,50,1.0,25.0,1,1,2,2,249,1.0
171435,1,84,3.0,84.0,1,1,2,3,416,1.0
171441,3,282,2.6666666666666665,94.0,1,4,6,8,125,0.0
171448,1,0,4.0,0.0,1,2,2,4,700,1.0
171452,8,690,3.875,86.25,2,4,10,31,113,0.75
171455,4,369,4.5,92.25,2,4,9,18,64,0.75
171463,7,390,2.4285714285714284,55.714285714285715,5,4,6,17,160,0.42857142857142855
171469,2,297,4.5,148.5,2,2,4,9,581,0.5
171484,1,105,4.0,105.0,1,2,3,4,535,1.0
171485,2,124,1.5,62.0,2,2,2,3,446,0.5
171510,5,200,2.4,40.0,1,3,4,12,154,1.0
171513,1,166,6.0,166.0,1,1,4,6,595,1.0
171519,4,446,5.25,111.5,1,3,7,21,70,1.0
171522,2,62,3.0,31.0,1,3,4,6,553,1.0
171526,1,0,1.0,0.0,1,1,1,1,698,1.0
171547,1,264,10.0,264.0,1,3,8,10,301,0.0
171548,5,506,3.6,101.2,3,4,7,18,101,0.6
171561,3,114,3.6666666666666665,38.0,1,2,5,11,619,1.0
171563,1,209,11.0,209.0,1,2,5,11,427,1.0
171564,2,184,3.0,92.0,1,2,5,6,224,1.0
171571,1,68,4.0,68.0,1,1,1,4,679,1.0
171575,1,41,1.0,41.0,1,1,1,1,400,1.0
171577,1,217,7.0,217.0,1,2,5,7,13,0.0
171592,5,560,4.0,112.0,3,3,8,20,224,0.0
171594,12,895,3.4166666666666665,74.58333333333333,6,3,9,41,35,0.08333333333333333
171597,2,243,4.5,121.5,2,3,6,9,625,0.5
171614,2,310,5.0,155.0,2,4,8,10,521,0.5
171620,2,180,2.5,90.0,1,2,3,5,62,0.0
171632,2,360,5.5,180.0,1,3,7,11,154,1.0
171638,12,488,2.5,40.666666666666664,3,2,6,30,143,0.8333333333333334
171639,1,15,1.0,15.0,1,1,1,1,505,1.0
171655,17,1103,2.9411764705882355,64.88235294117646,1,4,11,50,69,1.0
171661,5,407,3.0,81.4,2,4,8,15,64,0.8
171662,3,315,5.333333333333333,105.0,2,3,8,16,14,0.3333333333333333
171669,13,1197,4.076923076923077,92.07692307692308,4,4,10,53,7,0.6153846153846154
171672,1,27,1.0,27.0,1,1,1,1,15,1.0
171694,3,163,2.3333333333333335,54.333333333333336,1,2,4,7,97,1.0
171712,5,241,3.0,48.2,1,4,7,15,62,1.0
171721,9,1007,3.4444444444444446,111.88888888888889,2,4,10,31,10,0.0
171724,3,266,3.0,88.66666666666667,2,3,6,9,381,0.0
171730,17,1211,3.1176470588235294,71.23529411764706,4,3,10,53,147,0.7058823529411765
171732,7,513,3.5714285714285716,73.28571428571429,3,3,8,25,160,0.5714285714285714
171740,3,181,2.3333333333333335,60.333333333333336,1,2,5,7,498,0.0
171743,2,61,1.5,30.5,2,1,2,3,490,0.5
171756,2,165,3.5,82.5,2,3,6,7,495,0.0
171758,1,70,2.0,70.0,1,1,2,2,4,1.0
171761,2,127,1.5,63.5,2,2,2,3,651,0.5
171762,8,310,2.875,38.75,1,3,6,23,212,1.0
171789,4,445,4.25,111.25,1,3,8,17,23,1.0
171791,5,655,4.6,131.0,1,4,10,23,297,1.0
171792,6,152,1.3333333333333333,25.333333333333332,1,3,6,8,207,1.0
171798,1,68,2.0,68.0,1,1,2,2,140,1.0
171819,2,144,2.5,72.0,1,1,4,5,186,1.0
171855,10,1301,4.6,130.1,2,4,13,46,79,0.9
171872,2,172,4.0,86.0,2,3,4,8,539,0.5
171875,1,76,2.0,76.0,1,1,2,2,705,1.0
171881,7,884,4.142857142857143,126.28571428571429,2,2,7,29,130,0.14285714285714285
171896,7,371,2.142857142857143,53.0,1,4,9,15,28,1.0
171913,2,75,1.5,37.5,1,1,2,3,234,1.0
171918,2,169,3.0,84.5,2,3,5,6,305,0.0
171922,4,204,2.0,51.0,2,3,6,8,234,0.5
171925,12,1062,3.9166666666666665,88.5,2,4,11,47,31,0.9166666666666666
171961,7,469,2.857142857142857,67.0,1,3,9,20,58,1.0
171966,3,0,1.3333333333333333,0.0,1,2,2,4,494,1.0
171967,2,193,4.0,96.5,1,1,3,8,59,1.0
171968,1,150,5.0,150.0,1,2,3,5,49,1.0
171974,3,92,1.6666666666666667,30.666666666666668,1,2,4,5,410,1.0
171978,5,360,3.2,72.0,3,3,9,16,118,0.2
171981,14,932,3.142857142857143,66.57142857142857,2,3,9,44,42,0.5
171982,1,60,2.0,60.0,1,1,2,2,511,1.0
171989,8,659,3.125,82.375,3,3,9,25,121,0.5
171996,1,267,7.0,267.0,1,2,4,7,128,0.0
172004,10,426,2.3,42.6,1,4,11,23,38,1.0
172007,6,486,2.6666666666666665,81.0,1,3,9,16,306,1.0
172013,1,155,6.0,155.0,1,1,4,6,220,1.0
172015,2,167,3.0,83.5,2,2,3,6,72,0.5
172028,1,118,4.0,118.0,1,1,3,4,518,1.0
172030,5,596,3.4,119.2,1,3,10,17,93,1.0
172033,12,1912,5.75,159.33333333333334,4,4,10,69,77,0.4166666666666667
172043,1,75,2.0,75.0,1,2,2,2,315,1.0
172045,2,69,1.0,34.5,1,2,2,2,158,1.0
172050,2,181,3.0,90.5,1,1,4,6,539,1.0
172053,7,859,4.857142857142857,122.71428571428571,5,4,9,34,32,0.14285714285714285
172063,1,138,4.0,138.0,1,2,3,4,719,1.0
172067,1,33,1.0,33.0,1,1,1,1,632,1.0
172074,2,175,3.0,87.5,1,2,3,6,37,1.0
172077,4,238,2.5,59.5,2,2,4,10,569,0.0
172088,33,2159,2.8484848484848486,65.42424242424242,2,4,14,94,60,0.9393939393939394
172104,7,610,4.142857142857143,87.14285714285714,3,3,9,29,51,0.7142857142857143
172113,1,137,4.0,137.0,1,2,4,4,630,1.0
172116,3,268,2.6666666666666665,89.33333333333333,1,3,6,8,140,0.0
172136,4,438,4.25,109.5,3,3,7,17,52,0.5
172137,5,2081,14.4,416.2,1,4,12,72,87,1.0
172151,4,318,2.5,79.5,2,2,4,10,7,0.75
172154,2,517,11.0,258.5,1,4,8,22,87,1.0
172168,1,0,1.0,0.0,1,1,1,1,620,1.0
172169,18,1367,3.2222222222222223,75.94444444444444,1,4,12,58,39,1.0
172176,1,67,2.0,67.0,1,1,2,2,406,1.0
172181,2,152,4.5,76.0,1,2,4,9,581,1.0
172185,1,89,4.0,89.0,1,2,4,4,490,0.0
172186,6,1336,7.666666666666667,222.66666666666666,2,3,8,46,85,0.16666666666666666
172188,2,315,5.5,157.5,2,2,5,11,354,0.5
172197,5,794,5.4,158.8,3,3,10,27,83,0.4
172198,3,197,2.0,65.66666666666667,3,3,4,6,35,0.3333333333333333
172224,6,330,2.0,55.0,4,4,7,12,55,0.16666666666666666
172228,1,65,1.0,65.0,1,1,1,1,150,1.0
172240,4,1056,9.0,264.0,1,3,7,36,176,1.0
172260,12,729,2.5833333333333335,60.75,3,4,12,31,29,0.5833333333333334
172277,5,141,1.4,28.2,1,3,3,7,231,1.0
172287,7,545,3.0,77.85714285714286,1,4,10,21,35,1.0
172290,1,60,4.0,60.0,1,2,3,4,686,1.0
172295,2,183,3.5,91.5,1,3,5,7,181,0.0
172307,2,230,4.0,115.0,2,2,6,8,420,0.0
172342,2,286,2.0,143.0,1,2,2,4,136,1.0
172384,1,367,11.0,367.0,1,2,4,11,287,1.0
172423,11,1279,3.909090909090909,116.27272727272727,2,4,10,43,76,0.7272727272727273
172428,3,174,2.0,58.0,1,1,3,6,367,1.0
172445,3,377,5.0,125.66666666666667,1,4,9,15,139,1.0
172451,3,68,1.6666666666666667,22.666666666666668,1,2,3,5,169,0.0
172458,3,337,5.333333333333333,112.33333333333333,1,4,8,16,85,1.0
172482,4,609,5.5,152.25,1,3,5,22,84,1.0
172493,13,854,2.923076923076923,65.6923076923077,2,4,9,38,37,0.6153846153846154
172494,1,45,1.0,45.0,1,1,1,1,635,0.0
172499,3,261,3.0,87.0,2,3,6,9,424,0.0
172516,6,513,3.5,85.5,2,3,8,21,152,0.8333333333333334
172523,1,35,1.0,35.0,1,1,1,1,651,0.0
172526,3,170,2.6666666666666665,56.666666666666664,1,3,6,8,241,1.0
172556,3,211,3.3333333333333335,70.33333333333333,1,3,4,10,143,1.0
172565,11,339,2.0,30.818181818181817,1,3,7,22,37,1.0
172586,1,37,1.0,37.0,1,1,1,1,629,1.0
172589,8,906,4.0,113.25,3,4,9,32,84,0.375
172595,2,430,7.5,215.0,1,4,6,15,146,0.0
172615,2,207,3.0,103.5,1,2,5,6,135,1.0
172617,5,257,3.4,51.4,1,3,7,17,153,1.0
172619,1,157,5.0,157.0,1,1,2,5,72,1.0
172632,2,57,1.5,28.5,1,2,3,3,436,1.0
172637,1,62,2.0,62.0,1,1,2,2,483,0.0
172639,2,45,1.0,22.5,2,1,1,2,682,0.5
172649,1,141,4.0,141.0,1,2,3,4,602,0.0
172651,7,540,3.0,77.14285714285714,3,3,6,21,329,0.5714285714285714
172679,4,211,2.25,52.75,1,3,8,9,325,1.0
172680,1,64,2.0,64.0,1,1,2,2,721,0.0
172681,9,602,2.6666666666666665,66.88888888888889,1,4,11,24,64,1.0
172683,2,33,1.5,16.5,1,3,3,3,428,1.0
172688,11,1088,3.727272727272727,98.9090909090909,3,4,7,41,35,0.5454545454545454
172692,5,542,4.4,108.4,2,3,8,22,123,0.6
172696,1,151,4.0,151.0,1,2,3,4,551,0.0
172702,3,227,3.0,75.66666666666667,1,2,4,9,233,1.0
172707,3,261,2.6666666666666665,87.0,1,2,4,8,316,1.0
172731,2,266,4.5,133.0,1,3,4,9,118,1.0
172759,4,544,3.75,136.0,1,3,7,15,43,1.0
172775,1,155,4.0,155.0,1,1,4,4,76,1.0
172790,3,534,7.333333333333333,178.0,1,2,6,22,123,1.0
172795,1,56,2.0,56.0,1,1,2,2,426,1.0
172830,7,369,2.142857142857143,52.714285714285715,2,4,9,15,234,0.5714285714285714
172842,5,296,2.0,59.2,2,4,7,10,116,0.6
172843,2,201,4.0,100.5,1,1,4,8,364,1.0
172851,4,337,4.5,84.25,1,3,5,18,168,1.0
172852,1,185,5.0,185.0,1,1,4,5,253,1.0
172861,5,404,2.8,80.8,1,3,5,14,683,1.0
172863,20,1751,3.0,87.55,3,4,13,60,25,0.75
172872,3,0,1.0,0.0,1,1,1,3,515,0.0
172893,2,272,4.5,136.0,1,1,5,9,156,1.0
172902,4,434,3.25,108.5,1,3,6,13,316,0.0
172936,10,619,2.6,61.9,1,4,11,26,157,1.0
172941,9,586,2.888888888888889,65.11111111111111,2,4,10,26,58,0.6666666666666666
172950,8,564,2.75,70.5,1,4,9,22,35,1.0
172964,8,704,2.875,88.0,1,3,9,23,57,1.0
172969,1,154,6.0,154.0,1,1,3,6,315,1.0
172980,2,115,3.0,57.5,1,2,5,6,539,1.0
172992,17,1328,2.8823529411764706,78.11764705882354,3,4,13,49,95,0.5882352941176471
173003,1,89,3.0,89.0,1,1,3,3,687,0.0
173007,6,248,2.1666666666666665,41.333333333333336,2,3,6,13,399,0.8333333333333334
173019,8,616,2.375,77.0,1,3,7,19,4,1.0
173028,3,183,2.3333333333333335,61.0,2,4,5,7,520,0.0
173047,1,72,2.0,72.0,1,1,2,2,567,0.0
173051,3,260,3.3333333333333335,86.66666666666667,1,2,6,10,126,1.0
173068,2,117,2.0,58.5,1,1,2,4,519,1.0
173072,2,95,2.0,47.5,1,2,3,4,375,1.0
173073,6,400,2.8333333333333335,66.66666666666667,2,4,9,17,252,0.5
173085,6,512,3.0,85.33333333333333,3,4,8,18,125,0.5
173113,2,61,1.5,30.5,1,2,3,3,623,1.0
173129,1,110,2.0,110.0,1,1,2,2,619,1.0
173142,1,74,2.0,74.0,1,1,1,2,417,1.0
173150,24,1527,2.625,63.625,3,4,14,63,19,0.875
173166,5,339,2.4,67.8,1,3,6,12,135,1.0
173189,7,502,2.4285714285714284,71.71428571428571,1,4,8,17,254,1.0
173192,5,367,2.8,73.4,1,3,5,14,259,1.0
173196,1,418,10.0,418.0,1,2,6,10,693,0.0
173201,1,0,1.0,0.0,1,1,1,1,698,0.0
173203,6,670,4.5,111.66666666666667,1,3,10,27,43,1.0
173207,2,145,2.0,72.5,1,2,3,4,65,1.0
173236,7,420,3.142857142857143,60.0,2,2,6,22,233,0.8571428571428571
173238,3,175,2.0,58.333333333333336,2,2,6,6,51,0.6666666666666666
173251,1,74,3.0,74.0,1,2,2,3,148,1.0
173260,1,397,12.0,397.0,1,3,8,12,619,1.0
173261,5,416,4.0,83.2,1,3,6,20,210,1.0
173277,1,85,2.0,85.0,1,1,2,2,288,0.0
173280,4,455,3.5,113.75,1,3,8,14,46,1.0
173298,1,76,2.0,76.0,1,1,2,2,270,1.0
173302,1,74,2.0,74.0,1,1,1,2,473,0.0
173310,4,406,3.75,101.5,2,3,7,15,51,0.75
173321,3,107,1.6666666666666667,35.666666666666664,1,2,4,5,597,1.0
173323,1,32,1.0,32.0,1,1,1,1,570,1.0
173327,1,32,1.0,32.0,1,1,1,1,585,1.0
173333,4,356,3.25,89.0,2,4,6,13,327,0.5
173343,1,0,1.0,0.0,1,1,1,1,619,1.0
173353,4,345,4.0,86.25,1,4,10,16,74,1.0
173372,1,42,1.0,42.0,1,1,1,1,371,0.0
173375,1,13,2.0,13.0,1,2,2,2,694,1.0
173380,27,2449,4.037037037037037,90.70370370370371,3,4,14,109,35,0.8148148148148148
173383,5,421,2.4,84.2,1,3,4,12,120,1.0
173414,3,141,2.3333333333333335,47.0,1,2,4,7,120,0.0
173418,5,569,3.0,113.8,4,3,6,15,91,0.4
173427,2,51,1.5,25.5,1,2,3,3,429,1.0
173428,1,66,2.0,66.0,1,1,2,2,638,0.0
173446,5,302,1.8,60.4,2,3,5,9,43,0.8
173453,1,70,3.0,70.0,1,2,3,3,474,1.0
173468,1,453,13.0,453.0,1,3,6,13,118,0.0
173475,4,401,5.0,100.25,2,3,6,20,205,0.25
173481,3,505,4.0,168.33333333333334,2,3,7,12,280,0.3333333333333333
173503,26,1447,2.269230769230769,55.65384615384615,1,4,13,59,39,1.0
173535,2,30,1.5,15.0,1,1,1,3,479,1.0
173562,7,874,4.714285714285714,124.85714285714286,4,4,12,33,329,0.42857142857142855
173614,7,698,3.0,99.71428571428571,1,4,7,21,62,1.0
173634,6,499,3.3333333333333335,83.16666666666667,1,3,8,20,22,1.0
173636,3,272,3.3333333333333335,90.66666666666667,1,3,5,10,125,1.0
173648,1,110,4.0,110.0,1,2,4,4,411,0.0
173650,2,54,1.5,27.0,1,2,3,3,262,1.0
173652,1,133,7.0,133.0,1,2,3,7,308,1.0
173661,3,323,4.0,107.66666666666667,2,1,4,12,136,0.3333333333333333
173662,2,310,6.0,155.0,1,2,5,12,190,1.0
173686,3,96,2.3333333333333335,32.0,1,3,7,7,556,1.0
173688,29,2480,3.6551724137931036,85.51724137931035,5,4,14,106,0,0.6206896551724138
173697,10,475,2.1,47.5,1,3,8,21,76,1.0
173702,1,183,5.0,183.0,1,2,3,5,78,1.0
173704,1,0,1.0,0.0,1,1,1,1,491,1.0
173711,11,851,3.0,77.36363636363636,3,4,10,33,36,0.6363636363636364
173713,8,770,3.125,96.25,2,2,5,25,91,0.0
173716,4,391,4.0,97.75,2,2,8,16,186,0.0
173718,7,602,3.142857142857143,86.0,1,4,10,22,2,1.0
173729,10,700,3.4,70.0,2,4,10,34,22,0.0
173737,2,243,3.5,121.5,1,3,6,7,469,1.0
173754,8,936,3.875,117.0,3,3,10,31,151,0.375
173775,1,76,2.0,76.0,1,1,2,2,570,0.0
173794,2,275,5.5,137.5,1,2,4,11,707,1.0
173795,1,144,4.0,144.0,1,1,1,4,182,1.0
173807,9,993,3.6666666666666665,110.33333333333333,4,4,11,33,36,0.6666666666666666
173820,6,339,2.1666666666666665,56.5,4,4,7,13,101,0.0
173823,3,195,2.6666666666666665,65.0,1,4,4,8,478,1.0
173831,13,688,2.4615384615384617,52.92307692307692,1,4,12,32,39,1.0
173851,1,178,6.0,178.0,1,1,3,6,252,1.0
173880,7,573,2.7142857142857144,81.85714285714286,1,4,11,19,231,1.0
173889,2,129,3.0,64.5,1,2,3,6,48,1.0
173891,2,250,3.0,125.0,1,2,4,6,203,1.0
173894,1,55,2.0,55.0,1,1,1,2,38,0.0
173907,5,426,3.4,85.2,2,3,7,17,232,0.8
173924,7,372,2.4285714285714284,53.142857142857146,1,4,10,17,49,1.0
173928,3,164,1.3333333333333333,54.666666666666664,1,2,3,4,471,1.0
173933,1,0,1.0,0.0,1,1,1,1,695,0.0
173953,6,547,4.0,91.16666666666667,4,3,10,24,204,0.16666666666666666
173954,5,249,1.8,49.8,1,3,7,9,160,1.0
173958,1,204,5.0,204.0,1,3,5,5,483,0.0
173960,1,68,2.0,68.0,1,1,2,2,295,0.0
173964,5,327,2.8,65.4,1,3,4,14,168,1.0
173979,1,29,1.0,29.0,1,1,1,1,146,1.0
173982,2,145,5.0,72.5,1,2,5,10,581,1.0
173994,8,476,2.0,59.5,2,3,7,16,125,0.75
174004,10,702,2.7,70.2,1,4,9,27,28,1.0
174011,1,368,9.0,368.0,1,2,4,9,331,0.0
174031,1,29,2.0,29.0,1,2,2,2,700,0.0
174041,2,252,4.5,126.0,2,1,3,9,215,0.0
174056,3,406,6.333333333333333,135.33333333333334,1,2,7,19,539,1.0
174064,2,196,4.5,98.0,2,3,5,9,52,0.0
174069,2,105,2.5,52.5,1,1,4,5,282,1.0
174081,11,550,2.6363636363636362,50.0,1,4,10,29,0,1.0
174091,11,402,2.0,36.54545454545455,2,4,8,22,116,0.9090909090909091
174103,1,74,2.0,74.0,1,1,2,2,521,1.0
174129,2,168,3.5,84.0,2,1,4,7,430,0.0
174131,2,123,1.5,61.5,1,2,3,3,190,1.0
174134,1,25,2.0,25.0,1,1,1,2,501,1.0
174155,2,127,3.0,63.5,2,3,4,6,423,0.5
174156,2,108,2.5,54.0,1,2,4,5,111,1.0
174172,8,521,2.25,65.125,3,3,8,18,65,0.625
174174,15,1038,3.2,69.2,2,4,14,48,29,0.8666666666666667
174180,3,160,2.3333333333333335,53.333333333333336,1,3,4,7,497,1.0
174191,1,134,6.0,134.0,1,2,3,6,622,0.0
174193,1,206,8.0,206.0,1,2,5,8,711,0.0
174198,4,400,3.0,100.0,2,3,5,12,78,0.75
174212,5,333,2.0,66.6,3,3,7,10,266,0.6
174215,3,240,2.0,80.0,1,1,3,6,133,1.0
174232,1,84,3.0,84.0,1,2,3,3,511,0.0
174274,6,502,2.8333333333333335,83.66666666666667,1,3,5,17,15,1.0
174280,1,222,7.0,222.0,1,3,5,7,539,1.0
174290,10,441,3.1,44.1,3,4,8,31,38,0.8
174293,5,562,4.0,112.4,1,4,6,20,83,1.0
174297,2,146,3.0,73.0,1,3,5,6,143,1.0
174303,1,140,4.0,140.0,1,1,3,4,646,0.0
174307,3,260,3.0,86.66666666666667,2,2,3,9,136,0.6666666666666666
174316,9,1641,6.666666666666667,182.33333333333334,1,4,11,60,168,1.0
174320,8,456,2.0,57.0,1,3,5,16,11,1.0
174323,1,113,4.0,113.0,1,1,3,4,430,1.0
174324,2,90,4.0,45.0,1,2,3,8,623,1.0
174335,8,466,2.25,58.25,3,3,8,18,128,0.0
174343,13,1953,5.076923076923077,150.23076923076923,1,3,8,66,76,1.0
174356,3,485,4.666666666666667,161.66666666666666,2,3,6,14,45,0.6666666666666666
174371,1,59,1.0,59.0,1,1,1,1,716,1.0
174378,6,210,1.3333333333333333,35.0,1,2,5,8,65,1.0
174383,19,2321,4.7894736842105265,122.15789473684211,2,4,11,91,38,0.8421052631578947
174392,3,288,2.3333333333333335,96.0,2,2,5,7,13,0.0
174394,3,150,2.6666666666666665,50.0,1,3,5,8,34,1.0
174395,2,116,2.0,58.0,1,2,3,4,336,1.0
174403,1,72,3.0,72.0,1,1,2,3,521,1.0
174404,10,612,1.8,61.2,2,4,9,18,57,0.9
174426,3,383,4.666666666666667,127.66666666666667,2,1,8,14,222,0.6666666666666666
174431,4,145,1.75,36.25,1,4,6,7,22,1.0
174435,15,2041,6.0,136.06666666666666,3,4,12,89,72,0.7333333333333333
174455,6,248,2.3333333333333335,41.333333333333336,1,3,5,14,245,1.0
174460,2,374,6.0,187.0,1,2,5,12,55,1.0
174464,8,768,3.625,96.0,1,4,9,29,109,1.0
174467,2,91,3.0,45.5,1,3,3,6,498,1.0
174475,8,539,2.5,67.375,3,3,9,20,105,0.75
174501,2,284,6.0,142.0,1,2,7,12,651,1.0
174502,1,294,9.0,294.0,1,4,6,9,483,0.0
174529,6,421,2.5,70.16666666666667,1,4,8,15,151,1.0
174530,1,84,3.0,84.0,1,2,3,3,707,1.0
174544,3,250,2.6666666666666665,83.33333333333333,1,3,6,8,118,1.0
174553,5,1147,8.4,229.4,2,4,13,42,203,0.8
174554,11,530,2.0,48.18181818181818,3,3,8,22,213,0.7272727272727273
174570,1,94,2.0,94.0,1,1,2,2,121,1.0
174575,8,804,4.125,100.5,1,2,5,33,69,1.0
174591,22,2184,3.227272727272727,99.27272727272727,1,4,11,71,7,1.0
174598,4,289,2.75,72.25,1,3,7,11,338,0.0
174600,9,697,3.4444444444444446,77.44444444444444,2,3,6,31,280,0.7777777777777778
174604,7,284,1.8571428571428572,40.57142857142857,1,3,5,13,116,1.0
174607,4,530,3.75,132.5,2,3,7,15,113,0.25
174617,1,123,3.0,123.0,1,1,3,3,520,1.0
174620,1,20,1.0,20.0,1,1,1,1,470,1.0
174627,2,25,2.5,12.5,1,3,3,5,556,1.0
174628,1,0,1.0,0.0,1,1,1,1,700,1.0
174634,1,91,2.0,91.0,1,1,2,2,693,0.0
174648,6,433,2.1666666666666665,72.16666666666667,1,2,5,13,42,1.0
174654,16,1029,2.75,64.3125,3,4,11,44,65,0.4375
174662,1,79,3.0,79.0,1,1,2,3,397,0.0
174665,3,126,2.0,42.0,1,3,4,6,396,1.0
174668,1,25,2.0,25.0,1,2,2,2,698,1.0
174669,1,74,4.0,74.0,1,2,3,4,104,1.0
174684,3,216,2.0,72.0,2,3,5,6,296,0.6666666666666666
174695,4,330,2.5,82.5,1,3,8,10,233,1.0
174699,2,333,4.5,166.5,2,3,4,9,86,0.5
174705,11,543,2.1818181818181817,49.36363636363637,1,4,9,24,23,1.0
174718,1,145,6.0,145.0,1,2,5,6,430,1.0
174725,1,60,2.0,60.0,1,2,2,2,86,0.0
174728,9,571,2.111111111111111,63.44444444444444,1,2,7,19,362,1.0
174747,8,534,2.375,66.75,3,4,9,19,27,0.625
174755,1,130,4.0,130.0,1,1,3,4,478,1.0
174771,4,336,2.5,84.0,1,3,3,10,63,1.0
174783,1,64,2.0,64.0,1,1,2,2,483,1.0
174786,2,152,2.5,76.0,2,2,2,5,167,0.5
174788,2,194,2.0,97.0,2,1,1,4,420,0.5
174790,2,267,4.0,133.5,2,1,5,8,347,0.0
174822,4,329,3.0,82.25,2,3,7,12,415,0.75
174827,6,453,3.0,75.5,3,3,7,18,58,0.3333333333333333
174839,4,245,2.25,61.25,2,2,5,9,229,0.75
174859,10,668,2.5,66.8,1,3,10,25,57,1.0
174864,2,80,1.5,40.0,1,2,3,3,116,0.0
174873,2,101,2.0,50.5,1,1,4,4,518,1.0
174879,5,318,2.6,63.6,5,3,5,13,79,0.2
174897,5,1088,8.6,217.6,2,3,10,43,97,0.2
174905,5,296,3.0,59.2,2,4,7,15,55,0.8
174914,9,845,3.3333333333333335,93.88888888888889,2,3,6,30,60,0.7777777777777778
174923,8,994,4.75,124.25,1,3,11,38,146,0.0
174927,1,64,2.0,64.0,1,1,2,2,525,1.0
174929,3,89,1.6666666666666667,29.666666666666668,1,2,5,5,595,1.0
174931,4,264,2.75,66.0,1,3,6,11,64,1.0
174939,7,557,2.7142857142857144,79.57142857142857,1,3,7,19,83,1.0
174946,3,269,4.666666666666667,89.66666666666667,1,3,7,14,153,1.0
174961,4,278,2.75,69.5,1,3,6,11,42,1.0
174980,1,177,6.0,177.0,1,1,4,6,417,1.0
174991,1,117,3.0,117.0,1,3,3,3,60,0.0
175017,8,586,2.75,73.25,3,3,8,22,23,0.625
175027,3,170,2.0,56.666666666666664,1,1,4,6,83,1.0
175048,2,145,2.0,72.5,1,3,4,4,119,1.0
175049,4,732,6.25,183.0,1,4,11,25,326,1.0
175053,2,150,2.0,75.0,1,1,2,4,101,1.0
175055,1,76,2.0,76.0,1,1,2,2,541,1.0
175081,1,68,2.0,68.0,1,1,2,2,508,1.0
175084,8,425,2.5,53.125,2,4,9,20,34,0.625
175090,7,732,3.7142857142857144,104.57142857142857,1,3,8,26,53,1.0
175093,8,932,4.25,116.5,1,4,10,34,196,1.0
175094,1,50,2.0,50.0,1,2,2,2,589,1.0
175097,3,145,2.0,48.333333333333336,1,2,3,6,52,1.0
175098,6,536,2.8333333333333335,89.33333333333333,4,3,10,17,20,0.16666666666666666
175102,4,550,4.5,137.5,1,2,6,18,198,1.0
175111,2,302,4.0,151.0,1,1,1,8,105,1.0
175114,1,68,2.0,68.0,1,1,2,2,511,1.0
175132,4,482,4.25,120.5,1,4,8,17,84,1.0
175141,1,25,1.0,25.0,1,1,1,1,708,1.0
175142,2,167,2.5,83.5,1,1,3,5,373,1.0
175146,1,82,3.0,82.0,1,1,2,3,551,1.0
175165,1,0,2.0,0.0,1,1,1,2,547,1.0
175177,10,674,2.7,67.4,2,4,10,27,38,0.0
175179,4,270,2.5,67.5,1,3,6,10,428,1.0
175187,2,138,2.0,69.0,1,1,1,4,60,1.0
175188,2,208,3.5,104.0,1,2,5,7,59,1.0
175194,2,155,2.5,77.5,1,3,4,5,121,1.0
175197,1,229,7.0,229.0,1,2,4,7,136,0.0
175199,4,235,3.5,58.75,1,2,6,14,477,1.0
175216,2,77,2.0,38.5,2,2,2,4,87,0.5
175219,3,282,4.0,94.0,1,2,6,12,474,1.0
175254,9,683,2.888888888888889,75.88888888888889,2,4,9,26,214,0.4444444444444444
175257,5,112,1.2,22.4,5,2,4,6,168,0.0
175260,6,874,5.833333333333333,145.66666666666666,1,2,8,35,329,1.0
175275,5,286,3.2,57.2,2,3,6,16,108,0.8
175311,2,168,3.0,84.0,1,1,2,6,428,1.0
175314,1,136,4.0,136.0,1,2,4,4,627,0.0
175356,2,233,4.5,116.5,1,3,6,9,157,1.0
175374,4,284,3.25,71.0,1,3,8,13,424,1.0
175377,5,330,2.4,66.0,4,4,6,12,116,0.2
175383,6,560,2.6666666666666665,93.33333333333333,4,4,8,16,57,0.16666666666666666
175389,14,823,2.5,58.785714285714285,1,3,7,35,233,1.0
175390,1,54,2.0,54.0,1,1,2,2,596,1.0
175393,6,736,3.1666666666666665,122.66666666666667,1,3,9,19,109,1.0
175427,11,532,2.1818181818181817,48.36363636363637,1,4,9,24,65,1.0
175445,2,74,2.0,37.0,1,2,2,4,450,1.0
175456,2,83,3.0,41.5,2,1,1,6,696,0.5
175463,5,131,1.2,26.2,1,2,4,6,31,1.0
175474,1,115,4.0,115.0,1,2,3,4,421,0.0
175475,4,406,3.5,101.5,1,4,7,14,147,1.0
175483,1,0,1.0,0.0,1,1,1,1,544,1.0
175489,1,74,2.0,74.0,1,1,2,2,506,1.0
175498,23,3512,5.521739130434782,152.69565217391303,2,4,15,127,52,0.9565217391304348
175530,7,439,3.142857142857143,62.714285714285715,1,3,10,22,140,1.0
175543,1,84,2.0,84.0,1,1,1,2,690,1.0
175545,3,133,2.0,44.333333333333336,1,4,5,6,428,1.0
175552,6,303,3.5,50.5,2,4,7,21,55,0.5
175553,4,227,2.75,56.75,1,2,5,11,579,1.0
175562,12,996,2.5,83.0,2,4,11,30,31,0.0
175568,4,287,2.75,71.75,2,2,5,11,65,0.75
175591,3,247,2.6666666666666665,82.33333333333333,1,3,4,8,55,1.0
175607,2,176,3.0,88.0,1,2,4,6,132,1.0
175642,2,295,4.5,147.5,1,1,4,9,81,1.0
175658,3,94,2.3333333333333335,31.333333333333332,1,2,3,7,161,1.0
175662,4,217,2.75,54.25,1,2,4,11,261,1.0
175667,1,134,2.0,134.0,1,2,2,2,277,1.0
175668,3,282,3.6666666666666665,94.0,1,3,5,11,62,1.0
175669,15,2214,4.533333333333333,147.6,2,4,14,68,13,0.9333333333333333
175679,1,65,3.0,65.0,1,2,2,3,681,1.0
175692,4,367,3.0,91.75,1,3,5,12,44,1.0
175701,9,522,4.555555555555555,58.0,3,4,8,41,228,0.7777777777777778
175710,5,473,3.2,94.6,1,2,7,16,141,1.0
175727,2,140,3.5,70.0,1,3,4,7,420,0.0
175737,11,612,2.6363636363636362,55.63636363636363,2,4,13,29,38,0.9090909090909091
175745,1,101,3.0,101.0,1,2,2,3,430,0.0
175763,2,315,4.5,157.5,1,2,6,9,263,1.0
175764,1,39,1.0,39.0,1,1,1,1,224,1.0
175773,3,262,3.0,87.33333333333333,1,3,4,9,153,1.0
175807,8,467,3.125,58.375,2,4,9,25,92,0.5
175827,7,649,3.2857142857142856,92.71428571428571,3,3,7,23,59,0.0
175842,8,424,2.0,53.0,1,3,5,16,299,1.0
175849,1,218,6.0,218.0,1,1,3,6,420,1.0
175853,1,0,1.0,0.0,1,1,1,1,684,1.0
175858,1,105,3.0,105.0,1,2,3,3,274,1.0
175861,5,524,3.8,104.8,2,4,9,19,48,0.8
175865,1,61,2.0,61.0,1,1,2,2,595,1.0
175886,3,268,3.3333333333333335,89.33333333333333,1,4,5,10,62,1.0
175892,1,66,4.0,66.0,1,2,3,4,628,1.0
175909,3,527,5.666666666666667,175.66666666666666,3,1,4,17,257,0.3333333333333333
175932,5,423,3.2,84.6,3,3,7,16,53,0.6
175939,6,507,4.0,84.5,1,2,6,24,331,1.0
175941,6,322,3.0,53.666666666666664,2,4,10,18,62,0.8333333333333334
175947,1,0,1.0,0.0,1,1,1,1,556,1.0
175962,21,1906,3.2857142857142856,90.76190476190476,2,4,11,69,2,0.9523809523809523
175971,2,110,2.5,55.0,1,1,2,5,621,1.0
175974,2,116,2.0,58.0,1,2,3,4,497,1.0
175984,5,418,2.8,83.6,1,3,7,14,67,1.0
175994,2,144,2.0,72.0,1,1,1,4,123,1.0
176006,2,453,6.5,226.5,1,3,5,13,114,1.0
176009,1,75,3.0,75.0,1,2,3,3,485,1.0
176010,10,728,2.4,72.8,1,4,12,24,35,1.0
176011,7,440,2.2857142857142856,62.857142857142854,1,2,6,16,140,1.0
176016,1,144,4.0,144.0,1,1,3,4,46,1.0
176024,10,523,2.6,52.3,1,4,9,26,31,1.0
176032,2,104,3.0,52.0,2,3,4,6,160,0.5
176035,3,396,4.666666666666667,132.0,3,3,8,14,109,0.3333333333333333
176041,1,65,1.0,65.0,1,1,1,1,417,1.0
176045,1,240,6.0,240.0,1,1,3,6,3,1.0
176061,9,563,2.3333333333333335,62.55555555555556,1,4,9,21,125,1.0
176065,7,299,2.5714285714285716,42.714285714285715,1,3,9,18,112,1.0
176073,3,216,3.0,72.0,2,2,3,9,572,0.0
176078,1,161,5.0,161.0,1,2,3,5,1,1.0
176079,7,354,3.0,50.57142857142857,1,3,6,21,100,1.0
176088,2,210,3.5,105.0,2,2,4,7,23,0.0
176114,1,154,4.0,154.0,1,1,2,4,32,1.0
176122,2,232,4.0,116.0,2,2,2,8,467,0.5
176128,2,111,2.0,55.5,1,1,3,4,427,1.0
176133,3,196,2.0,65.33333333333333,1,3,3,6,229,1.0
176140,1,64,2.0,64.0,1,1,2,2,595,1.0
176151,6,595,3.8333333333333335,99.16666666666667,1,4,8,23,111,1.0
176156,2,120,3.5,60.0,2,2,4,7,441,0.5
176162,9,796,3.3333333333333335,88.44444444444444,2,4,10,30,139,0.0
176165,1,70,4.0,70.0,1,2,3,4,549,1.0
176167,2,166,3.0,83.0,1,1,3,6,269,1.0
176184,1,69,2.0,69.0,1,1,1,2,436,1.0
176192,10,173,1.5,17.3,5,4,6,15,36,0.4
176194,2,169,1.5,84.5,1,3,3,3,459,1.0
176196,2,190,2.0,95.0,2,2,3,4,111,0.5
176221,3,404,4.0,134.66666666666666,1,3,9,12,111,1.0
176226,13,707,2.3846153846153846,54.38461538461539,1,4,12,31,35,1.0
176229,1,71,2.0,71.0,1,1,2,2,104,1.0
176265,1,219,7.0,219.0,1,2,5,7,310,0.0
176274,4,342,3.25,85.5,1,3,6,13,58,1.0
176279,2,159,3.0,79.5,1,2,4,6,30,1.0
176281,8,625,2.875,78.125,1,4,9,23,52,1.0
176283,1,64,2.0,64.0,1,1,1,2,568,1.0
176292,3,236,2.3333333333333335,78.66666666666667,2,3,5,7,99,0.3333333333333333
176298,1,129,4.0,129.0,1,2,3,4,372,1.0
176315,18,1299,2.7222222222222223,72.16666666666667,4,4,13,49,23,0.7222222222222222
176331,15,1007,2.3333333333333335,67.13333333333334,3,3,9,35,39,0.2
176337,5,455,3.6,91.0,1,3,9,18,134,1.0
176340,5,319,1.8,63.8,3,2,5,9,20,0.4
176341,3,510,6.333333333333333,170.0,1,4,11,19,305,1.0
176342,1,108,3.0,108.0,1,2,3,3,260,1.0
176352,2,97,1.5,48.5,1,2,3,3,395,1.0
176390,4,130,1.0,32.5,1,2,4,4,15,1.0
176411,2,193,4.0,96.5,1,2,5,8,371,1.0
176418,12,712,3.0833333333333335,59.333333333333336,1,4,11,37,39,1.0
176422,1,123,3.0,123.0,1,2,3,3,478,1.0
176424,2,0,1.5,0.0,2,3,3,3,448,0.5
176430,1,105,4.0,105.0,1,1,2,4,430,0.0
176438,1,116,5.0,116.0,1,3,3,5,442,0.0
176462,4,543,6.0,135.75,2,2,9,24,583,0.0
176477,1,86,2.0,86.0,1,2,2,2,575,1.0
176485,2,0,1.0,0.0,1,1,1,2,686,1.0
176497,1,158,6.0,158.0,1,1,1,6,410,1.0
176504,1,59,4.0,59.0,1,2,4,4,698,1.0
176505,1,77,3.0,77.0,1,1,2,3,231,0.0
176514,2,203,2.5,101.5,1,2,4,5,366,1.0
176515,1,49,3.0,49.0,1,3,3,3,618,0.0
176517,17,1640,4.470588235294118,96.47058823529412,2,4,12,76,37,0.058823529411764705
176518,2,260,4.5,130.0,1,2,6,9,53,1.0
176520,8,837,4.125,104.625,1,3,9,33,3,1.0
176537,5,262,3.0,52.4,1,3,8,15,203,1.0
176550,3,251,3.3333333333333335,83.66666666666667,1,3,6,10,478,1.0
176569,1,200,6.0,200.0,1,1,4,6,553,1.0
176586,9,883,3.7777777777777777,98.11111111111111,2,4,8,34,65,0.8888888888888888
176616,3,328,4.0,109.33333333333333,1,2,6,12,208,1.0
176619,2,78,1.0,39.0,1,1,2,2,78,1.0
176623,8,671,3.125,83.875,1,4,10,25,17,1.0
176629,1,173,7.0,173.0,1,2,6,7,51,1.0
176644,2,88,1.5,44.0,1,2,2,3,86,1.0
176698,2,115,1.5,57.5,1,2,3,3,125,1.0
176704,1,64,3.0,64.0,1,2,2,3,445,0.0
176752,2,135,1.5,67.5,1,2,3,3,385,1.0
176773,2,144,2.0,72.0,1,2,4,4,25,1.0
176774,1,134,4.0,134.0,1,1,3,4,76,0.0
176787,1,68,3.0,68.0,1,2,3,3,435,1.0
176798,1,64,2.0,64.0,1,1,2,2,470,1.0
176811,2,417,6.5,208.5,1,3,7,13,141,1.0
176826,1,74,4.0,74.0,1,1,3,4,598,0.0
176855,1,245,6.0,245.0,1,2,4,6,198,1.0
176866,4,65,1.5,16.25,2,3,3,6,407,0.75
176868,1,68,3.0,68.0,1,1,2,3,193,1.0
176870,12,903,3.1666666666666665,75.25,2,4,11,38,49,0.9166666666666666
176872,4,557,3.75,139.25,3,3,5,15,55,0.25
176878,3,383,4.0,127.66666666666667,1,4,8,12,38,1.0
176881,1,84,3.0,84.0,1,2,2,3,80,0.0
176907,20,1271,2.5,63.55,1,3,9,50,36,1.0
176919,1,159,6.0,159.0,1,1,4,6,58,0.0
176948,6,445,2.5,74.16666666666667,1,3,6,15,43,1.0
176956,1,71,2.0,71.0,1,2,2,2,450,0.0
176960,2,59,1.5,29.5,2,2,3,3,658,0.5
176964,2,308,4.0,154.0,2,2,7,8,231,0.5
176966,1,77,2.0,77.0,1,2,2,2,505,0.0
176980,1,92,3.0,92.0,1,1,2,3,24,1.0
176995,1,194,2.0,194.0,1,1,1,2,125,1.0
177003,1,73,4.0,73.0,1,2,4,4,481,1.0
177015,4,273,1.5,68.25,1,2,5,6,74,1.0
177023,6,366,2.5,61.0,3,3,7,15,0,0.5
177027,3,350,4.666666666666667,116.66666666666667,1,2,4,14,18,1.0
177031,4,525,4.0,131.25,2,4,10,16,113,0.75
177037,2,163,2.5,81.5,2,1,4,5,139,0.5
177072,7,600,4.285714285714286,85.71428571428571,1,4,9,30,193,1.0
177077,1,345,15.0,345.0,1,4,6,15,435,1.0
177091,6,281,1.8333333333333333,46.833333333333336,2,3,7,11,48,0.6666666666666666
177126,6,339,2.3333333333333335,56.5,1,3,7,14,227,1.0
177134,1,55,1.0,55.0,1,1,1,1,698,1.0
177147,1,101,4.0,101.0,1,1,3,4,421,1.0
177153,12,776,3.3333333333333335,64.66666666666667,1,4,13,40,30,1.0
177178,1,226,6.0,226.0,1,2,4,6,287,1.0
177183,2,339,6.0,169.5,1,2,5,12,109,1.0
177193,2,518,6.0,259.0,1,2,7,12,99,1.0
177197,6,836,5.0,139.33333333333334,3,4,12,30,14,0.0
177209,14,1716,4.714285714285714,122.57142857142857,2,3,10,66,14,0.6428571428571429
177213,5,263,2.6,52.6,1,2,5,13,427,1.0
177216,3,330,5.333333333333333,110.0,1,2,5,16,69,1.0
177224,2,173,5.0,86.5,1,2,6,10,425,1.0
177240,5,230,2.2,46.0,1,3,6,11,56,1.0
177245,2,106,1.5,53.0,1,1,3,3,368,0.0
177258,7,561,3.142857142857143,80.14285714285714,2,4,12,22,49,0.8571428571428571
177269,27,1724,2.5555555555555554,63.851851851851855,3,4,13,69,41,0.5925925925925926
177272,3,286,3.0,95.33333333333333,1,3,6,9,65,1.0
177288,8,726,3.75,90.75,1,3,11,30,168,1.0
177289,3,211,3.0,70.33333333333333,2,3,6,9,365,0.3333333333333333
177298,2,109,1.5,54.5,2,1,2,3,451,0.5
177314,1,25,1.0,25.0,1,1,1,1,492,1.0
177333,5,331,2.4,66.2,1,3,5,12,231,1.0
177335,2,225,4.0,112.5,1,1,4,8,45,1.0
177341,2,159,2.0,79.5,1,1,3,4,341,0.0
177361,3,100,2.0,33.333333333333336,2,2,4,6,362,0.6666666666666666
177382,2,78,2.0,39.0,1,1,3,4,310,1.0
177400,21,2311,3.9047619047619047,110.04761904761905,1,4,12,82,41,1.0
177402,1,145,3.0,145.0,1,1,2,3,256,1.0
177424,3,91,1.6666666666666667,30.333333333333332,2,2,2,5,406,0.6666666666666666
177434,1,286,10.0,286.0,1,2,7,10,534,1.0
177439,8,870,3.75,108.75,2,4,10,30,23,0.125
177445,2,138,2.5,69.0,2,2,5,5,302,0.5
177446,3,201,2.6666666666666665,67.0,2,2,5,8,469,0.3333333333333333
177463,3,210,2.0,70.0,2,1,3,6,275,0.6666666666666666
177474,7,1362,7.714285714285714,194.57142857142858,1,4,13,54,37,1.0
177512,2,67,1.5,33.5,1,2,3,3,700,0.0
177524,2,158,3.0,79.0,2,2,6,6,48,0.0
177528,3,273,3.0,91.0,1,3,6,9,371,1.0
177551,3,309,3.6666666666666665,103.0,1,2,3,11,160,1.0
177558,7,765,3.857142857142857,109.28571428571429,3,4,11,27,424,0.14285714285714285
177563,1,61,3.0,61.0,1,2,3,3,229,1.0
177582,3,325,4.333333333333333,108.33333333333333,3,3,4,13,20,0.3333333333333333
177590,3,141,1.3333333333333333,47.0,1,1,3,4,57,1.0
177614,3,268,2.6666666666666665,89.33333333333333,2,2,4,8,275,0.6666666666666666
177630,10,626,2.5,62.6,1,4,8,25,69,1.0
177639,2,301,5.0,150.5,1,3,5,10,449,1.0
177646,1,76,3.0,76.0,1,2,3,3,558,1.0
177652,5,190,2.2,38.0,1,3,6,11,408,1.0
177671,6,572,5.166666666666667,95.33333333333333,1,3,10,31,69,1.0
177696,5,268,2.2,53.6,2,4,5,11,46,0.0
177701,13,1429,3.5384615384615383,109.92307692307692,1,4,14,46,62,1.0
177709,2,235,4.0,117.5,1,2,4,8,337,1.0
177714,2,141,3.0,70.5,1,4,4,6,404,1.0
177725,29,1867,3.0,64.37931034482759,3,4,12,87,34,0.896551724137931
177734,1,39,3.0,39.0,1,1,1,3,708,1.0
177743,1,84,3.0,84.0,1,1,3,3,38,0.0
177755,2,135,3.5,67.5,1,2,4,7,441,1.0
177771,2,50,1.5,25.0,1,2,3,3,231,1.0
177778,4,185,1.5,46.25,1,2,3,6,65,1.0
177816,3,234,3.0,78.0,1,4,7,9,434,1.0
177827,1,72,2.0,72.0,1,1,2,2,427,1.0
177830,1,56,2.0,56.0,1,2,2,2,62,0.0
177839,2,232,3.5,116.0,1,2,4,7,411,1.0
177855,6,468,5.166666666666667,78.0,3,4,9,31,37,0.0
177867,1,0,1.0,0.0,1,1,1,1,697,1.0
177874,6,200,1.8333333333333333,33.333333333333336,5,3,7,11,210,0.3333333333333333
177876,15,1315,3.2,87.66666666666667,4,4,14,48,57,0.0
177886,4,89,1.75,22.25,2,2,4,7,212,0.75
177890,7,729,4.0,104.14285714285714,2,4,10,28,37,0.7142857142857143
177899,21,1654,3.238095238095238,78.76190476190476,2,4,12,68,241,0.9047619047619048
177902,14,1419,4.357142857142857,101.35714285714286,5,4,14,61,17,0.07142857142857142
177913,1,67,2.0,67.0,1,1,2,2,518,0.0
177930,2,238,4.5,119.0,1,3,6,9,355,1.0
177932,1,57,2.0,57.0,1,1,2,2,630,1.0
177938,1,166,4.0,166.0,1,1,2,4,42,1.0
177943,1,0,1.0,0.0,1,1,1,1,617,1.0
177949,3,116,1.6666666666666667,38.666666666666664,3,3,4,5,364,0.3333333333333333
177956,5,408,1.8,81.6,3,2,5,9,38,0.6
177958,2,103,1.5,51.5,1,1,3,3,390,1.0
177961,2,146,2.5,73.0,1,2,3,5,140,1.0
177966,3,258,3.0,86.0,2,3,7,9,371,0.6666666666666666
177972,9,319,1.7777777777777777,35.44444444444444,1,2,5,16,71,1.0
177973,2,397,7.5,198.5,2,3,10,15,448,0.5
177978,7,580,3.5714285714285716,82.85714285714286,1,4,8,25,29,1.0
177983,3,224,3.0,74.66666666666667,1,3,3,9,65,1.0
177986,3,192,2.0,64.0,2,1,2,6,249,0.6666666666666666
177991,4,290,3.25,72.5,1,4,7,13,232,1.0
178004,2,103,2.0,51.5,2,2,4,4,532,0.5
178005,1,101,4.0,101.0,1,1,3,4,638,1.0
178007,1,0,1.0,0.0,1,1,1,1,694,1.0
178010,1,260,8.0,260.0,1,1,2,8,146,1.0
178017,1,99,3.0,99.0,1,1,2,3,654,1.0
178052,3,271,4.333333333333333,90.33333333333333,1,3,6,13,193,1.0
178064,6,656,4.5,109.33333333333333,2,2,8,27,228,0.16666666666666666
178066,1,115,3.0,115.0,1,1,2,3,388,0.0
178080,3,529,7.0,176.33333333333334,1,4,9,21,231,1.0
178083,1,42,1.0,42.0,1,1,1,1,665,1.0
178085,7,156,1.4285714285714286,22.285714285714285,1,2,5,10,25,1.0
178116,4,264,2.75,66.0,2,3,7,11,402,0.5
178121,3,422,3.6666666666666665,140.66666666666666,2,3,7,11,44,0.0
178141,1,204,6.0,204.0,1,1,4,6,624,1.0
178144,7,420,2.2857142857142856,60.0,1,3,8,16,353,1.0
178174,7,417,1.7142857142857142,59.57142857142857,1,3,8,12,64,1.0
178196,2,334,5.5,167.0,1,2,6,11,92,1.0
178248,7,628,3.2857142857142856,89.71428571428571,3,4,12,23,21,0.2857142857142857
178258,4,569,5.0,142.25,1,4,8,20,252,0.0
178259,3,488,5.333333333333333,162.66666666666666,1,2,5,16,357,1.0
178273,6,322,2.0,53.666666666666664,1,2,6,12,241,1.0
178276,3,365,4.0,121.66666666666667,2,2,5,12,90,0.6666666666666666
178285,10,1399,4.5,139.9,3,2,5,45,18,0.5
178314,4,217,2.25,54.25,1,2,4,9,206,1.0
178316,5,148,2.0,29.6,1,2,5,10,72,1.0
178318,5,220,2.2,44.0,1,2,7,11,217,1.0
178335,1,82,2.0,82.0,1,1,1,2,55,0.0
178341,1,113,3.0,113.0,1,2,3,3,143,1.0
178342,3,241,2.3333333333333335,80.33333333333333,1,2,5,7,329,1.0
178343,2,140,2.0,70.0,1,1,3,4,399,1.0
178345,3,69,1.6666666666666667,23.0,1,2,3,5,681,1.0
178348,4,238,2.5,59.5,1,3,6,10,424,1.0
178351,1,105,5.0,105.0,1,2,4,5,675,1.0
178357,4,305,2.5,76.25,3,2,8,10,473,0.0
178358,1,65,2.0,65.0,1,1,1,2,430,1.0
178368,1,44,2.0,44.0,1,1,2,2,331,0.0
178402,1,58,5.0,58.0,1,2,4,5,694,1.0
178406,7,689,3.7142857142857144,98.42857142857143,2,3,9,26,47,0.8571428571428571
178408,2,60,2.5,30.0,2,2,4,5,389,0.5
178426,1,99,5.0,99.0,1,2,3,5,684,0.0
178434,8,901,5.0,112.625,4,4,13,40,18,0.0
178438,13,931,3.3846153846153846,71.61538461538461,1,4,10,44,9,1.0
178442,1,64,4.0,64.0,1,2,4,4,695,1.0
178445,54,5183,4.018518518518518,95.98148148148148,2,4,15,217,15,0.0
178460,3,388,3.3333333333333335,129.33333333333334,2,1,5,10,144,0.6666666666666666
178483,6,680,4.166666666666667,113.33333333333333,4,3,9,25,261,0.5
178486,15,1882,4.6,125.46666666666667,3,4,14,69,8,0.0
178489,1,106,6.0,106.0,1,3,5,6,175,1.0
178490,1,83,2.0,83.0,1,1,2,2,389,0.0
178492,7,515,2.5714285714285716,73.57142857142857,1,3,7,18,49,1.0
178496,13,874,2.769230769230769,67.23076923076923,4,4,13,36,1,0.7692307692307693
178521,1,132,4.0,132.0,1,2,3,4,504,1.0
178526,3,355,3.6666666666666665,118.33333333333333,2,3,8,11,273,0.6666666666666666
178546,4,375,3.0,93.75,2,3,7,12,126,0.75
178547,7,1049,5.714285714285714,149.85714285714286,3,3,9,40,10,0.2857142857142857
178559,2,236,3.5,118.0,1,2,4,7,280,0.0
178560,6,436,2.3333333333333335,72.66666666666667,3,3,5,14,167,0.6666666666666666
178561,4,300,2.5,75.0,2,1,3,10,196,0.25
178568,3,465,4.666666666666667,155.0,2,2,6,14,303,0.3333333333333333
178616,2,142,2.0,71.0,1,1,4,4,146,1.0
178631,2,18,1.0,9.0,1,2,2,2,220,1.0
178635,13,1067,2.923076923076923,82.07692307692308,2,4,11,38,141,0.7692307692307693
178643,1,29,1.0,29.0,1,1,1,1,462,1.0
178659,3,258,3.0,86.0,2,4,8,9,78,0.0
178675,1,0,6.0,0.0,1,2,2,6,693,1.0
178678,4,362,2.5,90.5,2,4,8,10,90,0.75
178681,12,2101,6.833333333333333,175.08333333333334,1,4,14,82,86,1.0
178691,6,567,2.5,94.5,2,3,10,15,43,0.8333333333333334
178705,8,976,4.0,122.0,1,4,11,32,91,1.0
178747,2,152,4.0,76.0,1,2,3,8,375,1.0
178776,6,486,3.8333333333333335,81.0,1,4,8,23,57,1.0
178779,6,480,2.6666666666666665,80.0,3,3,7,16,63,0.5
178797,1,0,1.0,0.0,1,1,1,1,700,1.0
178798,1,0,1.0,0.0,1,1,1,1,686,1.0
178800,4,285,2.25,71.25,3,3,5,9,123,0.0
178802,4,214,2.0,53.5,3,4,7,8,462,0.5
178818,39,4761,4.9743589743589745,122.07692307692308,3,4,14,194,22,0.8205128205128205
178865,2,79,2.0,39.5,1,2,4,4,619,1.0
178874,1,69,3.0,69.0,1,2,3,3,714,1.0
178880,1,70,2.0,70.0,1,1,2,2,628,0.0
178881,1,72,4.0,72.0,1,1,4,4,194,1.0
178885,15,1441,3.1333333333333333,96.06666666666666,3,4,10,47,11,0.06666666666666667
178890,4,303,3.0,75.75,2,3,7,12,58,0.5
178897,1,0,1.0,0.0,1,1,1,1,698,1.0
178900,1,0,1.0,0.0,1,1,1,1,700,1.0
178904,3,193,2.0,64.33333333333333,2,2,6,6,55,0.0
178921,2,206,3.5,103.0,1,2,6,7,325,1.0
178940,3,223,2.3333333333333335,74.33333333333333,1,3,5,7,260,1.0
178947,3,229,2.3333333333333335,76.33333333333333,2,2,3,7,386,0.3333333333333333
178950,1,137,4.0,137.0,1,2,4,4,511,1.0
178952,2,72,2.5,36.0,2,1,4,5,196,0.5
178970,1,242,8.0,242.0,1,2,5,8,322,1.0
178977,1,49,2.0,49.0,1,2,2,2,231,0.0
178985,6,529,4.166666666666667,88.16666666666667,2,3,6,25,498,0.8333333333333334
178990,2,234,3.5,117.0,1,1,5,7,345,1.0
178995,6,520,5.0,86.66666666666667,2,2,7,30,368,0.5
179006,1,0,1.0,0.0,1,1,1,1,686,1.0
179018,1,70,3.0,70.0,1,2,2,3,708,1.0
179020,3,212,3.3333333333333335,70.66666666666667,1,3,8,10,29,1.0
179030,3,190,3.0,63.333333333333336,1,2,4,9,28,1.0
179038,2,178,3.0,89.0,1,4,5,6,404,1.0
179043,1,0,1.0,0.0,1,1,1,1,607,1.0
179045,1,265,8.0,265.0,1,3,7,8,189,0.0
179055,3,170,2.0,56.666666666666664,1,2,5,6,64,0.0
179056,1,275,9.0,275.0,1,2,5,9,379,1.0
179061,4,610,4.75,152.5,2,4,11,19,46,0.0
179066,7,577,4.0,82.42857142857143,1,3,8,28,234,1.0
179076,3,425,5.333333333333333,141.66666666666666,1,3,8,16,32,1.0
179099,4,438,3.25,109.5,2,4,6,13,143,0.5
179106,1,41,1.0,41.0,1,1,1,1,380,0.0
179108,9,356,1.5555555555555556,39.55555555555556,2,2,6,14,203,0.8888888888888888
179115,7,473,2.7142857142857144,67.57142857142857,2,3,7,19,23,0.8571428571428571
179124,3,121,1.0,40.333333333333336,1,3,3,3,80,1.0
179141,4,67,1.0,16.75,1,3,3,4,163,1.0
179150,2,70,2.5,35.0,2,3,4,5,472,0.5
179154,2,111,2.0,55.5,2,1,3,4,234,0.0
179155,1,118,4.0,118.0,1,1,4,4,564,1.0
179160,2,88,1.5,44.0,2,2,3,3,2,0.5
179172,8,671,3.5,83.875,1,3,8,28,72,1.0
179177,14,2018,4.642857142857143,144.14285714285714,5,4,14,65,34,0.5
179215,8,626,3.375,78.25,1,4,9,27,113,1.0
179217,5,429,4.0,85.8,1,4,8,20,43,1.0
179228,1,144,5.0,144.0,1,2,4,5,17,1.0
179229,4,309,2.75,77.25,2,3,5,11,301,0.25
179231,2,100,3.0,50.0,1,2,3,6,681,1.0
179232,3,281,4.666666666666667,93.66666666666667,1,3,6,14,438,1.0
179233,6,676,5.666666666666667,112.66666666666667,2,3,9,34,140,0.0
179238,1,91,4.0,91.0,1,2,3,4,686,1.0
179244,2,169,1.5,84.5,1,2,3,3,192,0.0
179245,1,23,1.0,23.0,1,1,1,1,592,1.0
179258,22,1611,2.8181818181818183,73.22727272727273,2,4,11,62,41,0.7727272727272727
179264,2,225,2.5,112.5,1,3,5,5,53,1.0
179266,5,395,2.8,79.0,5,2,6,14,58,0.2
179272,9,615,2.4444444444444446,68.33333333333333,3,4,9,22,56,0.4444444444444444
179293,4,735,7.25,183.75,1,4,7,29,83,1.0
179295,10,781,3.0,78.1,3,3,7,30,60,0.7
179307,3,179,2.6666666666666665,59.666666666666664,1,1,3,8,46,0.0
179330,4,252,2.25,63.0,1,3,4,9,499,1.0
179338,5,537,4.2,107.4,3,4,10,21,83,0.4
179341,3,132,2.0,44.0,3,3,4,6,231,0.3333333333333333
179350,2,70,1.5,35.0,1,2,3,3,492,1.0
179354,5,518,3.6,103.6,1,3,7,18,168,1.0
179371,5,477,3.4,95.4,1,4,10,17,296,1.0
179379,2,204,2.5,102.0,2,3,4,5,269,0.0
179388,3,177,2.6666666666666665,59.0,2,3,4,8,399,0.6666666666666666
179403,2,144,2.5,72.0,1,1,3,5,437,1.0
179412,3,618,4.666666666666667,206.0,1,3,7,14,120,1.0
179414,2,246,5.5,123.0,1,3,5,11,77,0.0
179420,1,25,1.0,25.0,1,1,1,1,224,0.0
179437,5,271,2.4,54.2,1,2,6,12,57,1.0
179448,3,196,2.3333333333333335,65.33333333333333,1,1,4,7,420,0.0
179451,3,506,5.0,168.66666666666666,3,2,5,15,86,0.0
179465,1,147,3.0,147.0,1,1,1,3,463,1.0
179467,1,68,2.0,68.0,1,1,2,2,203,1.0
179472,5,583,4.0,116.6,2,4,12,20,245,0.8
179484,1,122,4.0,122.0,1,2,3,4,730,1.0
179510,2,89,1.5,44.5,1,2,2,3,193,1.0
179525,2,225,3.5,112.5,1,3,4,7,125,1.0
179544,1,75,3.0,75.0,1,1,2,3,232,1.0
179556,2,137,3.0,68.5,1,1,4,6,119,1.0
179577,3,105,2.0,35.0,2,2,3,6,287,0.6666666666666666
179585,1,49,2.0,49.0,1,1,2,2,511,0.0
179588,2,148,2.5,74.0,2,3,4,5,13,0.0
179597,2,216,3.5,108.0,1,3,5,7,92,1.0
179632,3,136,2.0,45.333333333333336,1,2,3,6,234,1.0
179634,3,304,2.3333333333333335,101.33333333333333,3,3,7,7,334,0.3333333333333333
179662,5,463,3.6,92.6,1,3,7,18,60,1.0
179672,10,695,3.3,69.5,1,4,7,33,38,1.0
179679,2,276,4.0,138.0,1,2,3,8,150,0.0
179704,16,1404,3.4375,87.75,2,4,12,55,41,0.9375
179723,10,600,2.4,60.0,2,3,10,24,30,0.7
179743,4,356,4.0,89.0,3,3,8,16,42,0.0
179744,1,119,3.0,119.0,1,1,1,3,497,0.0
179755,3,710,7.333333333333333,236.66666666666666,1,3,8,22,54,1.0
179769,6,609,3.5,101.5,3,4,11,21,91,0.5
179774,6,666,4.5,111.0,1,4,12,27,63,1.0
179780,1,211,8.0,211.0,1,2,5,8,724,1.0
179790,21,1218,2.1904761904761907,58.0,1,4,12,46,29,1.0
179798,2,35,1.5,17.5,1,2,2,3,556,1.0
179818,1,39,1.0,39.0,1,1,1,1,506,0.0
179837,2,129,2.0,64.5,1,1,4,4,56,1.0
179851,19,1409,2.3684210526315788,74.15789473684211,1,4,9,45,1,1.0
179852,6,597,3.5,99.5,2,4,9,21,50,0.8333333333333334
179854,3,453,5.0,151.0,1,2,8,15,121,1.0
179860,4,361,3.5,90.25,1,3,7,14,497,1.0
179862,2,315,6.0,157.5,1,2,7,12,155,1.0
179867,2,171,2.5,85.5,1,2,4,5,602,1.0
179880,2,400,5.5,200.0,1,2,8,11,530,1.0
179882,2,128,3.5,64.0,2,2,4,7,428,0.5
179883,1,117,5.0,117.0,1,2,3,5,730,1.0
179907,4,179,1.75,44.75,1,1,4,7,586,1.0
179910,3,379,3.6666666666666665,126.33333333333333,1,2,6,11,186,1.0
179912,5,894,6.2,178.8,2,4,11,31,362,0.4
179918,4,286,2.0,71.5,2,1,5,8,567,0.5
179920,1,148,5.0,148.0,1,2,3,5,730,1.0
179928,1,101,5.0,101.0,1,2,3,5,730,1.0
179957,10,867,3.9,86.7,1,3,10,39,55,1.0
179960,4,672,6.0,168.0,2,3,9,24,55,0.75
179969,10,746,3.3,74.6,4,2,4,33,69,0.4
179974,5,376,2.8,75.2,3,2,7,14,54,0.4
179978,1,99,5.0,99.0,1,2,4,5,728,1.0
179980,5,387,2.8,77.4,4,2,7,14,226,0.4
179982,3,464,6.0,154.66666666666666,2,3,7,18,76,0.6666666666666666
179986,2,199,4.0,99.5,1,2,5,8,140,1.0
179988,3,223,3.3333333333333335,74.33333333333333,1,2,4,10,367,1.0
180000,2,166,4.0,83.0,1,2,3,8,527,1.0
180004,11,1467,4.818181818181818,133.36363636363637,2,4,12,53,27,0.2727272727272727
180012,7,632,4.428571428571429,90.28571428571429,2,4,10,31,34,0.8571428571428571
180015,7,1153,5.285714285714286,164.71428571428572,3,4,11,37,59,0.2857142857142857
180026,6,510,4.0,85.0,3,3,5,24,15,0.6666666666666666
180034,1,62,2.0,62.0,1,1,2,2,553,0.0
180041,2,127,3.0,63.5,1,2,4,6,301,1.0
180044,1,102,6.0,102.0,1,2,5,6,728,1.0
180053,6,638,4.833333333333333,106.33333333333333,1,3,7,29,323,1.0
180054,2,275,5.5,137.5,1,2,5,11,723,1.0
180055,1,201,6.0,201.0,1,1,3,6,729,1.0
180064,4,382,2.75,95.5,1,4,5,11,320,1.0
180071,6,497,3.1666666666666665,82.83333333333333,1,4,8,19,49,1.0
180072,1,95,3.0,95.0,1,1,3,3,728,1.0
180099,1,115,5.0,115.0,1,2,3,5,728,1.0
180102,1,131,6.0,131.0,1,2,4,6,728,1.0
180104,1,112,5.0,112.0,1,2,4,5,728,1.0
180106,8,729,4.375,91.125,4,3,9,35,364,0.375
180109,8,912,3.5,114.0,2,4,11,28,71,0.75
180110,6,331,2.0,55.166666666666664,3,2,4,12,168,0.5
180116,1,87,3.0,87.0,1,1,3,3,729,1.0
180119,2,254,4.5,127.0,1,3,5,9,369,1.0
180122,5,370,3.4,74.0,1,3,7,17,147,1.0
180123,1,202,8.0,202.0,1,2,3,8,729,1.0
180132,1,152,6.0,152.0,1,3,3,6,728,1.0
180133,2,243,5.0,121.5,1,2,4,10,578,1.0
180141,1,139,5.0,139.0,1,3,3,5,728,1.0
180142,5,340,2.6,68.0,1,2,7,13,284,1.0
180148,1,106,6.0,106.0,1,2,4,6,727,1.0
180153,11,917,3.272727272727273,83.36363636363636,3,4,12,36,21,0.8181818181818182
180158,7,1159,5.0,165.57142857142858,1,4,9,35,83,1.0
180159,6,561,3.1666666666666665,93.5,2,4,10,19,41,0.8333333333333334
180169,7,670,4.714285714285714,95.71428571428571,1,2,8,33,146,1.0
180177,1,192,9.0,192.0,1,2,3,9,728,1.0
180184,1,129,5.0,129.0,1,2,4,5,728,1.0
180195,1,107,5.0,107.0,1,2,2,5,728,1.0
180196,2,154,2.5,77.0,2,3,5,5,724,0.5
180197,4,464,3.75,116.0,1,3,8,15,177,1.0
180198,4,317,3.25,79.25,1,3,7,13,7,1.0
180208,1,158,6.0,158.0,1,2,2,6,728,1.0
180215,1,151,7.0,151.0,1,3,4,7,728,1.0
180227,1,140,4.0,140.0,1,2,4,4,726,1.0
180233,6,367,2.3333333333333335,61.166666666666664,5,2,4,14,185,0.16666666666666666
180235,5,913,6.6,182.6,1,4,11,33,76,1.0
180240,3,465,5.666666666666667,155.0,1,3,8,17,306,1.0
180246,5,454,4.2,90.8,2,3,7,21,366,0.8
180249,1,207,7.0,207.0,1,1,3,7,726,1.0
180250,7,900,4.714285714285714,128.57142857142858,1,4,10,33,338,1.0
180267,1,123,7.0,123.0,1,2,4,7,725,1.0
180268,3,354,3.6666666666666665,118.0,3,2,6,11,158,0.3333333333333333
180271,6,1077,5.833333333333333,179.5,1,4,11,35,44,1.0
180274,5,514,2.8,102.8,1,4,11,14,137,1.0
180287,2,154,3.5,77.0,1,3,4,7,410,1.0
180293,9,3546,11.666666666666666,394.0,3,4,12,105,154,0.2222222222222222
180299,2,293,5.5,146.5,2,2,5,11,623,0.5
180310,12,1784,5.75,148.66666666666666,3,3,12,69,35,0.75
180316,1,171,7.0,171.0,1,2,5,7,725,1.0
180322,1,146,6.0,146.0,1,2,4,6,725,1.0
180324,3,190,3.3333333333333335,63.333333333333336,3,2,4,10,469,0.3333333333333333
180328,2,174,2.5,87.0,2,2,4,5,351,0.5
180332,1,196,8.0,196.0,1,2,4,8,725,1.0
180336,4,245,2.25,61.25,2,2,5,9,457,0.5
180344,4,577,5.0,144.25,1,3,6,20,430,1.0
180345,2,363,7.0,181.5,2,2,6,14,35,0.5
180351,7,530,3.0,75.71428571428571,1,3,7,21,73,1.0
180355,4,453,3.25,113.25,1,3,9,13,323,1.0
180357,5,360,2.6,72.0,3,2,4,13,313,0.6
180368,1,25,1.0,25.0,1,1,1,1,654,0.0
180375,1,60,2.0,60.0,1,1,2,2,724,1.0
180381,2,440,7.5,220.0,1,3,6,15,77,1.0
180390,2,167,3.0,83.5,2,1,4,6,83,0.0
180396,1,163,7.0,163.0,1,2,4,7,724,1.0
180402,1,268,8.0,268.0,1,1,6,8,724,1.0
180413,3,226,3.0,75.33333333333333,2,3,6,9,594,0.6666666666666666
180421,3,306,3.3333333333333335,102.0,2,2,6,10,172,0.6666666666666666
180432,3,239,4.333333333333333,79.66666666666667,1,2,5,13,679,1.0
180440,7,976,5.714285714285714,139.42857142857142,1,4,11,40,186,1.0
180442,2,161,3.5,80.5,1,2,4,7,555,1.0
180444,1,90,4.0,90.0,1,2,2,4,724,1.0
180446,2,166,3.0,83.0,1,2,3,6,696,1.0
180462,2,158,2.0,79.0,1,2,4,4,336,1.0
180463,1,95,5.0,95.0,1,2,4,5,723,1.0
180468,14,849,2.4285714285714284,60.642857142857146,5,3,11,34,29,0.7142857142857143
180471,3,417,5.0,139.0,1,3,7,15,497,1.0
180477,8,1474,6.0,184.25,2,4,10,48,55,0.125
180485,1,118,6.0,118.0,1,2,4,6,723,1.0
180489,1,99,5.0,99.0,1,2,4,5,723,1.0
180492,3,322,4.333333333333333,107.33333333333333,2,4,8,13,206,0.3333333333333333
180497,1,101,5.0,101.0,1,2,2,5,723,1.0
180502,5,447,4.4,89.4,1,2,5,22,52,1.0
180510,2,665,9.5,332.5,1,3,9,19,651,1.0
180512,7,470,3.4285714285714284,67.14285714285714,4,3,8,24,207,0.2857142857142857
180513,1,252,6.0,252.0,1,2,5,6,723,1.0
180525,4,236,3.0,59.0,1,2,5,12,575,1.0
180526,1,119,5.0,119.0,1,2,3,5,723,1.0
180530,9,2381,9.555555555555555,264.55555555555554,1,4,12,86,30,1.0
180536,15,1290,2.933333333333333,86.0,5,4,12,44,3,0.26666666666666666
180545,2,232,5.5,116.0,1,2,6,11,358,1.0
180550,2,147,3.0,73.5,1,2,2,6,616,1.0
180554,3,184,3.3333333333333335,61.333333333333336,1,3,8,10,469,1.0
180567,4,638,6.25,159.5,1,2,8,25,226,1.0
180569,6,732,4.0,122.0,1,3,7,24,88,1.0
180581,1,220,9.0,220.0,1,2,5,9,721,1.0
180598,7,506,2.7142857142857144,72.28571428571429,4,2,7,19,37,0.2857142857142857
180601,12,1135,4.0,94.58333333333333,2,4,11,48,106,0.8333333333333334
180616,6,430,3.6666666666666665,71.66666666666667,2,3,6,22,104,0.5
180620,9,912,3.888888888888889,101.33333333333333,1,3,11,35,564,1.0
180624,4,203,2.0,50.75,2,3,6,8,231,0.75
180631,5,481,3.8,96.2,1,4,8,19,422,1.0
180638,6,427,2.5,71.16666666666667,1,3,8,15,97,1.0
180647,1,259,8.0,259.0,1,2,5,8,721,1.0
180648,6,551,3.8333333333333335,91.83333333333333,1,3,7,23,364,1.0
180654,8,786,4.125,98.25,3,2,8,33,60,0.75
180657,2,157,3.5,78.5,1,2,4,7,595,1.0
180669,1,143,4.0,143.0,1,1,2,4,722,1.0
180679,4,407,3.0,101.75,1,3,6,12,193,1.0
180709,1,150,6.0,150.0,1,2,4,6,722,1.0
180715,3,468,4.0,156.0,1,3,6,12,7,1.0
180717,9,603,2.3333333333333335,67.0,1,3,8,21,227,1.0
180719,7,460,2.5714285714285716,65.71428571428571,2,4,9,18,437,0.8571428571428571
180722,4,281,2.25,70.25,1,3,6,9,365,1.0
180725,8,758,3.25,94.75,3,3,6,26,65,0.125
180739,8,774,3.75,96.75,2,4,9,30,38,0.375
180749,8,816,3.75,102.0,2,4,11,30,105,0.125
180756,1,124,6.0,124.0,1,2,4,6,721,1.0
180772,4,596,5.5,149.0,1,3,8,22,248,1.0
180776,25,1890,3.04,75.6,2,4,11,76,1,0.96
180781,3,347,4.666666666666667,115.66666666666667,2,4,7,14,233,0.6666666666666666
180786,6,719,4.666666666666667,119.83333333333333,1,4,9,28,160,1.0
180787,11,1222,4.2727272727272725,111.0909090909091,2,4,12,47,157,0.9090909090909091
180789,6,438,3.1666666666666665,73.0,1,2,4,19,199,1.0
180798,1,93,6.0,93.0,1,1,1,6,721,1.0
180804,9,1388,5.888888888888889,154.22222222222223,1,4,10,53,80,1.0
180812,2,193,4.5,96.5,1,2,5,9,672,1.0
180818,1,120,8.0,120.0,1,2,3,8,722,1.0
180819,5,436,3.8,87.2,1,3,6,19,205,1.0
180830,1,159,7.0,159.0,1,3,5,7,721,1.0
180832,1,204,8.0,204.0,1,2,4,8,721,1.0
180837,2,191,4.5,95.5,1,3,6,9,497,1.0
180842,1,117,3.0,117.0,1,2,3,3,721,1.0
180849,1,217,7.0,217.0,1,3,4,7,721,1.0
180850,2,201,4.0,100.5,1,2,5,8,700,1.0
180852,1,155,6.0,155.0,1,3,4,6,721,1.0
180854,3,300,4.0,100.0,1,2,5,12,434,1.0
180856,2,243,5.0,121.5,1,3,4,10,687,1.0
180857,1,403,11.0,403.0,1,3,6,11,719,1.0
180860,1,166,7.0,166.0,1,2,3,7,719,1.0
180878,7,600,2.857142857142857,85.71428571428571,2,2,8,20,42,0.8571428571428571
180884,2,205,2.5,102.5,1,2,5,5,707,1.0
180888,1,200,7.0,200.0,1,3,5,7,719,1.0
180895,5,316,2.4,63.2,4,3,6,12,109,0.2
180897,4,770,6.5,192.5,2,3,10,26,191,0.5
180905,11,1383,4.545454545454546,125.72727272727273,1,4,12,50,84,1.0
180906,1,134,5.0,134.0,1,2,4,5,719,1.0
180910,5,994,6.0,198.8,1,3,8,30,336,1.0
180918,4,447,5.75,111.75,2,2,8,23,208,0.75
180925,10,1611,5.0,161.1,4,4,12,50,37,0.6
180926,7,890,4.857142857142857,127.14285714285714,2,4,9,34,234,0.0
180927,5,564,4.2,112.8,3,4,8,21,203,0.2
180930,1,199,8.0,199.0,1,2,6,8,718,1.0
180944,1,126,6.0,126.0,1,2,4,6,718,1.0
180948,1,146,4.0,146.0,1,1,3,4,718,1.0
180950,1,122,4.0,122.0,1,2,3,4,718,1.0
180954,1,209,8.0,209.0,1,3,5,8,718,1.0
180961,1,120,5.0,120.0,1,2,3,5,591,1.0
180962,3,333,2.6666666666666665,111.0,1,1,1,8,167,1.0
180966,3,503,5.0,167.66666666666666,1,3,7,15,31,1.0
180967,4,323,2.25,80.75,1,2,5,9,121,1.0
180970,4,407,3.5,101.75,2,3,9,14,217,0.75
180971,1,138,6.0,138.0,1,2,2,6,718,1.0
180985,2,243,3.5,121.5,1,2,6,7,687,1.0
180992,2,511,8.5,255.5,1,3,6,17,700,1.0
180993,17,1446,3.1176470588235294,85.05882352941177,2,4,12,53,27,0.7647058823529411
180994,7,441,2.4285714285714284,63.0,3,2,6,17,72,0.5714285714285714
180997,4,389,3.75,97.25,1,3,7,15,394,1.0
181002,5,330,2.8,66.0,3,2,7,14,137,0.6
181004,1,190,6.0,190.0,1,2,3,6,717,1.0
181007,8,735,4.0,91.875,3,3,11,32,62,0.5
181019,2,184,3.0,92.0,2,1,5,6,213,0.5
181029,4,501,4.75,125.25,3,3,6,19,275,0.25
181037,1,98,4.0,98.0,1,2,2,4,717,1.0
181043,2,213,3.5,106.5,1,2,6,7,269,1.0
181047,3,553,4.666666666666667,184.33333333333334,1,3,7,14,652,1.0
181048,1,120,4.0,120.0,1,2,2,4,717,1.0
181051,3,232,3.3333333333333335,77.33333333333333,1,2,6,10,564,1.0
181055,3,225,4.333333333333333,75.0,2,3,6,13,648,0.6666666666666666
181069,1,136,6.0,136.0,1,2,5,6,717,1.0
181070,3,355,5.0,118.33333333333333,1,2,4,15,316,1.0
181074,1,168,7.0,168.0,1,2,4,7,717,1.0
181078,4,253,2.5,63.25,1,2,7,10,318,1.0
181079,3,242,3.6666666666666665,80.66666666666667,2,2,4,11,448,0.3333333333333333
181107,1,185,7.0,185.0,1,2,3,7,717,1.0
181110,6,678,4.666666666666667,113.0,3,3,10,28,72,0.5
181111,8,650,3.25,81.25,3,3,9,26,135,0.5
181114,1,105,5.0,105.0,1,2,4,5,717,1.0
181121,2,288,4.5,144.0,2,2,6,9,132,0.5
181122,5,460,3.2,92.0,1,3,7,16,297,1.0
181125,2,146,3.0,73.0,1,3,4,6,358,1.0
181158,6,641,3.0,106.83333333333333,1,3,8,18,27,1.0
181161,7,476,2.0,68.0,3,3,8,14,83,0.42857142857142855
181162,8,363,2.375,45.375,4,4,10,19,81,0.125
181165,6,805,5.166666666666667,134.16666666666666,1,3,9,31,91,1.0
181177,2,143,1.5,71.5,1,1,1,3,715,1.0
181181,1,103,5.0,103.0,1,2,2,5,716,1.0
181182,1,126,3.0,126.0,1,1,2,3,716,1.0
181193,7,543,2.857142857142857,77.57142857142857,3,2,6,20,287,0.7142857142857143
181196,6,551,3.5,91.83333333333333,3,4,8,21,71,0.5
181197,4,384,4.0,96.0,1,2,7,16,167,1.0
181198,2,322,5.0,161.0,1,2,4,10,146,1.0
181199,1,192,9.0,192.0,1,2,3,9,716,1.0
181202,4,371,4.0,92.75,2,2,6,16,362,0.75
181207,1,155,5.0,155.0,1,1,5,5,716,1.0
181218,5,337,2.4,67.4,3,3,8,12,234,0.4
181222,1,103,3.0,103.0,1,1,3,3,716,1.0
181241,2,149,2.0,74.5,2,1,4,4,63,0.5
181243,3,214,2.0,71.33333333333333,2,1,3,6,259,0.3333333333333333
181256,1,199,6.0,199.0,1,2,5,6,714,1.0
181269,1,198,6.0,198.0,1,1,3,6,714,1.0
181278,5,383,2.6,76.6,1,2,5,13,104,1.0
181280,14,1897,4.928571428571429,135.5,1,3,10,69,32,1.0
181289,5,293,2.2,58.6,1,3,4,11,92,1.0
181297,2,231,4.0,115.5,1,3,6,8,49,1.0
181298,1,95,5.0,95.0,1,2,3,5,715,1.0
181299,1,70,4.0,70.0,1,2,3,4,715,1.0
181303,1,235,6.0,235.0,1,2,3,6,714,1.0
181304,1,103,3.0,103.0,1,2,2,3,714,1.0
181306,3,269,4.0,89.66666666666667,2,2,5,12,345,0.6666666666666666
181310,3,268,3.3333333333333335,89.33333333333333,3,2,7,10,90,0.3333333333333333
181315,2,159,3.0,79.5,1,3,4,6,23,1.0
181322,1,134,4.0,134.0,1,1,3,4,715,1.0
181326,2,231,3.5,115.5,1,2,4,7,546,1.0
181332,2,198,4.0,99.0,2,4,6,8,513,0.5
181335,4,508,5.75,127.0,2,2,7,23,49,0.75
181336,7,673,2.857142857142857,96.14285714285714,4,2,8,20,125,0.42857142857142855
181337,9,962,4.111111111111111,106.88888888888889,2,3,9,37,62,0.5555555555555556
181339,2,420,7.0,210.0,1,3,7,14,86,1.0
181343,8,614,3.125,76.75,1,4,11,25,97,1.0
181356,1,299,11.0,299.0,1,2,4,11,715,1.0
181375,3,398,5.0,132.66666666666666,1,2,5,15,483,1.0
181379,13,1423,4.384615384615385,109.46153846153847,3,3,9,57,45,0.15384615384615385
181382,3,209,2.6666666666666665,69.66666666666667,1,3,5,8,78,1.0
181384,2,159,3.5,79.5,2,1,3,7,714,0.5
181395,1,133,6.0,133.0,1,2,5,6,714,1.0
181396,6,540,3.6666666666666665,90.0,2,3,8,22,107,0.8333333333333334
181416,1,136,6.0,136.0,1,2,2,6,715,1.0
181431,9,476,2.111111111111111,52.888888888888886,3,4,11,19,164,0.7777777777777778
181437,12,1194,3.5,99.5,2,4,12,42,6,0.75
181442,1,97,5.0,97.0,1,2,2,5,714,1.0
181443,3,252,2.6666666666666665,84.0,1,3,7,8,462,1.0
181446,3,426,4.666666666666667,142.0,1,2,7,14,160,1.0
181455,2,131,3.5,65.5,2,3,6,7,49,0.5
181460,1,122,5.0,122.0,1,2,4,5,715,1.0
181466,1,123,3.0,123.0,1,1,1,3,714,1.0
181478,1,141,4.0,141.0,1,2,3,4,520,1.0
181479,13,400,1.6153846153846154,30.76923076923077,2,4,12,21,38,0.9230769230769231
181482,6,438,3.1666666666666665,73.0,1,2,6,18,59,1.0
181485,8,751,3.5,93.875,4,3,9,28,52,0.125
181499,3,260,4.0,86.66666666666667,1,3,5,12,641,1.0
181508,4,458,5.0,114.5,1,3,8,20,427,1.0
181516,2,204,4.0,102.0,1,2,3,8,675,1.0
181517,8,619,3.25,77.375,1,3,8,26,62,1.0
181528,10,414,2.5,41.4,3,4,9,25,38,0.7
181535,1,139,4.0,139.0,1,1,3,4,715,1.0
181546,1,178,6.0,178.0,1,3,5,6,714,1.0
181552,12,723,2.5,60.25,3,2,6,30,56,0.75
181553,10,1265,4.4,126.5,3,4,10,44,95,0.5
181568,6,388,2.6666666666666665,64.66666666666667,2,2,7,16,105,0.3333333333333333
181587,1,112,5.0,112.0,1,2,4,5,712,1.0
181590,1,323,11.0,323.0,1,2,5,11,712,1.0
181602,1,226,10.0,226.0,1,2,5,10,712,1.0
181623,1,104,4.0,104.0,1,2,3,4,712,1.0
181625,4,336,3.5,84.0,1,3,7,14,359,1.0
181644,1,148,4.0,148.0,1,1,1,4,607,0.0
181645,1,43,2.0,43.0,1,1,2,2,565,1.0
181651,3,358,3.3333333333333335,119.33333333333333,1,3,7,10,87,1.0
181667,1,91,6.0,91.0,1,2,4,6,711,1.0
181690,2,231,4.0,115.5,1,3,6,8,689,1.0
181695,5,846,4.4,169.2,2,3,8,22,52,0.2
181704,2,189,4.0,94.5,1,2,4,8,211,1.0
181716,1,105,4.0,105.0,1,1,4,4,711,1.0
181718,7,878,3.7142857142857144,125.42857142857143,3,4,11,26,30,0.5714285714285714
181719,1,99,3.0,99.0,1,1,3,3,711,1.0
181726,3,413,5.333333333333333,137.66666666666666,1,3,8,16,416,1.0
181727,3,308,3.6666666666666665,102.66666666666667,1,3,6,11,628,1.0
181733,1,138,5.0,138.0,1,2,4,5,711,1.0
181744,9,816,3.4444444444444446,90.66666666666667,1,4,13,31,22,1.0
181751,1,382,13.0,382.0,1,2,5,13,711,1.0
181757,1,180,5.0,180.0,1,2,3,5,711,1.0
181762,21,1014,2.0,48.285714285714285,6,4,10,42,39,0.38095238095238093
181781,1,134,6.0,134.0,1,2,3,6,710,1.0
181796,4,862,7.5,215.5,3,4,10,30,108,0.5
181803,3,238,3.0,79.33333333333333,1,2,4,9,155,1.0
181810,3,443,5.666666666666667,147.66666666666666,1,3,9,17,486,1.0
181819,4,684,4.5,171.0,2,4,11,18,125,0.25
181826,1,213,7.0,213.0,1,2,5,7,710,1.0
181835,1,193,5.0,193.0,1,2,5,5,710,1.0
181838,3,225,2.6666666666666665,75.0,1,3,5,8,260,1.0
181844,2,158,2.5,79.0,1,3,4,5,690,1.0
181847,2,278,4.5,139.0,1,2,4,9,563,1.0
181851,2,148,3.0,74.0,1,2,2,6,556,1.0
181854,2,331,5.0,165.5,1,2,4,10,324,1.0
181855,6,524,3.3333333333333335,87.33333333333333,3,3,9,20,241,0.3333333333333333
181862,2,219,4.0,109.5,1,2,4,8,323,1.0
181864,2,169,3.5,84.5,1,3,4,7,490,1.0
181871,1,154,4.0,154.0,1,1,3,4,709,1.0
181876,1,93,5.0,93.0,1,2,4,5,709,1.0
181878,5,754,5.2,150.8,1,4,10,26,52,1.0
181906,1,299,10.0,299.0,1,2,3,10,709,1.0
181922,1,95,5.0,95.0,1,2,3,5,709,1.0
181937,3,298,4.0,99.33333333333333,2,3,6,12,14,0.6666666666666666
181956,1,159,7.0,159.0,1,2,6,7,708,1.0
181959,3,268,4.0,89.33333333333333,2,4,6,12,31,0.6666666666666666
181961,5,379,2.6,75.8,3,2,5,13,65,0.6
181963,2,273,6.5,136.5,2,2,6,13,687,0.5
181973,10,708,2.8,70.8,4,4,10,28,213,0.7
181996,3,805,8.0,268.3333333333333,1,3,8,24,38,1.0
181997,1,115,5.0,115.0,1,2,3,5,708,1.0
182007,1,99,6.0,99.0,1,2,4,6,708,1.0
182018,3,483,6.333333333333333,161.0,1,3,7,19,483,1.0
182029,1,164,6.0,164.0,1,3,3,6,707,1.0
182035,7,872,4.714285714285714,124.57142857142857,2,3,9,33,280,0.7142857142857143
182040,5,805,4.6,161.0,1,4,6,23,70,1.0
182076,3,457,4.0,152.33333333333334,2,3,7,12,140,0.6666666666666666
182087,2,174,4.0,87.0,2,2,5,8,656,0.5
182094,2,448,7.5,224.0,2,3,8,15,294,0.5
182097,2,166,4.0,83.0,1,2,3,8,428,1.0
182113,1,135,6.0,135.0,1,2,4,6,707,1.0
182124,4,590,5.5,147.5,2,2,6,22,392,0.25
182129,2,178,3.5,89.0,1,2,3,7,701,1.0
182135,3,333,3.6666666666666665,111.0,1,2,6,11,525,1.0
182161,2,374,6.0,187.0,2,3,8,12,185,0.5
182178,1,93,5.0,93.0,1,2,4,5,707,1.0
182186,4,641,6.0,160.25,1,4,9,24,336,1.0
182197,1,39,3.0,39.0,1,1,1,3,708,1.0
182199,3,194,3.6666666666666665,64.66666666666667,2,2,5,11,234,0.6666666666666666
182200,5,545,4.0,109.0,1,3,11,20,578,1.0
182201,6,655,4.5,109.16666666666667,2,3,7,27,118,0.6666666666666666
182205,1,137,5.0,137.0,1,2,3,5,707,1.0
182208,1,90,3.0,90.0,1,2,3,3,707,1.0
182210,1,94,5.0,94.0,1,2,4,5,707,1.0
182222,2,612,8.0,306.0,1,3,8,16,261,1.0
182229,4,252,2.5,63.0,1,2,6,10,490,1.0
182236,1,176,6.0,176.0,1,3,4,6,707,1.0
182237,1,129,5.0,129.0,1,2,3,5,707,1.0
182246,4,508,3.75,127.0,1,4,9,15,153,1.0
182249,6,831,4.666666666666667,138.5,4,4,8,28,99,0.5
182269,1,85,6.0,85.0,1,2,4,6,707,1.0
182272,1,95,5.0,95.0,1,2,4,5,707,1.0
182274,2,118,4.0,59.0,1,2,4,8,499,1.0
182275,2,319,4.5,159.5,2,2,6,9,474,0.5
182295,2,304,5.0,152.0,1,2,5,10,672,1.0
182296,2,337,6.0,168.5,1,3,7,12,428,1.0
182300,2,280,4.0,140.0,1,3,7,8,697,1.0
182312,4,681,6.25,170.25,1,3,6,25,141,1.0
182315,1,101,5.0,101.0,1,2,3,5,705,1.0
182332,7,2310,11.0,330.0,4,4,12,77,48,0.5714285714285714
182337,3,415,4.666666666666667,138.33333333333334,1,2,4,14,123,1.0
182341,2,243,4.0,121.5,1,2,3,8,681,1.0
182346,5,810,6.6,162.0,1,4,9,33,137,1.0
182356,6,260,2.0,43.333333333333336,2,2,6,12,539,0.8333333333333334
182363,11,832,2.8181818181818183,75.63636363636364,3,4,10,31,39,0.6363636363636364
182370,6,639,4.833333333333333,106.5,2,3,7,29,44,0.8333333333333334
182380,1,280,8.0,280.0,1,1,3,8,704,1.0
182382,5,604,5.2,120.8,2,3,7,26,59,0.8
182393,1,330,14.0,330.0,1,3,3,14,704,1.0
182397,1,268,10.0,268.0,1,2,3,10,704,1.0
182398,6,841,5.5,140.16666666666666,2,2,8,33,429,0.8333333333333334
182409,16,1640,3.875,102.5,3,4,14,62,28,0.75
182418,9,1481,5.888888888888889,164.55555555555554,1,4,14,53,79,1.0
182430,2,368,5.0,184.0,2,2,6,10,520,0.5
182436,3,444,6.333333333333333,148.0,1,2,3,19,126,1.0
182441,4,686,8.0,171.5,2,3,5,32,192,0.25
182445,2,282,4.5,141.0,2,2,3,9,264,0.5
182447,16,1915,4.1875,119.6875,1,4,10,67,64,1.0
182472,4,694,6.75,173.5,1,3,7,27,274,1.0
182476,1,147,4.0,147.0,1,1,3,4,703,1.0
182478,4,494,5.0,123.5,1,3,9,20,227,1.0
182480,10,912,4.6,91.2,1,3,7,46,125,1.0
182489,3,492,6.666666666666667,164.0,1,3,6,20,77,1.0
182496,2,237,3.5,118.5,2,3,5,7,449,0.5
182497,8,854,3.125,106.75,1,3,8,25,233,1.0
182499,10,801,4.1,80.1,2,2,5,41,109,0.9
182508,15,1004,2.7333333333333334,66.93333333333334,1,4,12,41,69,1.0
182518,1,154,4.0,154.0,1,2,3,4,703,1.0
182520,1,101,5.0,101.0,1,2,4,5,703,1.0
182524,2,232,3.5,116.0,2,3,5,7,283,0.5
182530,4,440,4.25,110.0,1,2,8,17,422,1.0
182531,2,426,8.0,213.0,1,2,5,16,21,1.0
182545,6,564,3.0,94.0,1,3,11,18,227,1.0
182553,2,194,4.0,97.0,2,2,4,8,234,0.5
182554,1,105,6.0,105.0,1,2,4,6,703,1.0
182568,6,487,3.5,81.16666666666667,2,2,5,21,66,0.5
182570,2,245,3.0,122.5,2,2,5,6,424,0.5
182594,3,300,2.3333333333333335,100.0,1,2,5,7,532,1.0
182600,1,94,2.0,94.0,1,2,2,2,702,1.0
182603,1,146,5.0,146.0,1,1,3,5,702,1.0
182605,4,374,2.25,93.5,1,3,6,9,453,1.0
182610,3,313,3.6666666666666665,104.33333333333333,1,3,5,11,596,1.0
182617,13,789,2.769230769230769,60.69230769230769,2,4,11,36,118,0.5384615384615384
182637,15,2241,4.533333333333333,149.4,3,4,13,68,30,0.8666666666666667
182640,2,263,3.0,131.5,1,2,5,6,432,1.0
182642,17,957,2.0588235294117645,56.294117647058826,4,4,11,35,31,0.4117647058823529
182646,2,300,6.0,150.0,1,3,6,12,654,1.0
182661,1,152,4.0,152.0,1,2,4,4,702,1.0
182663,2,281,5.0,140.5,2,2,4,10,665,0.5
182665,17,1846,3.8823529411764706,108.58823529411765,1,4,13,66,38,1.0
182686,1,256,7.0,256.0,1,2,6,7,702,1.0
182712,3,193,3.0,64.33333333333333,1,2,5,9,183,1.0
182714,5,388,3.2,77.6,1,4,8,16,520,1.0
182718,8,777,4.375,97.125,1,4,11,35,45,1.0
182725,3,368,4.333333333333333,122.66666666666667,2,2,8,13,257,0.6666666666666666
182727,1,315,15.0,315.0,1,2,8,15,700,1.0
182732,4,688,5.25,172.0,2,2,4,21,423,0.75
182751,3,285,3.3333333333333335,95.0,2,2,5,10,62,0.6666666666666666
182770,2,204,3.0,102.0,2,3,6,6,505,0.5
182780,2,378,5.5,189.0,2,2,6,11,119,0.5
182789,2,234,4.5,117.0,2,2,3,9,189,0.5
182791,1,152,7.0,152.0,1,2,5,7,700,1.0
182797,2,170,3.0,85.0,2,3,5,6,634,0.5
182800,2,318,5.0,159.0,2,3,6,10,187,0.5
182808,2,212,4.5,106.0,1,2,3,9,585,1.0
182809,7,546,2.857142857142857,78.0,1,3,7,20,148,1.0
182810,1,92,4.0,92.0,1,2,4,4,701,1.0
182813,2,170,4.0,85.0,1,2,3,8,700,1.0
182830,1,109,3.0,109.0,1,2,2,3,693,1.0
182835,3,338,4.666666666666667,112.66666666666667,3,3,6,14,224,0.3333333333333333
182837,1,93,5.0,93.0,1,2,3,5,700,1.0
182848,2,164,3.0,82.0,1,2,5,6,469,1.0
182855,2,167,3.5,83.5,2,3,5,7,649,0.5
182861,1,103,3.0,103.0,1,1,2,3,700,1.0
182874,4,386,5.75,96.5,1,3,7,23,480,1.0
182876,3,252,2.3333333333333335,84.0,2,3,5,7,81,0.6666666666666666
182878,2,121,3.0,60.5,1,2,4,6,329,1.0
182888,1,133,5.0,133.0,1,2,3,5,700,1.0
182903,2,487,9.0,243.5,1,3,7,18,625,1.0
182905,6,592,4.5,98.66666666666667,1,2,7,27,151,1.0
182906,7,751,4.285714285714286,107.28571428571429,3,4,11,30,147,0.14285714285714285
182907,2,197,3.5,98.5,1,2,5,7,651,1.0
182913,11,1387,4.909090909090909,126.0909090909091,4,4,10,54,104,0.09090909090909091
182929,1,152,4.0,152.0,1,2,3,4,701,1.0
182930,2,184,3.5,92.0,2,3,6,7,410,0.5
182940,1,108,4.0,108.0,1,2,2,4,701,1.0
182942,1,101,5.0,101.0,1,2,4,5,701,1.0
182948,2,258,5.5,129.0,2,2,4,11,200,0.5
182952,5,377,2.2,75.4,2,3,6,11,18,0.4
182954,1,126,5.0,126.0,1,2,4,5,700,1.0
182957,1,143,7.0,143.0,1,2,4,7,700,1.0
182959,4,472,5.75,118.0,1,3,7,23,299,1.0
182962,2,168,3.5,84.0,2,2,5,7,700,0.5
182963,4,464,4.5,116.0,1,3,9,18,343,1.0
182967,3,250,3.0,83.33333333333333,1,3,7,9,196,1.0
182971,2,177,4.5,88.5,1,2,6,9,196,1.0
182980,2,150,3.5,75.0,1,2,5,7,257,1.0
183001,1,136,4.0,136.0,1,2,4,4,701,1.0
183002,5,708,5.4,141.6,2,4,8,27,14,0.8
183008,2,148,3.0,74.0,2,2,3,6,214,0.5
183017,4,508,5.25,127.0,1,2,6,21,323,1.0
183020,2,110,2.0,55.0,1,2,4,4,357,1.0
183028,5,376,3.6,75.2,1,3,6,18,48,1.0
183031,2,205,4.0,102.5,2,2,5,8,301,0.5
183033,14,855,2.2857142857142856,61.07142857142857,5,4,11,32,90,0.5
183034,3,285,4.666666666666667,95.0,3,4,7,14,228,0.3333333333333333
183036,2,226,5.0,113.0,2,3,6,10,169,0.0
183055,1,136,6.0,136.0,1,2,3,6,698,1.0
183056,2,440,9.0,220.0,2,2,4,18,406,0.5
183062,2,181,2.5,90.5,2,2,5,5,41,0.5
183068,2,176,3.5,88.0,1,2,4,7,421,1.0
183069,3,296,5.666666666666667,98.66666666666667,1,3,7,17,277,1.0
183072,1,197,7.0,197.0,1,2,4,7,698,1.0
183079,2,395,7.5,197.5,1,2,5,15,572,1.0
183085,4,373,2.5,93.25,2,3,5,10,297,0.5
183092,7,568,2.4285714285714284,81.14285714285714,2,1,5,17,274,0.5714285714285714
183095,5,459,3.4,91.8,2,2,6,17,231,0.6
183103,6,615,4.5,102.5,1,3,8,27,44,1.0
183107,14,1165,3.357142857142857,83.21428571428571,3,4,10,47,21,0.8571428571428571
183114,5,179,2.2,35.8,1,2,4,11,313,1.0
183119,3,300,3.3333333333333335,100.0,2,2,5,10,613,0.6666666666666666
183125,5,400,3.0,80.0,1,1,6,15,379,1.0
183133,1,65,7.0,65.0,1,3,3,7,697,1.0
183141,1,142,4.0,142.0,1,1,3,4,697,1.0
183143,7,1170,6.142857142857143,167.14285714285714,7,4,11,43,79,0.14285714285714285
183156,14,1105,3.7857142857142856,78.92857142857143,1,4,12,53,70,1.0
183183,9,584,1.7777777777777777,64.88888888888889,1,3,7,16,220,1.0
183189,2,282,5.0,141.0,2,2,7,10,427,0.5
183194,1,233,9.0,233.0,1,2,5,9,697,1.0
183196,1,164,4.0,164.0,1,1,3,4,697,1.0
183201,11,808,3.3636363636363638,73.45454545454545,1,4,12,37,80,1.0
183209,3,304,4.0,101.33333333333333,1,2,6,12,213,1.0
183211,8,579,2.875,72.375,1,4,9,23,90,1.0
183216,1,134,4.0,134.0,1,2,4,4,697,1.0
183223,8,603,2.875,75.375,3,4,11,23,280,0.75
183235,2,220,4.0,110.0,1,3,6,8,388,1.0
183236,5,213,2.6,42.6,2,2,3,13,104,0.8
183239,4,330,2.75,82.5,1,3,5,11,55,1.0
183259,5,472,3.2,94.4,1,2,5,16,305,1.0
183285,9,649,3.2222222222222223,72.11111111111111,2,3,11,29,206,0.8888888888888888
183300,5,294,2.2,58.8,1,4,6,11,186,1.0
183303,2,213,3.0,106.5,1,3,6,6,232,1.0
183311,1,158,4.0,158.0,1,1,3,4,696,1.0
183323,5,401,3.4,80.2,1,4,9,17,111,1.0
183332,1,68,4.0,68.0,1,2,3,4,695,1.0
183333,6,649,4.166666666666667,108.16666666666667,1,3,9,25,128,1.0
183349,4,508,4.0,127.0,1,2,6,16,142,1.0
183351,1,178,8.0,178.0,1,2,3,8,695,1.0
183355,4,697,4.75,174.25,1,4,10,19,148,1.0
183362,1,161,7.0,161.0,1,3,4,7,695,1.0
183363,8,574,2.875,71.75,1,3,8,23,14,1.0
183373,5,246,2.6,49.2,3,3,4,13,225,0.6
183377,3,429,4.666666666666667,143.0,2,2,7,14,27,0.6666666666666666
183388,1,103,5.0,103.0,1,1,1,5,695,1.0
183414,5,518,2.8,103.6,1,1,6,14,210,1.0
183417,6,515,3.0,85.83333333333333,2,2,7,18,427,0.16666666666666666
183419,1,191,8.0,191.0,1,2,3,8,693,1.0
183423,6,584,3.8333333333333335,97.33333333333333,2,3,9,23,21,0.6666666666666666
183442,6,551,5.0,91.83333333333333,2,3,7,30,92,0.5
183448,2,298,6.0,149.0,1,3,6,12,428,1.0
183449,2,115,3.0,57.5,2,2,4,6,233,0.0
183462,1,129,4.0,129.0,1,1,2,4,694,1.0
183475,9,672,2.3333333333333335,74.66666666666667,2,3,8,21,28,0.8888888888888888
183477,1,117,6.0,117.0,1,2,4,6,693,1.0
183497,4,322,3.0,80.5,2,3,7,12,290,0.5
183500,4,510,3.75,127.5,1,3,6,15,266,1.0
183501,10,1153,4.2,115.3,7,4,14,42,27,0.3
183503,1,135,6.0,135.0,1,2,4,6,693,1.0
183505,1,96,5.0,96.0,1,2,4,5,693,1.0
183516,1,94,4.0,94.0,1,2,3,4,694,1.0
183532,1,221,8.0,221.0,1,2,6,8,693,1.0
183535,1,408,14.0,408.0,1,2,3,14,693,1.0
183540,1,144,5.0,144.0,1,2,5,5,693,1.0
183544,3,436,4.0,145.33333333333334,2,2,5,12,146,0.6666666666666666
183551,16,1718,4.1875,107.375,2,2,5,67,44,0.5
183555,5,663,4.0,132.6,2,3,9,20,153,0.6
183558,16,1485,3.5625,92.8125,3,4,12,57,18,0.0625
183565,3,404,6.333333333333333,134.66666666666666,2,2,4,19,360,0.6666666666666666
183580,7,493,3.7142857142857144,70.42857142857143,1,3,7,26,31,1.0
183602,8,629,2.375,78.625,6,3,9,19,1,0.125
183608,2,173,4.5,86.5,1,2,5,9,365,1.0
183612,1,157,4.0,157.0,1,1,2,4,694,1.0
183622,6,477,2.8333333333333335,79.5,1,4,11,17,0,1.0
183625,5,460,3.0,92.0,2,3,8,15,205,0.8
183632,1,228,7.0,228.0,1,2,5,7,693,1.0
183647,16,1472,4.0,92.0,3,4,12,64,62,0.625
183648,3,254,3.0,84.66666666666667,3,3,5,9,111,0.3333333333333333
183650,3,360,5.333333333333333,120.0,2,3,8,16,51,0.3333333333333333
183663,2,475,6.0,237.5,1,4,7,12,127,1.0
183665,1,98,5.0,98.0,1,2,4,5,693,1.0
183668,2,226,5.0,113.0,1,2,6,10,50,1.0
183681,9,1114,4.444444444444445,123.77777777777777,1,2,9,40,170,1.0
183685,1,97,5.0,97.0,1,2,3,5,693,1.0
183701,5,1204,7.2,240.8,1,4,12,36,230,1.0
183702,13,888,2.769230769230769,68.3076923076923,3,3,8,36,62,0.38461538461538464
183703,4,414,4.5,103.5,1,3,6,18,160,1.0
183704,1,189,8.0,189.0,1,2,5,8,693,1.0
183712,5,528,4.2,105.6,3,2,5,21,425,0.2
183719,5,437,4.4,87.4,3,3,9,22,326,0.4
183728,1,90,4.0,90.0,1,2,3,4,694,1.0
183730,9,1373,5.0,152.55555555555554,1,4,13,45,64,1.0
183734,6,697,4.166666666666667,116.16666666666667,1,4,11,25,170,1.0
183735,4,309,4.75,77.25,1,3,6,19,118,1.0
183736,4,317,2.5,79.25,1,4,7,10,254,1.0
183739,4,397,3.5,99.25,1,3,8,14,133,1.0
183743,2,198,4.5,99.0,2,2,4,9,619,0.5
183750,1,87,2.0,87.0,1,1,2,2,693,1.0
183752,1,113,5.0,113.0,1,2,4,5,693,1.0
183755,1,89,3.0,89.0,1,1,2,3,694,1.0
183757,13,589,2.4615384615384617,45.30769230769231,1,4,12,32,39,1.0
183761,1,242,10.0,242.0,1,3,7,10,694,1.0
183763,1,202,7.0,202.0,1,2,4,7,694,1.0
183765,1,218,6.0,218.0,1,1,3,6,693,1.0
183774,1,113,5.0,113.0,1,2,3,5,693,1.0
183780,2,215,5.0,107.5,1,2,5,10,561,1.0
183783,2,303,5.5,151.5,1,3,6,11,679,1.0
183787,3,259,3.0,86.33333333333333,2,3,6,9,315,0.3333333333333333
183792,4,432,3.75,108.0,2,2,6,15,442,0.75
183805,2,117,1.5,58.5,1,1,2,3,693,1.0
183828,1,138,4.0,138.0,1,3,3,4,691,1.0
183836,1,107,5.0,107.0,1,2,4,5,691,1.0
183838,1,127,5.0,127.0,1,2,4,5,691,1.0
183847,2,252,6.5,126.0,1,2,8,13,411,1.0
183865,1,95,5.0,95.0,1,2,3,5,690,1.0
183873,4,367,4.5,91.75,2,2,7,18,61,0.75
183877,1,140,2.0,140.0,1,1,1,2,690,1.0
183878,1,93,4.0,93.0,1,2,4,4,690,1.0
183891,1,60,4.0,60.0,1,2,3,4,690,1.0
183896,2,202,3.5,101.0,1,2,4,7,409,1.0
183901,5,721,6.0,144.2,1,3,11,30,48,1.0
183903,3,335,4.333333333333333,111.66666666666667,1,2,5,13,448,1.0
183904,2,240,4.5,120.0,1,2,6,9,0,1.0
183907,15,593,2.1333333333333333,39.53333333333333,3,4,11,32,39,0.3333333333333333
183912,2,144,2.5,72.0,1,3,4,5,627,1.0
183914,1,150,6.0,150.0,1,3,4,6,690,1.0
183921,1,274,15.0,274.0,1,2,6,15,690,1.0
183922,1,109,5.0,109.0,1,2,4,5,690,1.0
183928,3,335,4.333333333333333,111.66666666666667,2,3,6,13,194,0.6666666666666666
183929,11,583,2.1818181818181817,53.0,2,3,9,24,268,0.9090909090909091
183939,1,109,5.0,109.0,1,2,3,5,689,1.0
183953,1,158,6.0,158.0,1,2,4,6,689,1.0
183954,1,158,7.0,158.0,1,2,4,7,689,1.0
183956,6,518,3.6666666666666665,86.33333333333333,1,3,7,22,44,1.0
183964,1,193,6.0,193.0,1,1,4,6,689,1.0
183976,6,405,2.0,67.5,2,3,6,12,41,0.5
183977,4,254,1.5,63.5,1,3,4,6,422,1.0
183981,4,431,4.5,107.75,2,2,5,18,324,0.75
183988,6,802,4.833333333333333,133.66666666666666,1,4,9,29,10,1.0
183994,5,392,3.0,78.4,3,4,10,15,344,0.6
183999,2,159,4.0,79.5,2,3,5,8,677,0.5
184002,3,646,6.666666666666667,215.33333333333334,2,2,7,20,332,0.6666666666666666
184005,3,275,3.6666666666666665,91.66666666666667,1,2,5,11,118,1.0
184007,1,66,8.0,66.0,1,2,4,8,689,1.0
184017,2,219,6.5,109.5,1,3,5,13,631,1.0
184029,1,132,4.0,132.0,1,1,2,4,689,1.0
184039,8,892,4.625,111.5,4,3,7,37,80,0.125
184043,7,1138,6.428571428571429,162.57142857142858,2,3,11,45,104,0.7142857142857143
184053,1,129,7.0,129.0,1,2,5,7,688,1.0
184056,2,239,4.0,119.5,1,3,5,8,647,1.0
184077,5,438,2.8,87.6,1,3,7,14,133,1.0
184086,3,326,4.333333333333333,108.66666666666667,2,3,6,13,118,0.6666666666666666
184092,9,678,3.2222222222222223,75.33333333333333,6,2,6,29,36,0.4444444444444444
184110,2,168,3.5,84.0,1,3,4,7,407,1.0
184112,5,407,3.4,81.4,1,2,6,17,126,1.0
184117,1,101,6.0,101.0,1,2,4,6,688,1.0
184128,6,342,2.0,57.0,1,2,7,12,175,1.0
184132,5,408,3.0,81.6,2,2,4,15,230,0.2
184137,1,157,7.0,157.0,1,2,3,7,688,1.0
184151,4,484,4.0,121.0,2,4,9,16,6,0.5
184158,3,276,3.0,92.0,2,3,6,9,280,0.6666666666666666
184160,5,696,5.8,139.2,3,2,5,29,546,0.2
184163,7,1153,5.857142857142857,164.71428571428572,2,4,11,41,93,0.7142857142857143
184167,2,300,6.0,150.0,1,2,3,12,623,1.0
184178,1,206,8.0,206.0,1,2,5,8,687,1.0
184179,1,121,3.0,121.0,1,2,3,3,687,1.0
184181,4,363,3.25,90.75,2,4,7,13,441,0.5
184182,2,126,3.5,63.0,2,2,2,7,555,0.5
184196,2,71,1.5,35.5,1,2,3,3,323,1.0
184201,1,147,8.0,147.0,1,2,3,8,686,1.0
184211,4,371,3.75,92.75,1,2,4,15,231,1.0
184226,1,111,4.0,111.0,1,2,3,4,687,1.0
184238,4,486,4.25,121.5,1,2,7,17,126,1.0
184249,1,128,4.0,128.0,1,2,3,4,686,1.0
184254,6,420,3.0,70.0,2,4,7,18,204,0.6666666666666666
184257,4,411,2.75,102.75,2,3,8,11,17,0.5
184260,1,65,1.0,65.0,1,1,1,1,686,1.0
184276,2,289,4.5,144.5,1,1,3,9,679,1.0
184278,2,256,3.5,128.0,2,2,4,7,477,0.5
184284,4,370,3.0,92.5,2,2,4,12,46,0.5
184289,2,170,3.0,85.0,1,1,4,6,620,1.0
184297,1,139,5.0,139.0,1,3,4,5,686,1.0
184305,17,982,2.4705882352941178,57.76470588235294,1,4,13,42,59,1.0
184316,2,90,1.5,45.0,1,2,2,3,682,1.0
184322,4,405,4.0,101.25,1,3,7,16,59,1.0
184323,5,406,4.4,81.2,3,3,8,22,346,0.4
184326,1,93,6.0,93.0,1,2,4,6,686,1.0
184327,1,101,3.0,101.0,1,1,3,3,687,1.0
184352,1,59,1.0,59.0,1,1,1,1,555,1.0
184358,15,3618,7.933333333333334,241.2,3,4,11,119,1,0.8
184367,2,293,9.5,146.5,1,2,5,19,686,1.0
184374,1,152,5.0,152.0,1,2,3,5,686,1.0
184375,1,153,11.0,153.0,1,3,5,11,686,1.0
184378,1,121,4.0,121.0,1,2,3,4,687,1.0
184380,1,130,2.0,130.0,1,1,2,2,686,1.0
184384,5,381,2.8,76.2,4,3,8,14,62,0.4
184393,1,104,3.0,104.0,1,2,3,3,687,1.0
184404,6,588,3.6666666666666665,98.0,1,4,8,22,63,1.0
184430,4,364,3.25,91.0,1,4,8,13,253,1.0
184440,4,458,4.5,114.5,1,4,8,18,90,1.0
184443,7,788,4.857142857142857,112.57142857142857,1,3,9,34,44,1.0
184445,8,488,3.25,61.0,2,2,6,26,69,0.375
184451,3,394,4.0,131.33333333333334,1,3,5,12,135,1.0
184467,2,219,4.5,109.5,1,2,4,9,647,1.0
184478,17,1582,4.352941176470588,93.05882352941177,2,3,5,74,9,0.7058823529411765
184489,1,115,4.0,115.0,1,2,2,4,684,1.0
184491,1,103,5.0,103.0,1,2,3,5,684,1.0
184495,3,351,5.333333333333333,117.0,1,2,4,16,274,1.0
184508,1,127,4.0,127.0,1,1,3,4,684,1.0
184517,1,58,2.0,58.0,1,1,2,2,480,1.0
184521,1,161,7.0,161.0,1,2,4,7,684,1.0
184534,4,477,4.0,119.25,1,4,9,16,213,1.0
184540,6,594,3.1666666666666665,99.0,1,4,7,19,187,1.0
184544,4,199,2.25,49.75,3,2,5,9,167,0.5
184549,7,316,1.5714285714285714,45.142857142857146,3,2,4,11,61,0.14285714285714285
184557,2,364,3.0,182.0,2,2,4,6,542,0.5
184563,1,141,6.0,141.0,1,2,3,6,683,1.0
184573,1,99,3.0,99.0,1,1,3,3,683,1.0
184590,7,428,3.0,61.142857142857146,1,3,7,21,38,1.0
184595,1,236,8.0,236.0,1,3,5,8,683,1.0
184600,2,241,3.5,120.5,1,2,3,7,88,1.0
184603,1,157,7.0,157.0,1,2,4,7,683,1.0
184605,8,680,3.75,85.0,1,3,7,30,64,1.0
184606,2,243,3.0,121.5,2,1,4,6,378,0.0
184615,1,237,7.0,237.0,1,2,5,7,682,1.0
184635,5,467,2.8,93.4,3,3,9,14,55,0.2
184638,2,109,3.5,54.5,1,3,4,7,551,1.0
184640,2,289,6.5,144.5,1,3,8,13,556,1.0
184645,2,245,4.5,122.5,1,2,4,9,8,1.0
184656,3,672,6.333333333333333,224.0,2,1,5,19,86,0.6666666666666666
184669,14,1401,3.7142857142857144,100.07142857142857,5,4,11,52,69,0.21428571428571427
184686,5,740,5.8,148.0,3,4,9,29,164,0.6
184694,4,443,3.75,110.75,1,2,8,15,394,1.0
184715,1,132,6.0,132.0,1,2,2,6,681,1.0
184716,2,350,6.0,175.0,1,3,7,12,521,1.0
184717,2,434,8.5,217.0,1,2,4,17,586,1.0
184722,7,682,4.142857142857143,97.42857142857143,3,3,6,29,186,0.7142857142857143
184730,4,476,3.5,119.0,3,4,9,14,463,0.25
184732,1,185,4.0,185.0,1,2,3,4,681,1.0
184751,3,167,3.3333333333333335,55.666666666666664,1,2,3,10,430,1.0
184760,1,134,4.0,134.0,1,2,2,4,681,1.0
184763,1,139,3.0,139.0,1,1,2,3,681,1.0
184768,2,126,2.5,63.0,1,2,4,5,617,1.0
184790,2,306,5.5,153.0,2,3,7,11,43,0.5
184792,3,361,3.3333333333333335,120.33333333333333,1,4,7,10,79,1.0
184798,1,131,7.0,131.0,1,2,4,7,680,1.0
184809,1,243,9.0,243.0,1,3,6,9,679,1.0
184811,1,133,6.0,133.0,1,2,3,6,679,1.0
184816,6,424,3.8333333333333335,70.66666666666667,4,3,7,23,164,0.3333333333333333
184824,5,884,7.0,176.8,2,3,10,35,120,0.8
184825,1,69,1.0,69.0,1,1,1,1,491,1.0
184826,1,141,4.0,141.0,1,1,4,4,679,1.0
184828,5,595,3.4,119.0,3,4,8,17,48,0.4
184843,3,242,3.0,80.66666666666667,1,3,6,9,196,1.0
184857,10,588,2.5,58.8,4,4,11,25,51,0.2
184869,1,184,5.0,184.0,1,1,4,5,678,1.0
184870,2,450,7.0,225.0,1,3,8,14,455,1.0
184897,1,187,8.0,187.0,1,2,5,8,679,1.0
184901,6,401,2.6666666666666665,66.83333333333333,3,3,5,16,225,0.6666666666666666
184919,1,193,11.0,193.0,1,3,6,11,680,1.0
184938,8,1939,7.75,242.375,2,4,11,62,31,0.875
184950,3,425,4.0,141.66666666666666,1,3,6,12,9,1.0
184961,4,346,5.0,86.5,1,2,6,20,9,1.0
184964,2,389,7.0,194.5,1,2,9,14,598,1.0
184967,1,129,5.0,129.0,1,2,4,5,679,1.0
184969,2,283,5.5,141.5,1,3,6,11,231,1.0
184973,1,99,5.0,99.0,1,2,4,5,680,1.0
184978,3,283,6.0,94.33333333333333,2,3,5,18,21,0.6666666666666666
184980,4,349,2.75,87.25,1,2,7,11,114,1.0
184981,1,117,6.0,117.0,1,2,2,6,680,1.0
184984,1,165,5.0,165.0,1,2,4,5,679,1.0
184989,4,354,3.25,88.5,3,4,9,13,28,0.5
184991,10,685,2.4,68.5,2,3,7,24,253,0.9
184993,1,90,5.0,90.0,1,2,3,5,680,1.0
184995,2,231,3.0,115.5,1,3,5,6,41,1.0
185000,4,406,3.75,101.5,1,3,8,15,56,1.0
185007,5,323,2.4,64.6,1,2,6,12,591,1.0
185008,5,443,4.4,88.6,1,4,8,22,211,1.0
185013,8,567,2.5,70.875,2,2,5,20,57,0.75
185015,2,261,5.5,130.5,1,3,5,11,424,1.0
185019,4,551,4.0,137.75,1,3,6,15,30,1.0
185023,5,755,5.0,151.0,1,3,8,25,309,1.0
185024,6,362,2.3333333333333335,60.333333333333336,1,3,7,14,153,1.0
185028,6,607,3.5,101.16666666666667,4,3,7,21,88,0.3333333333333333
185034,3,483,5.666666666666667,161.0,2,3,7,17,31,0.3333333333333333
185035,4,472,4.5,118.0,1,3,9,18,420,1.0
185036,1,109,3.0,109.0,1,1,3,3,679,1.0
185041,6,497,3.1666666666666665,82.83333333333333,2,4,11,19,142,0.8333333333333334
185042,3,255,3.3333333333333335,85.0,1,2,5,10,257,1.0
185044,1,159,7.0,159.0,1,2,5,7,680,1.0
185048,3,540,7.333333333333333,180.0,3,3,6,22,50,0.3333333333333333
185058,1,100,3.0,100.0,1,1,1,3,677,1.0
185075,1,81,4.0,81.0,1,2,3,4,677,1.0
185077,2,129,3.0,64.5,1,2,5,6,653,1.0
185086,6,647,3.3333333333333335,107.83333333333333,1,3,10,20,317,1.0
185113,1,15,3.0,15.0,1,2,2,3,676,1.0
185123,2,192,3.0,96.0,2,1,3,6,442,0.5
185124,1,186,6.0,186.0,1,2,4,6,676,1.0
185128,8,651,3.375,81.375,3,3,8,27,78,0.25
185139,11,655,2.090909090909091,59.54545454545455,4,3,8,23,60,0.7272727272727273
185143,10,754,3.2,75.4,2,4,11,32,57,0.3
185145,8,523,2.375,65.375,3,3,10,19,274,0.125
185148,1,176,7.0,176.0,1,2,5,7,676,1.0
185154,9,922,5.222222222222222,102.44444444444444,1,4,14,47,13,1.0
185177,10,756,2.5,75.6,2,4,11,25,2,0.3
185182,2,200,4.0,100.0,1,3,5,8,38,1.0
185183,2,356,6.5,178.0,1,2,5,13,646,1.0
185195,1,130,4.0,130.0,1,1,3,4,675,1.0
185211,6,657,3.0,109.5,1,4,10,18,22,1.0
185213,4,391,3.5,97.75,4,2,6,14,511,0.25
185215,1,89,3.0,89.0,1,2,2,3,675,1.0
185217,1,123,6.0,123.0,1,3,4,6,675,1.0
185221,1,136,4.0,136.0,1,1,1,4,675,1.0
185227,1,235,7.0,235.0,1,1,4,7,675,1.0
185228,12,1221,3.25,101.75,3,3,11,39,38,0.75
185230,1,177,5.0,177.0,1,2,3,5,675,1.0
185245,5,389,2.8,77.8,1,4,7,14,319,1.0
185247,2,147,3.0,73.5,1,2,3,6,605,1.0
185249,1,104,4.0,104.0,1,2,3,4,675,1.0
185255,2,121,2.0,60.5,2,3,4,4,623,0.5
185261,1,126,5.0,126.0,1,3,4,5,675,1.0
185266,1,139,3.0,139.0,1,1,2,3,675,1.0
185269,1,178,7.0,178.0,1,2,4,7,675,1.0
185278,1,94,4.0,94.0,1,2,3,4,675,1.0
185297,1,91,5.0,91.0,1,2,4,5,675,1.0
185301,5,406,3.0,81.2,3,2,6,15,203,0.4
185303,5,599,4.8,119.8,1,3,9,24,42,1.0
185306,9,1165,5.0,129.44444444444446,1,2,5,45,6,1.0
185317,4,483,4.25,120.75,2,3,6,17,102,0.75
185319,2,379,6.0,189.5,1,2,4,12,231,1.0
185320,1,124,5.0,124.0,1,2,4,5,674,1.0
185327,1,110,5.0,110.0,1,2,4,5,674,1.0
185333,6,709,5.0,118.16666666666667,2,3,7,30,64,0.8333333333333334
185337,1,95,3.0,95.0,1,1,3,3,674,1.0
185344,1,123,4.0,123.0,1,2,3,4,674,1.0
185346,7,720,3.142857142857143,102.85714285714286,2,4,11,22,64,0.2857142857142857
185347,1,37,2.0,37.0,1,1,1,2,674,1.0
185353,1,199,5.0,199.0,1,2,5,5,674,1.0
185362,8,832,3.875,104.0,1,3,12,31,7,1.0
185364,3,268,2.6666666666666665,89.33333333333333,1,3,5,8,464,1.0
185370,1,98,2.0,98.0,1,1,2,2,674,1.0
185383,1,208,6.0,208.0,1,2,3,6,674,1.0
185389,5,688,3.6,137.6,1,3,7,18,35,1.0
185391,8,752,3.375,94.0,2,4,8,27,83,0.875
185403,7,662,3.4285714285714284,94.57142857142857,1,4,14,24,123,1.0
185417,1,479,14.0,479.0,1,3,6,14,674,1.0
185424,21,1114,2.4761904761904763,53.04761904761905,4,4,9,52,39,0.6666666666666666
185432,4,283,2.75,70.75,3,3,6,11,140,0.0
185436,5,270,2.0,54.0,2,3,6,10,212,0.8
185437,2,167,4.0,83.5,1,3,6,8,18,1.0
185440,5,582,3.0,116.4,1,3,8,15,622,1.0
185441,2,105,3.5,52.5,1,2,4,7,624,1.0
185464,2,341,6.0,170.5,1,3,8,12,181,1.0
185465,3,375,4.666666666666667,125.0,2,3,9,14,224,0.3333333333333333
185466,2,194,2.5,97.0,2,3,4,5,418,0.5
185484,3,510,5.333333333333333,170.0,3,3,9,16,383,0.3333333333333333
185493,2,242,5.0,121.0,1,2,3,10,288,1.0
185496,4,349,4.75,87.25,3,3,11,19,4,0.25
185502,13,1093,2.769230769230769,84.07692307692308,2,4,10,36,1,0.46153846153846156
185510,5,675,5.0,135.0,3,3,7,25,86,0.2
185522,1,141,4.0,141.0,1,1,2,4,673,1.0
185524,2,194,4.5,97.0,1,2,5,9,665,1.0
185528,2,365,5.5,182.5,1,3,7,11,486,1.0
185531,3,462,4.0,154.0,1,3,7,12,108,1.0
185532,1,235,8.0,235.0,1,3,6,8,672,1.0
185539,1,124,6.0,124.0,1,2,4,6,672,1.0
185544,1,211,8.0,211.0,1,3,6,8,673,1.0
185562,4,238,2.5,59.5,1,2,6,10,560,1.0
185564,4,416,2.75,104.0,1,2,5,11,8,1.0
185571,2,369,7.5,184.5,1,3,6,15,504,1.0
185588,28,1685,2.8214285714285716,60.17857142857143,3,4,13,79,208,0.9285714285714286
185604,2,203,3.0,101.5,1,3,4,6,246,1.0
185609,1,129,5.0,129.0,1,3,3,5,673,1.0
185614,1,103,4.0,103.0,1,2,4,4,673,1.0
185624,11,877,3.090909090909091,79.72727272727273,1,3,8,34,41,1.0
185650,3,173,2.3333333333333335,57.666666666666664,1,2,5,7,582,1.0
185655,1,115,6.0,115.0,1,2,4,6,672,1.0
185661,2,225,4.0,112.5,1,3,4,8,133,1.0
185663,2,185,3.5,92.5,1,3,5,7,551,1.0
185665,3,247,2.6666666666666665,82.33333333333333,2,4,5,8,31,0.3333333333333333
185671,3,570,6.333333333333333,190.0,1,3,5,19,141,1.0
185679,7,694,4.285714285714286,99.14285714285714,2,2,8,30,29,0.2857142857142857
185682,1,192,8.0,192.0,1,2,4,8,672,1.0
185696,3,348,3.0,116.0,3,2,6,9,146,0.3333333333333333
185726,3,203,3.0,67.66666666666667,1,2,4,9,432,1.0
185727,1,114,4.0,114.0,1,1,3,4,672,1.0
185729,5,349,3.2,69.8,1,3,5,16,105,1.0
185730,9,903,4.444444444444445,100.33333333333333,4,2,8,40,203,0.6666666666666666
185735,6,579,3.8333333333333335,96.5,2,2,6,23,186,0.3333333333333333
185740,5,353,4.0,70.6,1,3,7,20,156,1.0
185741,11,736,2.8181818181818183,66.9090909090909,2,4,10,31,39,0.09090909090909091
185742,4,361,3.75,90.25,3,3,5,15,322,0.5
185744,6,819,5.0,136.5,2,3,8,30,90,0.3333333333333333
185747,4,237,2.0,59.25,1,2,6,8,262,1.0
185756,2,253,4.5,126.5,2,2,5,9,101,0.5
185759,4,416,4.0,104.0,3,4,8,16,28,0.25
185762,2,221,3.5,110.5,1,2,4,7,395,1.0
185776,7,679,3.4285714285714284,97.0,3,2,6,24,241,0.7142857142857143
185780,3,1277,14.0,425.6666666666667,2,4,10,42,310,0.3333333333333333
185784,6,748,4.166666666666667,124.66666666666667,4,3,6,25,49,0.16666666666666666
185789,7,701,3.5714285714285716,100.14285714285714,5,3,8,25,132,0.14285714285714285
185797,3,304,3.3333333333333335,101.33333333333333,1,2,6,10,298,1.0
185800,1,184,6.0,184.0,1,2,4,6,670,1.0
185805,1,106,4.0,106.0,1,2,3,4,670,1.0
185817,2,167,2.5,83.5,1,2,4,5,394,1.0
185818,2,283,3.5,141.5,1,2,4,7,336,1.0
185825,8,957,3.375,119.625,1,4,12,27,2,1.0
185831,4,524,4.0,131.0,1,2,5,16,197,1.0
185832,5,884,6.6,176.8,1,2,8,33,302,1.0
185843,5,354,3.2,70.8,2,3,7,16,174,0.8
185845,10,710,3.0,71.0,1,3,8,30,27,1.0
185847,1,105,5.0,105.0,1,2,4,5,669,1.0
185848,6,446,2.3333333333333335,74.33333333333333,2,3,7,14,142,0.8333333333333334
185858,2,141,3.5,70.5,2,2,3,7,304,0.5
185861,2,205,4.0,102.5,1,3,5,8,435,1.0
185862,4,410,4.25,102.5,2,3,6,17,457,0.5
185880,5,291,3.0,58.2,1,2,5,15,203,1.0
185889,4,272,3.25,68.0,2,3,5,13,402,0.75
185903,4,338,3.0,84.5,2,2,5,12,284,0.5
185908,1,116,3.0,116.0,1,2,3,3,668,1.0
185913,3,196,2.3333333333333335,65.33333333333333,1,1,6,7,458,1.0
185916,7,576,2.857142857142857,82.28571428571429,1,4,9,20,70,1.0
185923,6,395,2.5,65.83333333333333,2,3,6,15,220,0.8333333333333334
185938,2,151,2.0,75.5,1,1,2,4,542,1.0
185948,1,110,3.0,110.0,1,1,2,3,505,0.0
185955,6,609,2.6666666666666665,101.5,3,4,10,16,55,0.3333333333333333
185961,10,680,3.3,68.0,1,3,8,33,72,1.0
185964,1,144,6.0,144.0,1,3,4,6,668,1.0
185971,3,309,5.0,103.0,1,3,7,15,540,1.0
185990,1,36,3.0,36.0,1,2,2,3,598,0.0
185993,4,312,2.75,78.0,1,2,4,11,46,1.0
185995,2,260,4.5,130.0,1,2,7,9,627,1.0
186001,2,271,4.0,135.5,1,2,3,8,596,1.0
186007,2,465,8.0,232.5,1,3,8,16,667,1.0
186021,9,1058,4.777777777777778,117.55555555555556,2,4,13,43,88,0.6666666666666666
186022,2,252,5.0,126.0,2,2,5,10,660,0.5
186028,9,1082,4.888888888888889,120.22222222222223,2,2,6,44,95,0.8888888888888888
186036,5,344,3.4,68.8,3,2,5,17,424,0.6
186046,7,338,2.4285714285714284,48.285714285714285,2,3,6,17,56,0.8571428571428571
186065,11,1263,4.181818181818182,114.81818181818181,3,4,11,46,31,0.7272727272727273
186068,1,179,7.0,179.0,1,2,3,7,665,1.0
186088,4,387,3.0,96.75,1,3,6,12,291,1.0
186094,7,508,2.857142857142857,72.57142857142857,2,3,5,20,36,0.8571428571428571
186100,1,381,11.0,381.0,1,3,4,11,666,1.0
186105,1,239,6.0,239.0,1,3,5,6,665,1.0
186126,6,507,3.8333333333333335,84.5,1,3,11,23,343,1.0
186136,6,820,5.0,136.66666666666666,5,3,9,30,301,0.16666666666666666
186139,2,251,5.0,125.5,2,1,5,10,77,0.5
186140,2,145,3.5,72.5,2,2,4,7,560,0.5
186154,1,307,11.0,307.0,1,2,6,11,666,1.0
186158,14,1087,2.5714285714285716,77.64285714285714,4,2,5,36,132,0.0
186168,4,596,4.5,149.0,1,3,8,18,337,1.0
186173,1,115,3.0,115.0,1,2,3,3,665,1.0
186174,4,516,4.25,129.0,1,2,7,17,280,1.0
186178,2,192,4.5,96.0,1,2,4,9,39,1.0
186186,3,266,2.6666666666666665,88.66666666666667,1,3,6,8,160,1.0
186192,1,95,5.0,95.0,1,2,4,5,666,1.0
186193,1,94,4.0,94.0,1,2,3,4,666,1.0
186195,2,433,7.5,216.5,2,2,7,15,280,0.5
186204,3,205,3.3333333333333335,68.33333333333333,1,2,3,10,325,1.0
186209,2,155,2.0,77.5,1,2,4,4,25,1.0
186225,5,429,3.2,85.8,1,3,9,16,199,1.0
186230,1,99,5.0,99.0,1,2,4,5,665,1.0
186239,1,126,6.0,126.0,1,2,3,6,666,1.0
186245,3,112,2.0,37.333333333333336,1,3,4,6,37,1.0
186247,3,544,7.0,181.33333333333334,1,4,7,21,332,1.0
186250,4,493,4.75,123.25,2,2,5,19,49,0.75
186251,4,418,4.5,104.5,3,2,7,18,301,0.25
186252,4,494,3.25,123.5,1,2,6,13,71,1.0
186253,4,421,3.25,105.25,2,3,4,13,178,0.25
186269,1,152,3.0,152.0,1,1,3,3,665,1.0
186275,2,368,7.0,184.0,1,2,5,14,645,1.0
186287,1,95,3.0,95.0,1,1,3,3,665,1.0
186292,1,58,4.0,58.0,1,2,2,4,666,1.0
186296,8,781,3.375,97.625,2,3,10,27,196,0.875
186299,2,183,4.5,91.5,1,2,5,9,542,1.0
186313,5,353,2.6,70.6,1,4,9,13,24,1.0
186324,3,251,4.0,83.66666666666667,1,2,4,12,463,1.0
186325,4,426,4.25,106.5,1,3,7,17,385,1.0
186335,2,247,4.5,123.5,1,2,6,9,27,1.0
186341,5,407,3.0,81.4,1,3,9,15,150,1.0
186345,4,363,3.0,90.75,1,2,4,12,109,1.0
186350,6,496,3.6666666666666665,82.66666666666667,1,2,5,22,301,1.0
186352,3,253,2.3333333333333335,84.33333333333333,2,3,4,7,186,0.6666666666666666
186360,2,124,3.0,62.0,2,2,5,6,659,0.5
186366,9,741,2.7777777777777777,82.33333333333333,1,4,11,25,9,1.0
186369,1,135,5.0,135.0,1,2,2,5,665,1.0
186372,8,549,2.75,68.625,1,4,8,22,57,1.0
186376,1,163,7.0,163.0,1,2,4,7,666,1.0
186377,1,232,9.0,232.0,1,2,6,9,665,1.0
186380,6,298,2.1666666666666665,49.666666666666664,3,3,7,13,480,0.5
186383,4,540,5.0,135.0,3,4,6,20,336,0.5
186385,10,695,3.3,69.5,3,4,10,33,72,0.7
186395,2,204,3.5,102.0,1,3,5,7,661,1.0
186396,1,112,4.0,112.0,1,2,3,4,663,1.0
186399,3,544,7.0,181.33333333333334,1,3,7,21,120,1.0
186408,9,1167,4.666666666666667,129.66666666666666,2,3,7,42,141,0.5555555555555556
186416,1,120,6.0,120.0,1,2,3,6,663,1.0
186417,1,138,4.0,138.0,1,1,3,4,663,1.0
186431,3,337,4.666666666666667,112.33333333333333,1,2,3,14,596,1.0
186433,3,267,2.6666666666666665,89.0,2,2,4,8,663,0.6666666666666666
186434,5,485,4.4,97.0,1,4,7,22,46,1.0
186436,7,337,2.5714285714285716,48.142857142857146,2,3,8,18,65,0.8571428571428571
186441,2,173,3.5,86.5,1,2,3,7,331,1.0
186444,6,650,4.833333333333333,108.33333333333333,2,4,11,29,111,0.8333333333333334
186445,3,367,4.333333333333333,122.33333333333333,1,3,6,13,542,1.0
186446,6,585,3.1666666666666665,97.5,1,4,6,19,160,1.0
186453,3,126,2.3333333333333335,42.0,1,2,4,7,616,1.0
186462,3,184,2.6666666666666665,61.333333333333336,1,2,5,8,637,1.0
186468,8,574,3.0,71.75,1,4,8,24,309,1.0
186475,1,197,7.0,197.0,1,3,6,7,662,1.0
186481,1,140,4.0,140.0,1,2,2,4,662,1.0
186482,4,329,2.75,82.25,2,3,6,11,427,0.75
186485,3,196,2.3333333333333335,65.33333333333333,2,1,4,7,401,0.6666666666666666
186492,3,292,3.3333333333333335,97.33333333333333,1,3,5,10,207,1.0
186493,1,111,5.0,111.0,1,2,4,5,662,1.0
186497,4,937,7.75,234.25,1,4,12,31,70,1.0
186500,2,184,4.0,92.0,1,2,4,8,452,1.0
186510,4,437,4.25,109.25,2,4,8,17,231,0.75
186518,4,424,3.25,106.0,2,3,10,13,63,0.5
186519,12,1146,3.9166666666666665,95.5,1,4,11,47,150,1.0
186530,1,155,6.0,155.0,1,3,4,6,662,1.0
186531,8,717,2.75,89.625,2,4,11,22,109,0.875
186541,5,358,3.0,71.6,1,3,7,15,150,1.0
186552,11,1438,5.818181818181818,130.72727272727272,1,4,11,64,34,1.0
186554,1,164,2.0,164.0,1,1,1,2,661,1.0
186562,1,277,7.0,277.0,1,1,5,7,661,1.0
186566,6,539,3.5,89.83333333333333,2,4,10,21,48,0.8333333333333334
186574,2,186,4.5,93.0,1,2,6,9,539,1.0
186580,6,418,2.5,69.66666666666667,2,4,9,15,60,0.8333333333333334
186585,5,510,3.0,102.0,3,3,8,15,191,0.4
186586,6,1345,8.333333333333334,224.16666666666666,1,4,9,50,278,1.0
186593,1,139,4.0,139.0,1,2,3,4,661,1.0
186595,1,68,2.0,68.0,1,1,2,2,661,1.0
186600,1,115,6.0,115.0,1,2,4,6,661,1.0
186622,1,140,6.0,140.0,1,2,4,6,661,1.0
186628,4,419,3.5,104.75,2,3,7,14,69,0.5
186629,11,1049,3.8181818181818183,95.36363636363636,1,4,11,42,35,1.0
186632,1,100,3.0,100.0,1,1,2,3,660,1.0
186637,4,274,2.25,68.5,2,3,5,9,62,0.5
186648,2,157,4.0,78.5,1,3,5,8,623,1.0
186650,1,128,6.0,128.0,1,2,3,6,660,1.0
186659,3,175,2.6666666666666665,58.333333333333336,2,2,4,8,228,0.3333333333333333
186681,14,1228,3.142857142857143,87.71428571428571,1,4,12,44,9,1.0
186686,1,149,6.0,149.0,1,2,5,6,660,1.0
186692,6,613,3.5,102.16666666666667,1,3,6,21,290,1.0
186707,4,295,2.5,73.75,1,3,5,10,134,1.0
186708,3,441,5.666666666666667,147.0,1,2,5,17,493,1.0
186711,2,173,3.5,86.5,1,2,4,7,484,1.0
186715,1,148,7.0,148.0,1,3,5,7,660,1.0
186723,1,78,2.0,78.0,1,1,1,2,441,1.0
186726,1,160,6.0,160.0,1,2,4,6,660,1.0
186730,2,273,5.0,136.5,2,2,7,10,588,0.5
186734,8,869,3.875,108.625,4,4,11,31,32,0.625
186738,1,96,4.0,96.0,1,2,2,4,659,1.0
186744,1,116,4.0,116.0,1,2,4,4,658,1.0
186745,1,141,6.0,141.0,1,2,3,6,658,1.0
186746,2,185,5.0,92.5,1,2,5,10,506,1.0
186747,9,762,3.0,84.66666666666667,4,4,11,27,167,0.4444444444444444
186752,2,508,9.5,254.0,2,3,7,19,340,0.5
186760,3,304,3.6666666666666665,101.33333333333333,2,3,6,11,407,0.3333333333333333
186770,2,312,5.5,156.0,1,2,5,11,567,1.0
186786,1,187,9.0,187.0,1,2,4,9,659,1.0
186809,5,473,3.4,94.6,1,3,6,17,208,1.0
186810,7,1239,5.857142857142857,177.0,2,4,13,41,107,0.14285714285714285
186814,2,128,3.0,64.0,1,2,2,6,653,1.0
186831,1,314,10.0,314.0,1,1,2,10,659,1.0
186832,1,64,4.0,64.0,1,2,3,4,659,1.0
186833,1,323,11.0,323.0,1,2,4,11,658,1.0
186836,11,2032,6.0,184.72727272727272,5,4,10,66,51,0.09090909090909091
186844,2,128,3.0,64.0,1,2,3,6,588,1.0
186854,1,94,3.0,94.0,1,1,3,3,659,1.0
186861,1,129,3.0,129.0,1,1,2,3,658,1.0
186874,12,1296,3.6666666666666665,108.0,3,3,9,44,132,0.8333333333333334
186880,2,244,4.5,122.0,1,3,5,9,507,1.0
186882,1,99,5.0,99.0,1,2,3,5,659,1.0
186886,4,337,3.5,84.25,1,3,8,14,388,1.0
186896,9,1368,4.888888888888889,152.0,2,4,12,44,49,0.2222222222222222
186897,1,103,3.0,103.0,1,1,2,3,658,1.0
186901,3,491,5.0,163.66666666666666,2,3,7,15,91,0.3333333333333333
186908,6,512,3.3333333333333335,85.33333333333333,1,2,6,20,230,1.0
186909,3,447,4.0,149.0,3,4,9,12,139,0.3333333333333333
186914,3,278,2.6666666666666665,92.66666666666667,1,3,6,8,535,1.0
186918,1,360,12.0,360.0,1,2,7,12,659,1.0
186923,1,95,5.0,95.0,1,2,3,5,659,1.0
186939,1,144,6.0,144.0,1,2,3,6,658,1.0
186949,1,113,3.0,113.0,1,1,2,3,658,1.0
186961,7,541,3.857142857142857,77.28571428571429,3,3,7,27,185,0.2857142857142857
186962,6,593,4.0,98.83333333333333,1,2,7,24,42,1.0
186963,4,641,6.75,160.25,3,2,7,27,228,0.5
186964,1,280,11.0,280.0,1,2,4,11,658,1.0
186969,18,1809,3.9444444444444446,100.5,3,4,10,71,28,0.8888888888888888
186972,2,327,3.5,163.5,1,2,4,7,100,1.0
186976,3,255,3.3333333333333335,85.0,3,2,6,10,430,0.3333333333333333
186993,1,109,5.0,109.0,1,2,3,5,658,1.0
186997,6,545,3.8333333333333335,90.83333333333333,2,4,6,23,53,0.8333333333333334
186999,1,206,6.0,206.0,1,2,3,6,656,1.0
187001,1,323,8.0,323.0,1,3,5,8,656,1.0
187016,1,94,6.0,94.0,1,2,3,6,656,1.0
187024,1,150,6.0,150.0,1,2,5,6,656,1.0
187025,3,486,7.0,162.0,1,2,5,21,357,1.0
187031,3,269,3.3333333333333335,89.66666666666667,1,3,7,10,297,1.0
187033,4,370,3.0,92.5,1,1,3,12,504,1.0
187034,5,294,2.4,58.8,2,3,7,12,45,0.8
187037,6,1425,8.5,237.5,1,4,12,51,67,1.0
187039,1,109,7.0,109.0,1,2,5,7,656,1.0
187046,1,109,3.0,109.0,1,1,3,3,658,1.0
187047,5,665,3.8,133.0,1,3,7,19,34,1.0
187065,3,357,4.0,119.0,1,2,5,12,291,1.0
187071,1,84,4.0,84.0,1,2,3,4,658,1.0
187072,2,99,2.5,49.5,1,2,4,5,556,1.0
187077,1,113,4.0,113.0,1,2,3,4,655,1.0
187082,2,214,4.5,107.0,1,3,6,9,592,1.0
187116,7,781,4.285714285714286,111.57142857142857,3,4,8,30,212,0.5714285714285714
187118,3,266,3.6666666666666665,88.66666666666667,1,2,4,11,320,1.0
187138,3,455,6.333333333333333,151.66666666666666,3,3,8,19,332,0.3333333333333333
187150,1,91,5.0,91.0,1,2,4,5,654,1.0
187165,1,113,5.0,113.0,1,2,4,5,654,1.0
187168,1,99,5.0,99.0,1,2,3,5,654,1.0
187173,6,410,3.3333333333333335,68.33333333333333,3,3,6,20,87,0.16666666666666666
187189,1,120,4.0,120.0,1,2,3,4,654,1.0
187191,2,241,4.0,120.5,1,3,5,8,652,1.0
187202,5,377,3.6,75.4,1,4,8,18,153,1.0
187216,5,562,3.8,112.4,2,3,6,19,128,0.6
187221,13,300,1.3076923076923077,23.076923076923077,1,4,9,17,34,1.0
187240,10,917,4.2,91.7,2,4,10,42,35,0.4
187259,1,218,6.0,218.0,1,1,5,6,653,1.0
187261,9,1837,7.888888888888889,204.11111111111111,3,4,12,71,167,0.6666666666666666
187263,5,545,4.8,109.0,1,4,12,24,10,1.0
187270,3,220,3.0,73.33333333333333,1,3,6,9,297,1.0
187285,3,234,3.0,78.0,2,3,6,9,162,0.6666666666666666
187296,7,769,4.142857142857143,109.85714285714286,1,3,7,29,56,1.0
187310,1,130,6.0,130.0,1,2,5,6,653,1.0
187315,2,426,6.0,213.0,1,3,6,12,337,1.0
187317,1,115,3.0,115.0,1,1,3,3,653,1.0
187321,2,308,5.5,154.0,1,2,5,11,652,1.0
187324,3,192,1.6666666666666667,64.0,2,2,4,5,203,0.6666666666666666
187328,1,97,5.0,97.0,1,2,2,5,652,1.0
187330,2,172,4.0,86.0,1,2,3,8,557,1.0
187339,1,169,7.0,169.0,1,2,4,7,651,1.0
187346,9,1623,5.888888888888889,180.33333333333334,4,4,12,53,49,0.6666666666666666
187352,3,253,2.6666666666666665,84.33333333333333,2,4,7,8,470,0.6666666666666666
187353,5,417,3.0,83.4,1,2,5,15,48,1.0
187357,1,95,5.0,95.0,1,2,4,5,652,1.0
187378,1,123,7.0,123.0,1,3,4,7,652,1.0
187393,2,281,4.5,140.5,1,2,6,9,465,1.0
187398,8,675,2.875,84.375,3,4,12,23,48,0.125
187410,1,107,3.0,107.0,1,2,3,3,653,1.0
187432,4,489,4.75,122.25,2,3,9,19,231,0.75
187435,1,177,7.0,177.0,1,2,2,7,651,1.0
187438,5,292,2.6,58.4,2,4,5,13,84,0.2
187441,6,446,2.0,74.33333333333333,1,3,5,12,118,1.0
187447,10,875,3.8,87.5,2,4,10,38,41,0.9
187448,2,225,4.5,112.5,1,3,5,9,628,1.0
187458,12,1469,5.416666666666667,122.41666666666667,5,3,9,65,271,0.3333333333333333
187463,9,1292,5.0,143.55555555555554,2,4,11,45,105,0.6666666666666666
187488,3,272,2.6666666666666665,90.66666666666667,1,3,5,8,253,1.0
187512,7,718,4.142857142857143,102.57142857142857,3,4,10,29,59,0.5714285714285714
187519,2,408,7.0,204.0,1,3,6,14,645,1.0
187520,1,70,4.0,70.0,1,2,2,4,651,1.0
187521,5,405,2.8,81.0,2,2,5,14,186,0.8
187529,5,414,3.6,82.8,1,2,7,18,53,1.0
187532,1,105,6.0,105.0,1,2,4,6,652,1.0
187535,2,95,3.0,47.5,1,2,4,6,549,1.0
187549,11,668,2.5454545454545454,60.72727272727273,2,4,12,28,27,0.9090909090909091
187551,1,198,6.0,198.0,1,1,4,6,134,0.0
187557,3,299,3.6666666666666665,99.66666666666667,2,3,6,11,2,0.6666666666666666
187566,1,95,5.0,95.0,1,2,4,5,652,1.0
187574,4,276,3.5,69.0,2,3,6,14,30,0.75
187576,1,99,5.0,99.0,1,2,3,5,651,1.0
187577,11,977,3.272727272727273,88.81818181818181,1,4,10,36,29,1.0
187582,8,907,4.375,113.375,2,3,10,35,149,0.875
187586,1,227,8.0,227.0,1,3,6,8,651,1.0
187587,8,602,4.0,75.25,1,3,8,32,203,1.0
187597,1,102,4.0,102.0,1,2,3,4,649,1.0
187601,1,154,6.0,154.0,1,2,4,6,649,1.0
187607,9,878,3.7777777777777777,97.55555555555556,1,4,12,34,126,1.0
187620,1,129,5.0,129.0,1,2,4,5,649,1.0
187624,2,227,4.0,113.5,1,3,7,8,629,1.0
187626,3,255,1.6666666666666667,85.0,2,2,3,5,141,0.6666666666666666
187631,2,635,8.5,317.5,2,2,4,17,646,0.5
187634,9,769,3.3333333333333335,85.44444444444444,1,4,11,30,93,1.0
187637,4,88,2.0,22.0,1,2,2,8,540,1.0
187638,1,97,6.0,97.0,1,2,3,6,649,1.0
187639,2,247,3.0,123.5,1,2,5,6,50,1.0
187648,5,560,3.6,112.0,1,3,7,18,213,1.0
187653,5,633,5.0,126.6,3,3,11,25,63,0.2
187657,3,230,2.3333333333333335,76.66666666666667,1,2,2,7,264,1.0
187678,1,104,4.0,104.0,1,2,3,4,648,1.0
187681,1,193,9.0,193.0,1,2,6,9,648,1.0
187695,10,796,2.8,79.6,2,4,10,28,258,0.9
187704,1,95,5.0,95.0,1,2,2,5,648,1.0
187718,1,154,6.0,154.0,1,2,3,6,648,1.0
187719,2,372,6.5,186.0,1,3,7,13,280,1.0
187725,2,131,2.5,65.5,1,1,3,5,596,1.0
187732,4,413,3.5,103.25,1,4,8,14,332,1.0
187737,22,1522,2.1363636363636362,69.18181818181819,4,4,13,47,48,0.6818181818181818
187742,11,938,2.727272727272727,85.27272727272727,4,3,9,30,128,0.18181818181818182
187747,1,203,7.0,203.0,1,3,6,7,647,1.0
187748,12,1130,3.25,94.16666666666667,1,4,10,39,38,1.0
187750,1,131,5.0,131.0,1,2,4,5,647,1.0
187753,4,239,3.0,59.75,2,3,6,12,20,0.5
187774,7,585,3.4285714285714284,83.57142857142857,2,3,6,24,100,0.8571428571428571
187786,7,360,1.8571428571428572,51.42857142857143,1,3,6,13,234,1.0
187806,3,475,5.666666666666667,158.33333333333334,3,2,6,17,352,0.3333333333333333
187808,1,128,4.0,128.0,1,1,2,4,646,1.0
187818,6,573,3.3333333333333335,95.5,1,4,8,20,404,1.0
187822,2,212,2.5,106.0,1,1,3,5,238,1.0
187823,3,303,3.6666666666666665,101.0,2,3,5,11,358,0.6666666666666666
187824,5,462,4.2,92.4,1,2,8,21,203,1.0
187829,2,180,3.5,90.0,1,3,6,7,644,1.0
187838,1,139,5.0,139.0,1,2,3,5,646,1.0
187846,2,185,3.5,92.5,1,2,6,7,428,1.0
187848,1,95,3.0,95.0,1,1,3,3,646,1.0
187859,5,570,4.6,114.0,1,3,9,23,29,1.0
187864,1,139,6.0,139.0,1,2,4,6,646,1.0
187865,3,539,5.333333333333333,179.66666666666666,2,3,7,16,85,0.3333333333333333
187866,3,322,3.0,107.33333333333333,2,2,5,9,273,0.6666666666666666
187871,3,176,2.3333333333333335,58.666666666666664,1,3,4,7,442,1.0
187875,1,107,6.0,107.0,1,2,4,6,645,1.0
187882,5,590,4.2,118.0,1,4,8,21,83,1.0
187892,1,133,6.0,133.0,1,3,4,6,645,1.0
187899,3,225,3.3333333333333335,75.0,1,2,6,10,234,1.0
187906,1,72,4.0,72.0,1,2,3,4,645,1.0
187907,1,115,5.0,115.0,1,2,3,5,644,1.0
187908,8,1035,5.75,129.375,2,3,9,46,11,0.875
187913,2,172,3.5,86.0,1,2,5,7,448,1.0
187920,2,379,6.5,189.5,2,2,5,13,399,0.5
187923,2,280,5.0,140.0,1,3,4,10,406,1.0
187926,29,2194,3.0689655172413794,75.65517241379311,2,4,13,89,13,0.5172413793103449
187942,1,126,6.0,126.0,1,2,5,6,643,1.0
187943,2,393,5.5,196.5,2,2,4,11,217,0.5
187946,2,304,3.5,152.0,2,2,4,7,1,0.5
187950,6,321,1.6666666666666667,53.5,2,2,5,10,371,0.5
187952,2,342,7.5,171.0,2,2,8,15,546,0.5
187961,3,287,4.333333333333333,95.66666666666667,2,2,5,13,71,0.6666666666666666
187965,2,194,3.0,97.0,1,2,3,6,133,1.0
187972,1,95,5.0,95.0,1,2,3,5,644,1.0
187980,6,493,3.8333333333333335,82.16666666666667,2,2,7,23,233,0.8333333333333334
187981,6,827,5.5,137.83333333333334,2,3,8,33,211,0.3333333333333333
187989,5,594,4.0,118.8,1,4,8,20,302,1.0
187991,2,208,4.0,104.0,1,2,4,8,585,1.0
188010,1,144,6.0,144.0,1,2,5,6,645,1.0
188018,1,100,3.0,100.0,1,2,3,3,645,1.0
188034,1,213,6.0,213.0,1,1,4,6,644,1.0
188036,1,148,4.0,148.0,1,2,4,4,644,1.0
188043,6,717,5.166666666666667,119.5,1,4,10,31,139,1.0
188044,2,307,3.5,153.5,1,2,4,7,598,1.0
188046,4,460,4.5,115.0,2,4,9,18,113,0.25
188051,1,143,5.0,143.0,1,3,4,5,643,1.0
188056,2,164,3.0,82.0,1,3,4,6,323,1.0
188058,1,92,5.0,92.0,1,2,3,5,644,1.0
188061,1,124,4.0,124.0,1,3,3,4,644,1.0
188068,2,474,6.5,237.0,2,3,6,13,589,0.5
188075,2,142,3.0,71.0,1,2,4,6,227,1.0
188087,5,488,3.4,97.6,2,3,9,17,245,0.2
188106,1,105,4.0,105.0,1,2,3,4,645,1.0
188110,1,137,8.0,137.0,1,2,3,8,645,1.0
188115,6,611,3.6666666666666665,101.83333333333333,1,4,10,22,118,1.0
188120,1,115,5.0,115.0,1,2,4,5,644,1.0
188123,4,369,4.75,92.25,1,2,5,19,334,1.0
188124,5,730,5.0,146.0,1,4,12,25,31,1.0
188143,2,63,1.5,31.5,2,2,2,3,174,0.0
188148,3,551,6.0,183.66666666666666,1,3,7,18,119,1.0
188156,10,1001,3.8,100.1,4,4,12,38,65,0.4
188159,1,97,5.0,97.0,1,2,3,5,642,1.0
188163,1,113,5.0,113.0,1,2,3,5,642,1.0
188166,1,233,7.0,233.0,1,2,3,7,642,1.0
188183,8,762,3.25,95.25,3,3,9,26,146,0.375
188184,2,206,3.0,103.0,2,2,5,6,288,0.5
188195,3,190,2.6666666666666665,63.333333333333336,2,2,5,8,484,0.3333333333333333
188198,1,101,5.0,101.0,1,2,4,5,642,1.0
188203,3,598,6.0,199.33333333333334,1,4,10,18,69,1.0
188208,1,113,5.0,113.0,1,2,3,5,642,1.0
188218,1,91,4.0,91.0,1,2,4,4,641,1.0
188232,3,458,5.333333333333333,152.66666666666666,1,2,4,16,626,1.0
188236,5,567,4.0,113.4,3,2,8,20,268,0.2
188240,4,314,3.25,78.5,2,2,3,13,160,0.75
188250,1,110,5.0,110.0,1,2,4,5,641,1.0
188253,5,586,4.6,117.2,1,3,8,23,62,1.0
188254,2,264,5.0,132.0,1,2,6,10,270,1.0
188281,4,420,4.5,105.0,1,4,8,18,100,1.0
188295,3,299,4.333333333333333,99.66666666666667,2,2,4,13,220,0.6666666666666666
188309,4,300,2.75,75.0,1,2,6,11,232,1.0
188319,8,599,2.375,74.875,3,4,8,19,71,0.375
188327,1,96,3.0,96.0,1,2,3,3,640,1.0
188329,1,95,4.0,95.0,1,2,3,4,640,1.0
188339,1,31,2.0,31.0,1,1,2,2,567,0.0
188340,5,377,2.4,75.4,2,4,6,12,155,0.8
188346,1,128,6.0,128.0,1,2,3,6,640,1.0
188349,2,184,3.5,92.0,1,3,5,7,425,1.0
188355,1,130,6.0,130.0,1,2,3,6,640,1.0
188363,1,136,7.0,136.0,1,3,6,7,640,1.0
188367,13,1187,3.230769230769231,91.3076923076923,5,4,12,42,69,0.38461538461538464
188394,3,292,4.333333333333333,97.33333333333333,1,2,2,13,290,1.0
188400,4,360,3.25,90.0,1,2,7,13,350,1.0
188401,1,159,7.0,159.0,1,2,4,7,639,1.0
188424,1,132,6.0,132.0,1,2,4,6,639,1.0
188427,1,187,8.0,187.0,1,2,6,8,639,1.0
188429,27,2957,4.555555555555555,109.51851851851852,2,4,15,123,2,0.9629629629629629
188443,1,101,5.0,101.0,1,2,4,5,639,1.0
188448,1,126,6.0,126.0,1,2,4,6,639,1.0
188459,3,188,2.3333333333333335,62.666666666666664,1,3,4,7,332,1.0
188466,2,161,2.0,80.5,2,3,4,4,528,0.5
188468,1,65,3.0,65.0,1,2,2,3,639,1.0
188471,6,448,2.8333333333333335,74.66666666666667,1,3,8,17,60,1.0
188473,2,353,6.0,176.5,2,3,7,12,150,0.5
188483,2,294,6.5,147.0,2,2,5,13,504,0.5
188488,4,458,4.0,114.5,3,3,6,16,126,0.25
188490,5,594,4.6,118.8,2,3,8,23,60,0.4
188494,8,1317,5.25,164.625,3,4,11,42,151,0.5
188503,2,130,3.0,65.0,2,2,4,6,146,0.5
188510,1,96,5.0,96.0,1,2,3,5,637,1.0
188516,1,141,6.0,141.0,1,2,3,6,637,1.0
188520,2,221,5.0,110.5,1,4,8,10,62,1.0
188524,2,168,3.5,84.0,1,3,5,7,539,1.0
188529,1,115,6.0,115.0,1,2,3,6,638,1.0
188536,2,205,3.0,102.5,1,1,3,6,525,1.0
188542,2,168,3.5,84.0,1,2,4,7,596,1.0
188579,2,208,3.0,104.0,1,2,4,6,637,1.0
188581,2,221,4.0,110.5,1,2,6,8,232,1.0
188590,6,710,3.5,118.33333333333333,2,4,10,21,36,0.8333333333333334
188606,4,318,2.5,79.5,2,3,7,10,44,0.25
188609,8,1499,5.5,187.375,4,4,10,44,137,0.25
188614,2,218,3.0,109.0,2,1,4,6,264,0.5
188616,1,153,4.0,153.0,1,2,4,4,638,1.0
188618,2,364,6.5,182.0,1,3,7,13,345,1.0
188620,2,203,4.5,101.5,2,2,3,9,612,0.5
188626,2,182,4.0,91.0,1,3,6,8,581,1.0
188630,5,261,1.6,52.2,3,3,6,8,160,0.2
188633,4,704,4.0,176.0,1,4,6,16,157,1.0
188639,2,195,3.5,97.5,1,2,5,7,637,1.0
188645,2,234,5.0,117.0,1,2,5,10,638,1.0
188649,9,395,1.8888888888888888,43.888888888888886,1,2,5,17,90,1.0
188656,2,186,3.0,93.0,2,3,4,6,417,0.5
188663,1,104,3.0,104.0,1,1,2,3,637,1.0
188672,1,106,6.0,106.0,1,2,3,6,637,1.0
188700,11,1029,3.1818181818181817,93.54545454545455,1,3,9,35,22,1.0
188702,9,913,4.0,101.44444444444444,2,4,12,36,34,0.1111111111111111
188703,1,91,3.0,91.0,1,1,2,3,637,1.0
188707,2,184,2.5,92.0,1,2,3,5,217,1.0
188714,23,1893,2.9130434782608696,82.30434782608695,1,4,13,67,38,1.0
188716,4,487,3.75,121.75,1,3,7,15,277,1.0
188717,10,745,3.1,74.5,1,4,13,31,17,1.0
188726,1,126,7.0,126.0,1,2,4,7,637,1.0
188730,14,1311,3.5714285714285716,93.64285714285714,4,4,14,50,13,0.7142857142857143
188733,6,477,3.5,79.5,2,3,10,21,27,0.5
188739,1,128,6.0,128.0,1,2,4,6,637,1.0
188742,2,316,5.5,158.0,1,2,7,11,274,1.0
188770,2,270,5.0,135.0,1,3,7,10,553,1.0
188783,11,698,2.272727272727273,63.45454545454545,3,3,8,25,65,0.5454545454545454
188807,4,156,2.0,39.0,2,2,5,8,234,0.75
188820,2,258,5.0,129.0,1,2,5,10,271,1.0
188821,1,115,5.0,115.0,1,2,3,5,635,1.0
188826,5,390,2.6,78.0,2,3,10,13,99,0.8
188833,5,319,1.8,63.8,2,2,5,9,60,0.6
188841,2,129,1.5,64.5,1,2,3,3,568,1.0
188843,6,501,3.3333333333333335,83.5,1,4,8,20,148,1.0
188860,3,426,5.0,142.0,1,2,7,15,564,1.0
188862,2,190,4.0,95.0,2,3,4,8,408,0.5
188872,2,157,3.0,78.5,1,2,4,6,121,1.0
188874,4,241,2.5,60.25,1,2,6,10,436,1.0
188882,1,204,8.0,204.0,1,2,3,8,634,1.0
188886,2,151,2.5,75.5,1,2,4,5,200,1.0
188897,2,169,4.5,84.5,2,2,4,9,581,0.5
188898,6,583,3.3333333333333335,97.16666666666667,1,3,10,20,554,1.0
188906,2,200,4.0,100.0,2,3,4,8,369,0.5
188914,1,133,5.0,133.0,1,2,4,5,634,1.0
188923,6,522,4.333333333333333,87.0,1,3,7,26,287,1.0
188932,1,87,5.0,87.0,1,2,3,5,634,1.0
188941,2,216,4.0,108.0,1,3,5,8,436,1.0
188951,1,112,5.0,112.0,1,2,4,5,633,1.0
188958,7,641,4.142857142857143,91.57142857142857,1,3,7,29,93,1.0
188961,7,524,2.857142857142857,74.85714285714286,2,3,7,20,56,0.8571428571428571
188967,11,700,3.1818181818181817,63.63636363636363,1,4,11,35,17,1.0
188970,10,533,3.1,53.3,1,4,12,31,38,1.0
188971,12,1103,3.5,91.91666666666667,3,3,10,42,27,0.3333333333333333
188972,1,102,5.0,102.0,1,2,4,5,633,1.0
188973,1,91,5.0,91.0,1,2,4,5,634,1.0
188975,1,250,8.0,250.0,1,3,4,8,633,1.0
188978,2,226,3.5,113.0,1,2,4,7,632,1.0
188979,1,107,4.0,107.0,1,2,3,4,633,1.0
188984,2,149,2.5,74.5,1,2,4,5,220,1.0
188988,7,616,3.2857142857142856,88.0,2,3,10,23,160,0.8571428571428571
188990,7,815,4.428571428571429,116.42857142857143,1,3,8,31,3,1.0
188995,6,545,3.5,90.83333333333333,4,2,6,21,260,0.5
189002,5,605,4.2,121.0,2,3,8,21,284,0.4
189008,1,107,3.0,107.0,1,1,2,3,633,1.0
189010,4,597,4.75,149.25,3,3,8,19,11,0.5
189020,5,731,4.2,146.2,2,3,8,21,260,0.8
189028,1,260,10.0,260.0,1,2,5,10,633,1.0
189031,1,95,5.0,95.0,1,2,3,5,633,1.0
189035,1,153,7.0,153.0,1,2,3,7,633,1.0
189047,1,28,2.0,28.0,1,2,2,2,633,1.0
189049,1,94,4.0,94.0,1,2,3,4,633,1.0
189051,4,236,2.5,59.0,1,2,7,10,345,1.0
189055,10,925,3.5,92.5,3,4,12,35,55,0.4
189058,4,399,3.0,99.75,2,3,8,12,77,0.75
189061,2,141,4.0,70.5,2,2,5,8,420,0.5
189065,2,213,4.0,106.5,1,2,5,8,423,1.0
189067,3,309,4.333333333333333,103.0,2,2,5,13,116,0.6666666666666666
189074,1,155,7.0,155.0,1,2,5,7,632,1.0
189086,1,99,3.0,99.0,1,1,2,3,632,1.0
189090,2,188,3.0,94.0,1,2,3,6,632,1.0
189091,16,1702,4.5625,106.375,4,4,14,73,34,0.0625
189094,5,539,5.0,107.8,1,4,10,25,231,1.0
189095,2,949,14.0,474.5,1,3,9,28,632,1.0
189101,4,329,3.25,82.25,1,3,7,13,155,1.0
189103,3,272,3.0,90.66666666666667,1,4,5,9,397,1.0
189106,12,964,2.8333333333333335,80.33333333333333,3,4,9,34,48,0.8333333333333334
189111,2,219,4.5,109.5,1,2,5,9,203,1.0
189117,1,90,3.0,90.0,1,2,2,3,632,1.0
189129,2,488,7.5,244.0,2,3,5,15,98,0.5
189134,1,164,5.0,164.0,1,2,4,5,632,1.0
189144,2,135,3.0,67.5,1,2,5,6,632,1.0
189149,1,166,7.0,166.0,1,2,4,7,632,1.0
189150,1,125,3.0,125.0,1,2,3,3,632,1.0
189158,1,212,5.0,212.0,1,2,4,5,632,1.0
189180,1,114,6.0,114.0,1,2,4,6,631,1.0
189183,6,559,4.166666666666667,93.16666666666667,3,3,10,25,281,0.5
189189,4,158,2.75,39.5,1,2,4,11,149,1.0
189192,3,289,3.6666666666666665,96.33333333333333,1,4,6,11,420,1.0
189193,1,110,4.0,110.0,1,2,2,4,630,1.0
189200,1,195,5.0,195.0,1,2,3,5,631,1.0
189201,7,856,5.571428571428571,122.28571428571429,2,4,10,39,69,0.14285714285714285
189209,3,701,9.0,233.66666666666666,1,3,7,27,189,1.0
189213,3,386,4.333333333333333,128.66666666666666,1,4,7,13,104,1.0
189217,1,112,6.0,112.0,1,2,3,6,631,1.0
189227,1,127,6.0,127.0,1,2,4,6,631,1.0
189250,3,280,3.0,93.33333333333333,1,4,7,9,51,1.0
189254,2,269,4.5,134.5,1,2,4,9,630,1.0
189261,3,448,4.333333333333333,149.33333333333334,1,3,8,13,574,1.0
189270,1,75,3.0,75.0,1,2,2,3,630,1.0
189273,1,39,1.0,39.0,1,1,1,1,630,1.0
189274,8,649,2.375,81.125,2,4,10,19,119,0.875
189280,1,101,5.0,101.0,1,2,4,5,631,1.0
189288,1,183,7.0,183.0,1,2,5,7,630,1.0
189293,1,97,3.0,97.0,1,2,2,3,631,1.0
189294,6,432,2.5,72.0,2,2,4,15,165,0.5
189296,6,526,3.6666666666666665,87.66666666666667,2,2,8,22,52,0.3333333333333333
189299,1,140,6.0,140.0,1,2,4,6,631,1.0
189306,2,188,3.5,94.0,1,2,4,7,430,1.0
189313,2,193,3.0,96.5,2,2,6,6,143,0.5
189339,1,70,3.0,70.0,1,1,3,3,631,1.0
189340,2,150,2.0,75.0,1,2,2,4,69,1.0
189342,1,116,5.0,116.0,1,3,4,5,631,1.0
189344,2,372,6.0,186.0,1,1,8,12,189,1.0
189351,1,95,5.0,95.0,1,2,4,5,631,1.0
189360,4,249,3.0,62.25,1,3,7,12,441,1.0
189365,3,260,3.0,86.66666666666667,1,2,7,9,354,1.0
189366,1,117,5.0,117.0,1,3,4,5,630,1.0
189392,2,243,3.5,121.5,1,1,4,7,613,1.0
189400,3,453,5.0,151.0,3,3,6,15,192,0.3333333333333333
189409,4,453,4.0,113.25,2,3,6,16,495,0.5
189419,1,223,8.0,223.0,1,3,5,8,631,1.0
189423,1,99,5.0,99.0,1,3,3,5,630,1.0
189455,4,195,2.5,48.75,2,3,6,10,401,0.75
189461,3,416,6.333333333333333,138.66666666666666,3,2,5,19,337,0.3333333333333333
189465,2,216,4.0,108.0,1,3,5,8,137,1.0
189469,2,291,5.5,145.5,1,3,6,11,492,1.0
189476,1,191,6.0,191.0,1,3,4,6,631,1.0
189479,1,196,7.0,196.0,1,3,6,7,631,1.0
189482,1,95,5.0,95.0,1,2,4,5,631,1.0
189486,1,239,9.0,239.0,1,2,7,9,631,1.0
189487,1,173,6.0,173.0,1,2,5,6,630,1.0
189489,4,805,7.0,201.25,1,2,8,28,429,1.0
189500,2,194,4.5,97.0,2,2,5,9,570,0.5
189501,12,489,2.75,40.75,1,4,8,33,6,1.0
189504,6,386,1.6666666666666667,64.33333333333333,1,4,6,10,86,1.0
189505,2,209,4.0,104.5,1,2,4,8,174,1.0
189515,1,183,8.0,183.0,1,2,5,8,629,1.0
189539,3,567,6.333333333333333,189.0,2,3,8,17,231,0.3333333333333333
189546,1,74,2.0,74.0,1,1,2,2,629,1.0
189566,12,1203,3.4166666666666665,100.25,4,4,9,41,46,0.5
189571,3,357,4.333333333333333,119.0,1,4,8,13,277,1.0
189584,1,176,7.0,176.0,1,2,4,7,628,1.0
189591,1,116,3.0,116.0,1,1,2,3,628,1.0
189593,2,462,8.0,231.0,1,2,7,16,599,1.0
189600,3,603,6.0,201.0,2,3,9,18,0,0.3333333333333333
189617,7,354,1.7142857142857142,50.57142857142857,3,2,6,12,453,0.5714285714285714
189618,1,129,6.0,129.0,1,2,3,6,628,1.0
189626,9,604,2.7777777777777777,67.11111111111111,1,4,9,25,39,1.0
189635,2,215,4.5,107.5,1,2,3,9,611,1.0
189641,2,199,4.0,99.5,1,2,3,8,226,1.0
189647,2,163,3.5,81.5,1,3,5,7,484,1.0
189648,2,145,3.0,72.5,1,2,4,6,623,1.0
189658,13,773,2.3076923076923075,59.46153846153846,3,4,10,30,210,0.15384615384615385
189662,7,472,2.7142857142857144,67.42857142857143,2,3,7,19,79,0.8571428571428571
189666,3,235,3.0,78.33333333333333,1,3,6,9,320,1.0
189667,1,259,9.0,259.0,1,3,4,9,628,1.0
189681,1,139,8.0,139.0,1,2,3,7,627,1.0
189703,2,249,4.0,124.5,2,3,7,8,383,0.5
189704,1,99,5.0,99.0,1,2,4,5,627,1.0
189709,1,174,6.0,174.0,1,1,3,6,627,1.0
189713,2,241,3.5,120.5,1,2,4,7,200,1.0
189720,1,129,6.0,129.0,1,2,4,6,627,1.0
189725,13,839,2.6923076923076925,64.53846153846153,5,4,12,35,157,0.5384615384615384
189729,2,323,5.0,161.5,2,3,6,10,627,0.5
189738,2,297,4.0,148.5,1,3,4,8,410,1.0
189739,1,145,5.0,145.0,1,2,3,5,627,1.0
189743,6,572,4.0,95.33333333333333,1,4,8,24,65,1.0
189751,4,665,4.75,166.25,2,3,6,19,201,0.75
189752,3,416,4.666666666666667,138.66666666666666,2,3,6,14,260,0.6666666666666666
189755,5,788,4.8,157.6,2,3,9,24,127,0.6
189767,3,213,3.0,71.0,1,2,6,9,146,1.0
189779,1,164,6.0,164.0,1,2,3,6,626,1.0
189782,5,457,3.2,91.4,4,3,7,16,157,0.2
189784,2,228,5.0,114.0,2,2,5,10,588,0.5
189786,1,144,6.0,144.0,1,2,3,6,626,1.0
189793,5,495,3.0,99.0,3,3,8,15,404,0.2
189798,2,252,4.5,126.0,2,2,5,9,624,0.5
189812,2,262,5.5,131.0,1,3,8,11,241,1.0
189820,6,554,3.1666666666666665,92.33333333333333,1,4,11,19,77,1.0
189832,5,502,4.0,100.4,3,3,6,20,39,0.6
189837,2,262,3.5,131.0,1,3,5,7,402,1.0
189845,2,191,4.5,95.5,2,2,5,9,617,0.5
189854,1,99,5.0,99.0,1,2,3,5,625,1.0
189856,2,249,4.0,124.5,1,3,6,8,625,1.0
189860,2,220,4.5,110.0,1,3,6,9,260,1.0
189864,3,173,3.0,57.666666666666664,2,2,5,9,264,0.3333333333333333
189867,1,104,4.0,104.0,1,3,3,4,625,1.0
189875,3,297,3.6666666666666665,99.0,2,2,5,11,160,0.3333333333333333
189891,1,164,6.0,164.0,1,2,3,6,625,1.0
189898,1,107,5.0,107.0,1,2,3,5,625,1.0
189901,3,281,4.666666666666667,93.66666666666667,1,2,7,14,553,1.0
189902,9,627,2.4444444444444446,69.66666666666667,2,4,9,22,139,0.2222222222222222
189909,5,356,2.2,71.2,2,3,6,11,590,0.6
189910,5,322,2.2,64.4,1,2,7,11,252,1.0
189915,7,828,4.571428571428571,118.28571428571429,3,3,5,32,24,0.7142857142857143
189923,2,387,3.5,193.5,1,3,7,7,92,1.0
189924,1,147,7.0,147.0,1,2,5,7,625,1.0
189937,1,290,9.0,290.0,1,2,6,9,623,1.0
189940,4,576,5.75,144.0,2,2,8,23,190,0.75
189947,1,139,3.0,139.0,1,1,3,3,624,1.0
189949,10,931,4.3,93.1,4,4,11,43,3,0.6
189954,8,1091,7.25,136.375,1,4,9,58,256,1.0
189964,2,269,5.5,134.5,1,1,5,11,596,1.0
189965,1,99,5.0,99.0,1,2,2,5,624,1.0
189968,3,382,5.0,127.33333333333333,1,3,7,15,429,1.0
189969,1,129,5.0,129.0,1,2,4,5,624,1.0
189970,1,101,5.0,101.0,1,2,4,5,624,1.0
189974,1,129,5.0,129.0,1,2,4,5,623,1.0
189983,1,99,5.0,99.0,1,2,4,5,624,1.0
189989,3,425,5.0,141.66666666666666,2,2,9,15,327,0.3333333333333333
189994,2,315,5.5,157.5,1,2,3,11,320,1.0
190008,1,224,8.0,224.0,1,3,4,8,624,1.0
190013,5,469,4.8,93.8,1,2,7,24,329,1.0
190019,2,217,5.0,108.5,1,2,5,10,344,1.0
190027,2,194,3.0,97.0,1,2,4,6,225,1.0
190030,1,157,4.0,157.0,1,1,4,4,624,1.0
190033,2,301,5.5,150.5,1,3,6,11,79,1.0
190035,1,132,6.0,132.0,1,2,5,6,623,1.0
190042,2,296,5.0,148.0,1,2,6,10,268,1.0
190048,2,227,4.0,113.5,1,3,4,8,618,1.0
190051,3,421,3.0,140.33333333333334,1,2,5,9,187,1.0
190052,1,285,8.0,285.0,1,3,5,8,624,1.0
190054,7,602,2.7142857142857144,86.0,2,2,6,19,137,0.42857142857142855
190060,1,154,5.0,154.0,1,2,4,5,623,1.0
190065,1,103,6.0,103.0,1,3,5,6,624,1.0
190071,7,614,3.4285714285714284,87.71428571428571,1,4,9,24,217,1.0
190088,2,237,3.5,118.5,1,1,2,7,546,1.0
190089,1,146,4.0,146.0,1,1,3,4,623,1.0
190102,1,132,6.0,132.0,1,2,3,6,623,1.0
190106,2,266,4.0,133.0,2,1,3,8,537,0.5
190107,1,110,3.0,110.0,1,2,3,3,624,1.0
190118,6,980,6.666666666666667,163.33333333333334,1,4,12,40,79,1.0
190120,1,42,3.0,42.0,1,2,2,3,624,1.0
190132,1,143,5.0,143.0,1,2,4,5,623,1.0
190144,1,135,6.0,135.0,1,3,4,6,623,1.0
190152,1,158,6.0,158.0,1,2,3,6,623,1.0
190161,2,183,3.5,91.5,1,2,5,7,534,1.0
190165,3,406,4.333333333333333,135.33333333333334,1,3,9,13,0,1.0
190171,11,823,2.3636363636363638,74.81818181818181,1,4,12,26,204,1.0
190175,2,272,7.0,136.0,1,2,4,14,267,1.0
190192,5,607,4.4,121.4,1,2,7,22,147,1.0
190196,1,102,3.0,102.0,1,1,2,3,241,1.0
190206,2,160,4.0,80.0,1,3,5,8,574,1.0
190212,1,114,6.0,114.0,1,2,4,6,622,1.0
190220,1,110,5.0,110.0,1,2,3,5,622,1.0
190223,1,152,4.0,152.0,1,1,2,4,622,1.0
190227,1,143,7.0,143.0,1,2,3,7,622,1.0
190233,4,266,2.25,66.5,2,3,7,9,225,0.75
190236,1,101,4.0,101.0,1,2,4,4,622,1.0
190237,1,103,5.0,103.0,1,2,4,5,622,1.0
190238,4,867,8.5,216.75,1,3,8,34,371,1.0
190239,3,299,4.666666666666667,99.66666666666667,2,2,5,14,6,0.6666666666666666
190242,6,637,3.6666666666666665,106.16666666666667,5,3,9,22,3,0.3333333333333333
190246,13,1716,5.0,132.0,3,4,10,65,34,0.8461538461538461
190255,1,156,4.0,156.0,1,1,2,4,622,1.0
190267,5,455,4.4,91.0,2,2,8,22,267,0.6
190269,4,513,4.5,128.25,1,2,7,18,266,1.0
190279,1,142,6.0,142.0,1,2,4,6,622,1.0
190280,1,99,5.0,99.0,1,2,4,5,622,1.0
190287,1,111,4.0,111.0,1,2,3,4,622,1.0
190302,4,428,3.75,107.0,2,3,8,15,115,0.75
190309,25,1807,3.24,72.28,4,4,11,81,30,0.6
190315,7,590,3.0,84.28571428571429,1,2,8,21,27,1.0
190320,3,322,2.0,107.33333333333333,2,2,3,6,481,0.3333333333333333
190332,4,429,4.75,107.25,2,3,6,19,312,0.75
190347,1,220,8.0,220.0,1,2,4,8,427,1.0
190355,4,331,2.5,82.75,1,1,7,10,97,1.0
190356,2,159,2.0,79.5,1,1,4,4,522,1.0
190357,1,136,6.0,136.0,1,2,3,6,621,1.0
190377,2,308,5.0,154.0,1,2,4,10,421,1.0
190379,4,280,2.25,70.0,1,2,8,9,21,1.0
190384,1,168,4.0,168.0,1,1,3,4,621,1.0
190387,6,579,3.0,96.5,2,3,7,18,129,0.8333333333333334
190403,2,238,4.5,119.0,1,4,7,9,28,1.0
190404,1,130,6.0,130.0,1,3,5,6,621,1.0
190405,3,256,3.3333333333333335,85.33333333333333,1,2,4,10,163,1.0
190407,1,104,4.0,104.0,1,2,3,4,621,1.0
190416,3,359,4.333333333333333,119.66666666666667,1,3,7,13,229,1.0
190423,1,139,6.0,139.0,1,3,5,6,620,1.0
190427,10,896,3.6,89.6,3,2,6,36,160,0.3
190433,5,270,2.4,54.0,1,3,6,12,521,1.0
190436,1,125,5.0,125.0,1,2,3,5,620,1.0
190453,6,521,3.3333333333333335,86.83333333333333,2,2,7,20,48,0.3333333333333333
190465,4,447,4.0,111.75,1,3,7,16,153,1.0
190474,9,930,4.333333333333333,103.33333333333333,2,4,11,39,65,0.7777777777777778
190486,4,327,3.75,81.75,1,2,7,15,231,1.0
190488,2,163,4.0,81.5,1,2,5,8,199,1.0
190495,2,674,10.0,337.0,1,3,9,20,317,1.0
190496,1,101,3.0,101.0,1,1,3,3,620,1.0
190497,7,528,3.142857142857143,75.42857142857143,1,2,8,22,56,1.0
190499,1,128,6.0,128.0,1,2,5,6,620,1.0
190508,17,892,2.2941176470588234,52.470588235294116,6,4,9,39,22,0.5294117647058824
190511,1,93,5.0,93.0,1,1,1,5,620,1.0
190514,2,242,4.5,121.0,2,3,6,9,46,0.5
190523,2,102,2.5,51.0,1,2,4,5,596,1.0
190533,1,90,5.0,90.0,1,2,4,5,620,1.0
190537,2,427,7.0,213.5,2,2,6,14,56,0.5
190540,2,171,3.5,85.5,1,3,5,7,429,1.0
190543,3,369,4.333333333333333,123.0,1,3,7,13,480,1.0
190544,1,135,6.0,135.0,1,2,5,6,620,1.0
190545,5,895,5.2,179.0,2,4,12,26,101,0.6
190551,1,99,5.0,99.0,1,2,4,5,619,1.0
190553,3,211,3.3333333333333335,70.33333333333333,2,1,4,10,128,0.6666666666666666
190567,7,853,3.5714285714285716,121.85714285714286,2,4,10,25,125,0.42857142857142855
190571,12,1328,4.083333333333333,110.66666666666667,1,4,10,49,37,1.0
190572,3,306,4.666666666666667,102.0,2,2,6,14,57,0.6666666666666666
190587,12,898,2.5,74.83333333333333,4,4,10,30,37,0.5
190601,1,89,5.0,89.0,1,2,3,5,619,1.0
190605,2,138,2.5,69.0,1,2,5,5,557,1.0
190606,4,306,2.25,76.5,1,2,6,9,116,1.0
190611,13,1161,3.3846153846153846,89.3076923076923,1,4,9,44,8,1.0
190616,1,277,9.0,277.0,1,3,6,9,619,1.0
190617,11,689,2.909090909090909,62.63636363636363,1,3,10,32,48,1.0
190620,3,158,1.6666666666666667,52.666666666666664,1,1,4,5,341,1.0
190628,1,90,4.0,90.0,1,2,3,4,619,1.0
190635,5,452,3.6,90.4,1,4,10,18,111,1.0
190637,1,104,2.0,104.0,1,1,2,2,619,1.0
190640,1,225,6.0,225.0,1,3,6,6,619,1.0
190643,2,288,5.5,144.0,1,2,4,11,619,1.0
190644,4,353,4.25,88.25,1,4,9,17,161,1.0
190650,2,344,2.5,172.0,1,1,2,5,259,1.0
190654,1,105,6.0,105.0,1,2,3,6,619,1.0
190659,4,393,5.0,98.25,1,2,5,20,301,1.0
190661,2,262,7.0,131.0,1,2,8,14,539,1.0
190664,2,315,8.0,157.5,1,1,5,16,270,1.0
190678,1,104,4.0,104.0,1,2,3,4,618,1.0
190684,5,256,2.4,51.2,2,2,5,12,261,0.4
190686,1,201,8.0,201.0,1,2,5,8,618,1.0
190689,10,816,3.0,81.6,1,3,10,30,62,1.0
190690,5,365,3.0,73.0,2,3,9,15,255,0.4
190702,3,395,5.0,131.66666666666666,1,2,4,15,274,1.0
190703,1,89,5.0,89.0,1,2,4,5,618,1.0
190715,1,272,11.0,272.0,1,2,5,11,618,1.0
190716,3,275,3.3333333333333335,91.66666666666667,1,3,7,10,467,1.0
190731,4,470,4.25,117.5,2,3,9,17,247,0.25
190733,1,96,5.0,96.0,1,2,4,5,618,1.0
190736,2,134,2.0,67.0,2,2,4,4,224,0.5
190751,9,582,2.888888888888889,64.66666666666667,2,3,9,26,9,0.8888888888888888
190754,2,104,3.5,52.0,1,2,3,7,541,1.0
190756,4,326,2.25,81.5,1,2,4,9,39,1.0
190761,5,591,4.2,118.2,2,4,9,21,62,0.8
190780,1,100,5.0,100.0,1,2,4,5,618,1.0
190781,4,360,5.75,90.0,1,2,8,23,65,1.0
190785,5,440,3.2,88.0,2,4,7,16,93,0.8
190788,1,155,6.0,155.0,1,2,5,6,618,1.0
190789,8,525,2.875,65.625,1,3,7,23,15,1.0
190793,1,101,5.0,101.0,1,2,4,5,618,1.0
190798,2,421,7.5,210.5,1,3,6,15,259,1.0
190800,1,187,6.0,187.0,1,2,4,6,617,1.0
190814,1,253,7.0,253.0,1,1,3,7,617,1.0
190817,1,129,4.0,129.0,1,2,3,4,616,1.0
190830,1,96,5.0,96.0,1,2,4,5,616,1.0
190832,1,160,7.0,160.0,1,2,3,7,616,1.0
190844,6,539,2.8333333333333335,89.83333333333333,1,3,7,17,176,1.0
190859,1,143,6.0,143.0,1,2,4,6,616,1.0
190861,3,321,3.0,107.0,3,3,7,9,125,0.3333333333333333
190863,6,593,3.3333333333333335,98.83333333333333,1,4,8,20,156,1.0
190877,2,255,4.5,127.5,1,2,5,9,182,1.0
190890,2,139,3.5,69.5,2,3,4,7,357,0.5
190900,1,136,6.0,136.0,1,2,5,6,617,1.0
190903,3,275,3.6666666666666665,91.66666666666667,3,3,5,11,233,0.3333333333333333
190915,5,407,3.0,81.4,1,3,8,15,35,1.0
190916,1,152,7.0,152.0,1,2,5,7,616,1.0
190920,9,886,4.111111111111111,98.44444444444444,2,4,11,37,199,0.8888888888888888
190922,1,116,3.0,116.0,1,1,3,3,617,1.0
190928,1,90,4.0,90.0,1,3,3,4,616,1.0
190932,8,985,4.75,123.125,3,4,11,38,23,0.75
190947,2,229,3.0,114.5,1,3,3,6,133,1.0
190954,4,333,2.75,83.25,3,4,7,11,41,0.5
190967,1,144,6.0,144.0,1,2,5,6,616,1.0
190969,5,607,3.0,121.4,1,3,8,15,86,1.0
190977,6,464,3.0,77.33333333333333,4,3,7,18,97,0.3333333333333333
190982,10,1271,4.8,127.1,1,4,12,48,114,1.0
191010,1,94,4.0,94.0,1,2,3,4,617,1.0
191015,2,292,3.5,146.0,1,3,4,7,560,1.0
191020,7,363,1.8571428571428572,51.857142857142854,1,4,9,13,41,1.0
191027,9,1682,5.555555555555555,186.88888888888889,4,4,10,50,20,0.5555555555555556
191033,3,474,5.666666666666667,158.0,1,4,6,17,29,1.0
191041,4,210,2.5,52.5,1,3,5,10,128,1.0
191047,16,1646,3.6875,102.875,2,4,12,59,17,0.9375
191049,1,95,5.0,95.0,1,2,4,5,614,1.0
191054,4,464,4.5,116.0,1,4,10,18,511,1.0
191056,5,333,3.8,66.6,1,4,7,19,90,1.0
191059,1,162,4.0,162.0,1,1,3,4,614,1.0
191064,1,194,6.0,194.0,1,1,4,6,614,1.0
191072,1,210,9.0,210.0,1,3,6,9,613,1.0
191095,3,383,4.666666666666667,127.66666666666667,1,3,7,14,49,1.0
191105,1,145,5.0,145.0,1,3,4,5,613,1.0
191111,2,203,3.0,101.5,1,3,4,6,596,1.0
191112,17,1558,4.0,91.6470588235294,2,4,13,68,1,0.5882352941176471
191122,1,143,5.0,143.0,1,3,4,5,613,1.0
191128,8,618,3.875,77.25,3,4,9,31,7,0.375
191130,1,123,5.0,123.0,1,2,4,5,612,1.0
191134,2,277,5.5,138.5,1,2,6,11,397,1.0
191135,4,259,2.5,64.75,1,3,6,10,331,1.0
191140,2,159,3.5,79.5,2,2,5,7,234,0.5
191143,1,144,6.0,144.0,1,2,4,6,612,1.0
191146,3,481,5.333333333333333,160.33333333333334,2,3,10,16,6,0.6666666666666666
191150,3,333,5.333333333333333,111.0,2,3,7,16,233,0.3333333333333333
191160,1,174,4.0,174.0,1,2,4,4,612,1.0
191163,7,731,3.0,104.42857142857143,1,2,6,21,3,1.0
191170,5,327,3.6,65.4,2,3,7,18,462,0.8
191178,1,171,7.0,171.0,1,2,4,7,612,1.0
191186,8,931,5.75,116.375,1,4,11,46,146,1.0
191192,2,282,5.5,141.0,1,3,6,11,343,1.0
191195,3,417,4.666666666666667,139.0,2,3,5,14,30,0.6666666666666666
191205,11,735,2.909090909090909,66.81818181818181,3,4,11,32,3,0.2727272727272727
191221,1,125,3.0,125.0,1,1,3,3,611,1.0
191231,1,155,4.0,155.0,1,1,2,4,611,1.0
191248,1,241,9.0,241.0,1,3,6,9,611,1.0
191249,1,231,10.0,231.0,1,2,6,10,611,1.0
191252,1,193,9.0,193.0,1,2,5,9,611,1.0
191253,1,112,6.0,112.0,1,2,4,6,611,1.0
191254,7,524,3.142857142857143,74.85714285714286,1,4,10,22,69,1.0
191272,17,1957,4.647058823529412,115.11764705882354,2,3,11,79,38,0.5294117647058824
191276,6,1352,8.833333333333334,225.33333333333334,4,4,10,53,90,0.3333333333333333
191281,5,645,4.0,129.0,1,3,7,20,112,1.0
191297,9,1348,4.777777777777778,149.77777777777777,1,4,12,43,38,1.0
191303,1,96,5.0,96.0,1,2,2,5,609,1.0
191304,1,95,5.0,95.0,1,2,4,5,610,1.0
191315,5,465,4.2,93.0,3,3,8,21,246,0.6
191327,13,2104,5.461538461538462,161.84615384615384,1,4,15,71,76,1.0
191340,1,110,4.0,110.0,1,2,2,4,610,1.0
191354,1,135,4.0,135.0,1,2,2,4,610,1.0
191355,6,690,3.8333333333333335,115.0,2,3,11,23,63,0.8333333333333334
191357,4,403,3.25,100.75,3,3,8,13,222,0.25
191365,7,793,4.857142857142857,113.28571428571429,1,4,11,34,53,1.0
191373,1,214,8.0,214.0,1,2,4,8,609,1.0
191374,4,304,2.5,76.0,1,4,7,10,121,1.0
191380,3,422,6.666666666666667,140.66666666666666,2,2,5,20,248,0.3333333333333333
191381,2,413,7.0,206.5,1,2,5,14,7,1.0
191393,1,99,5.0,99.0,1,2,3,5,606,1.0
191396,2,144,3.0,72.0,1,3,5,6,605,1.0
191398,4,603,5.5,150.75,2,3,6,22,182,0.5
191399,11,729,2.727272727272727,66.27272727272727,1,2,9,30,181,1.0
191400,5,242,2.2,48.4,2,2,5,11,239,0.2
191401,1,105,5.0,105.0,1,2,4,5,605,1.0
191413,1,262,8.0,262.0,1,2,4,8,607,1.0
191433,2,234,4.5,117.0,1,2,4,9,605,1.0
191434,1,376,13.0,376.0,1,2,4,13,607,1.0
191441,11,1188,4.090909090909091,108.0,1,3,8,45,65,1.0
191444,1,138,6.0,138.0,1,2,3,6,605,1.0
191447,1,70,2.0,70.0,1,1,2,2,604,1.0
191462,6,856,3.3333333333333335,142.66666666666666,2,3,6,20,254,0.6666666666666666
191474,2,403,7.0,201.5,2,2,6,14,331,0.5
191477,3,326,4.333333333333333,108.66666666666667,2,4,7,13,178,0.6666666666666666
191478,4,299,2.5,74.75,1,3,7,10,339,1.0
191479,1,144,6.0,144.0,1,2,3,6,604,1.0
191481,1,185,6.0,185.0,1,2,5,6,602,1.0
191483,1,104,3.0,104.0,1,2,3,3,602,1.0
191487,1,144,4.0,144.0,1,1,3,4,603,1.0
191497,2,261,6.0,130.5,1,3,6,12,467,1.0
191499,3,305,3.6666666666666665,101.66666666666667,1,3,6,11,17,1.0
191502,4,460,4.5,115.0,2,2,5,18,160,0.75
191505,2,175,4.0,87.5,1,2,5,8,595,1.0
191514,13,686,2.4615384615384617,52.76923076923077,6,4,9,32,69,0.46153846153846156
191524,3,807,7.666666666666667,269.0,1,4,9,23,97,1.0
191528,1,107,5.0,107.0,1,2,3,5,602,1.0
191529,4,534,4.5,133.5,1,3,5,18,132,1.0
191559,6,382,2.0,63.666666666666664,1,3,7,12,15,1.0
191561,2,152,2.5,76.0,1,2,5,5,396,1.0
191575,1,220,6.0,220.0,1,2,3,6,600,1.0
191587,1,112,4.0,112.0,1,2,4,4,600,1.0
191600,1,94,5.0,94.0,1,2,4,5,599,1.0
191601,1,93,5.0,93.0,1,2,2,5,599,1.0
191610,1,148,4.0,148.0,1,1,1,4,598,1.0
191613,2,120,2.0,60.0,2,1,3,4,598,0.5
191616,7,695,3.4285714285714284,99.28571428571429,1,4,10,24,38,1.0
191620,2,154,3.5,77.0,1,2,4,7,598,1.0
191624,2,278,5.0,139.0,1,2,8,10,294,1.0
191635,1,127,7.0,127.0,1,2,4,7,598,1.0
191641,2,16,2.0,8.0,1,2,2,4,160,1.0
191655,1,131,4.0,131.0,1,1,3,4,597,1.0
191663,3,350,5.333333333333333,116.66666666666667,1,3,7,16,334,1.0
191669,4,281,3.25,70.25,1,2,6,13,119,1.0
191686,2,134,4.0,67.0,1,2,5,8,409,1.0
191703,6,615,4.666666666666667,102.5,2,3,9,28,36,0.8333333333333334
191707,2,381,6.5,190.5,2,3,6,13,420,0.5
191710,1,229,9.0,229.0,1,3,6,9,595,1.0
191713,3,251,2.6666666666666665,83.66666666666667,1,3,6,8,65,1.0
191721,1,138,8.0,138.0,1,2,6,8,596,1.0
191723,23,1565,2.652173913043478,68.04347826086956,3,4,13,61,57,0.43478260869565216
191724,2,148,4.0,74.0,1,2,4,8,428,1.0
191731,2,214,4.5,107.0,1,2,4,9,62,1.0
191740,3,401,4.666666666666667,133.66666666666666,3,3,5,14,90,0.3333333333333333
191758,3,253,3.3333333333333335,84.33333333333333,1,3,4,10,266,1.0
191766,2,211,4.5,105.5,1,2,5,9,98,1.0
191780,1,96,5.0,96.0,1,2,3,5,596,1.0
191781,3,187,2.3333333333333335,62.333333333333336,1,2,3,7,343,1.0
191782,4,489,5.0,122.25,1,4,10,20,308,1.0
191787,2,308,6.0,154.0,1,2,3,12,224,1.0
191797,2,208,5.0,104.0,2,2,5,10,132,0.5
191799,9,905,4.555555555555555,100.55555555555556,4,4,10,41,51,0.5555555555555556
191803,2,244,5.0,122.0,1,2,3,10,536,1.0
191807,4,428,4.0,107.0,2,3,6,16,34,0.75
191819,2,159,4.0,79.5,1,2,5,8,215,1.0
191820,1,93,5.0,93.0,1,2,2,5,593,1.0
191822,3,384,5.333333333333333,128.0,1,2,6,16,150,1.0
191823,1,105,6.0,105.0,1,2,4,6,593,1.0
191838,16,1148,3.0,71.75,2,3,9,48,36,0.5625
191846,2,404,7.0,202.0,1,3,9,14,584,1.0
191850,1,98,5.0,98.0,1,2,4,5,592,1.0
191851,1,97,6.0,97.0,1,2,5,6,592,1.0
191870,5,384,3.6,76.8,1,2,6,18,60,1.0
191872,4,612,8.0,153.0,1,3,7,32,228,1.0
191891,1,176,8.0,176.0,1,2,4,8,591,1.0
191893,1,94,5.0,94.0,1,3,4,5,591,1.0
191906,6,468,3.0,78.0,2,3,9,18,140,0.3333333333333333
191909,4,268,2.5,67.0,4,3,6,10,37,0.25
191913,7,258,2.4285714285714284,36.857142857142854,1,3,7,17,357,1.0
191920,3,311,4.0,103.66666666666667,2,3,4,12,469,0.6666666666666666
191939,1,93,4.0,93.0,1,1,3,4,589,1.0
191946,4,262,3.25,65.5,1,3,8,13,65,1.0
191947,3,312,4.0,104.0,1,3,7,12,423,1.0
191965,2,455,8.0,227.5,1,3,7,16,585,1.0
191967,1,97,5.0,97.0,1,2,3,5,588,1.0
191973,1,124,6.0,124.0,1,2,4,6,588,1.0
191975,1,254,8.0,254.0,1,2,4,8,588,1.0
191980,6,407,3.6666666666666665,67.83333333333333,1,3,8,22,60,1.0
191982,4,319,2.5,79.75,1,2,6,10,350,1.0
191986,2,445,7.5,222.5,1,3,9,15,294,1.0
191991,10,490,1.8,49.0,1,3,6,18,59,1.0
191995,1,126,6.0,126.0,1,2,3,6,589,1.0
192002,7,1051,4.857142857142857,150.14285714285714,1,4,10,34,62,1.0
192013,7,403,2.142857142857143,57.57142857142857,1,3,6,15,27,1.0
192016,8,1083,5.5,135.375,2,4,12,44,164,0.375
192027,2,200,3.0,100.0,1,2,5,6,191,1.0
192036,2,282,6.0,141.0,1,3,5,12,225,1.0
192040,2,303,6.0,151.5,1,2,6,12,285,1.0
192045,4,463,3.75,115.75,1,4,9,15,100,1.0
192047,2,136,3.0,68.0,2,2,5,6,32,0.5
192057,2,334,6.5,167.0,1,3,8,13,465,1.0
192059,1,31,3.0,31.0,1,2,2,3,585,1.0
192064,1,145,7.0,145.0,1,2,6,7,585,1.0
192076,2,232,5.0,116.0,1,2,5,10,406,1.0
192077,2,178,4.5,89.0,2,3,6,9,465,0.5
192082,8,1371,5.375,171.375,3,4,8,43,22,0.5
192104,13,756,2.769230769230769,58.15384615384615,2,4,10,36,35,0.9230769230769231
192131,6,717,4.5,119.5,2,3,11,27,66,0.8333333333333334
192138,8,391,2.0,48.875,5,3,8,16,60,0.375
192140,12,826,3.0,68.83333333333333,3,4,11,36,28,0.6666666666666666
192142,1,144,6.0,144.0,1,2,5,6,582,1.0
192145,2,274,5.5,137.0,1,2,8,11,406,1.0
192159,7,637,2.857142857142857,91.0,3,3,9,20,27,0.2857142857142857
192171,3,154,3.3333333333333335,51.333333333333336,1,3,6,10,224,1.0
192173,1,128,8.0,128.0,1,2,3,8,581,1.0
192192,1,121,5.0,121.0,1,1,3,5,582,1.0
192207,1,107,6.0,107.0,1,2,5,6,582,1.0
192209,3,280,3.3333333333333335,93.33333333333333,1,3,5,10,429,1.0
192210,18,1076,2.6666666666666665,59.77777777777778,1,4,10,48,1,1.0
192213,3,312,4.0,104.0,1,3,5,12,222,1.0
192217,1,161,9.0,161.0,1,3,5,9,581,1.0
192220,5,655,4.0,131.0,2,4,9,20,97,0.8
192224,1,122,4.0,122.0,1,1,4,4,581,1.0
192226,2,106,1.5,53.0,1,2,3,3,473,1.0
192230,1,135,5.0,135.0,1,2,3,5,582,1.0
192240,8,543,2.125,67.875,2,3,10,17,121,0.625
192243,6,375,2.6666666666666665,62.5,1,2,7,16,343,1.0
192244,3,188,3.0,62.666666666666664,1,2,5,9,344,1.0
192248,5,670,4.6,134.0,1,4,9,23,134,1.0
192256,3,234,3.3333333333333335,78.0,1,2,6,10,436,1.0
192266,2,170,3.5,85.0,2,2,5,7,369,0.5
192270,2,189,5.0,94.5,1,2,5,10,539,1.0
192279,2,183,3.0,91.5,1,2,4,6,69,1.0
192301,12,1005,3.3333333333333335,83.75,4,4,11,40,69,0.08333333333333333
192308,1,110,6.0,110.0,1,2,5,6,578,1.0
192311,1,314,12.0,314.0,1,2,5,12,578,1.0
192313,1,117,5.0,117.0,1,1,3,5,578,1.0
192322,8,697,3.5,87.125,1,3,10,28,65,1.0
192345,2,192,4.0,96.0,1,2,4,8,427,1.0
192355,2,254,4.0,127.0,1,3,5,8,309,1.0
192362,1,110,5.0,110.0,1,3,4,5,577,1.0
192365,6,542,4.0,90.33333333333333,3,2,8,24,32,0.5
192373,9,599,2.2222222222222223,66.55555555555556,2,4,10,20,48,0.8888888888888888
192388,2,251,5.5,125.5,2,3,6,11,464,0.5
192402,8,910,4.0,113.75,4,4,7,32,109,0.125
192408,2,326,8.0,163.0,1,2,4,16,576,1.0
192433,2,192,6.5,96.0,1,2,3,13,520,1.0
192435,2,211,4.5,105.5,1,2,5,9,563,1.0
192442,1,118,4.0,118.0,1,2,3,4,574,1.0
192443,5,314,2.2,62.8,3,4,9,11,225,0.6
192447,1,115,4.0,115.0,1,1,3,4,575,1.0
192461,3,242,3.0,80.66666666666667,1,2,4,9,365,1.0
192467,8,650,3.375,81.25,3,3,7,27,396,0.75
192472,7,628,4.428571428571429,89.71428571428571,2,3,7,31,55,0.2857142857142857
192475,6,488,3.0,81.33333333333333,1,3,9,18,99,1.0
192493,3,310,5.666666666666667,103.33333333333333,1,3,6,17,224,1.0
192508,4,427,4.25,106.75,1,3,8,17,29,1.0
192516,1,145,8.0,145.0,1,2,3,8,575,1.0
192519,1,107,6.0,107.0,1,2,3,6,574,1.0
192527,3,226,4.333333333333333,75.33333333333333,2,2,4,13,210,0.3333333333333333
192550,2,171,4.0,85.5,1,2,4,8,306,1.0
192554,3,339,3.0,113.0,1,2,4,9,149,1.0
192562,2,204,5.0,102.0,2,2,4,10,518,0.5
192580,1,100,3.0,100.0,1,1,1,3,571,1.0
192593,2,200,4.0,100.0,1,2,4,8,139,1.0
192596,2,184,4.5,92.0,1,2,6,9,333,1.0
192604,1,138,4.0,138.0,1,1,3,4,570,1.0
192618,7,424,3.0,60.57142857142857,1,2,5,21,112,1.0
192622,4,414,3.75,103.5,1,3,8,15,28,1.0
192647,2,351,5.5,175.5,1,2,6,11,473,1.0
192655,1,219,6.0,219.0,1,1,3,6,569,1.0
192658,3,125,2.0,41.666666666666664,1,3,5,6,207,1.0
192663,3,258,3.0,86.0,2,2,4,9,526,0.3333333333333333
192669,4,294,3.25,73.5,1,2,4,13,445,1.0
192672,1,220,8.0,220.0,1,3,4,8,569,1.0
192687,2,218,4.5,109.0,1,2,5,9,133,1.0
192688,1,101,7.0,101.0,1,2,3,7,568,1.0
192695,2,180,3.0,90.0,1,2,3,6,567,1.0
192697,1,134,6.0,134.0,1,2,3,6,567,1.0
192700,3,189,3.0,63.0,3,2,3,9,232,0.3333333333333333
192702,8,628,2.75,78.5,7,4,10,22,29,0.125
192707,2,150,3.5,75.0,2,2,3,7,567,0.5
192709,2,188,3.5,94.0,2,2,4,7,203,0.5
192717,2,198,4.0,99.0,1,3,5,8,453,1.0
192721,3,128,2.0,42.666666666666664,1,3,3,6,320,1.0
192724,1,206,11.0,206.0,1,2,5,11,568,1.0
192733,9,1004,4.666666666666667,111.55555555555556,2,4,9,42,72,0.3333333333333333
192734,2,170,2.5,85.0,1,3,4,5,280,1.0
192739,6,572,4.333333333333333,95.33333333333333,3,3,8,26,36,0.6666666666666666
192741,1,143,8.0,143.0,1,3,5,8,567,1.0
192744,2,310,6.0,155.0,2,2,8,12,185,0.5
192745,3,235,3.0,78.33333333333333,2,3,7,9,386,0.6666666666666666
192748,1,342,10.0,342.0,1,2,3,10,567,1.0
192757,5,593,5.2,118.6,3,3,9,26,49,0.6
192760,7,669,3.7142857142857144,95.57142857142857,2,2,9,26,125,0.42857142857142855
192766,2,156,3.5,78.0,1,2,5,7,308,1.0
192773,4,361,4.0,90.25,1,4,5,16,185,1.0
192787,6,753,5.5,125.5,2,4,8,33,83,0.3333333333333333
192801,9,363,2.2222222222222223,40.333333333333336,2,4,9,20,41,0.8888888888888888
192805,4,278,2.5,69.5,2,3,5,10,64,0.75
192811,5,713,5.8,142.6,1,2,9,29,178,1.0
192813,4,518,5.0,129.5,1,2,7,20,111,1.0
192819,1,89,5.0,89.0,1,3,5,5,568,1.0
192835,3,698,7.666666666666667,232.66666666666666,3,3,8,23,11,0.3333333333333333
192842,2,237,4.5,118.5,1,2,6,9,322,1.0
192845,2,304,4.5,152.0,2,3,7,9,104,0.5
192853,22,1356,2.772727272727273,61.63636363636363,1,4,14,61,63,1.0
192859,5,650,5.0,130.0,1,4,12,25,266,1.0
192861,7,710,4.142857142857143,101.42857142857143,1,4,13,29,1,1.0
192885,3,451,5.333333333333333,150.33333333333334,1,3,7,16,462,1.0
192886,3,329,4.333333333333333,109.66666666666667,2,3,6,13,41,0.6666666666666666
192887,4,734,5.25,183.5,1,4,10,21,126,1.0
192888,7,514,2.5714285714285716,73.42857142857143,2,4,9,18,273,0.8571428571428571
192895,1,101,5.0,101.0,1,2,3,5,568,1.0
192898,4,290,3.5,72.5,1,3,7,14,205,1.0
192900,2,241,5.0,120.5,2,3,6,10,35,0.5
192914,1,155,7.0,155.0,1,2,4,7,565,1.0
192919,21,1415,2.619047619047619,67.38095238095238,6,4,12,55,41,0.14285714285714285
192924,3,257,3.3333333333333335,85.66666666666667,3,2,5,10,23,0.3333333333333333
192928,1,148,4.0,148.0,1,1,3,4,565,1.0
192941,1,270,10.0,270.0,1,2,3,10,565,1.0
192966,26,4155,5.730769230769231,159.80769230769232,4,4,12,149,36,0.8076923076923077
192969,5,226,2.6,45.2,3,3,6,13,167,0.6
192970,2,175,3.5,87.5,1,2,5,7,284,1.0
192980,8,488,2.75,61.0,2,4,9,22,35,0.375
192984,2,181,4.0,90.5,1,2,3,8,564,1.0
192987,17,1362,2.823529411764706,80.11764705882354,6,4,11,48,39,0.7058823529411765
192989,1,118,5.0,118.0,1,2,4,5,564,1.0
193003,4,497,3.5,124.25,2,2,7,14,174,0.5
193005,1,129,7.0,129.0,1,2,4,7,564,1.0
193010,7,629,3.4285714285714284,89.85714285714286,2,4,11,24,65,0.7142857142857143
193012,7,719,3.4285714285714284,102.71428571428571,1,4,10,24,36,1.0
193014,4,507,4.0,126.75,1,3,8,16,290,1.0
193018,2,138,2.5,69.0,1,2,3,5,361,1.0
193026,5,842,5.2,168.4,2,3,8,26,32,0.2
193040,3,320,4.333333333333333,106.66666666666667,3,2,4,13,437,0.3333333333333333
193046,1,206,7.0,206.0,1,2,4,7,563,1.0
193047,5,349,3.0,69.8,3,3,5,15,185,0.6
193050,4,516,5.0,129.0,1,3,9,20,49,1.0
193061,14,1160,3.0714285714285716,82.85714285714286,2,4,9,43,45,0.6428571428571429
193073,2,158,2.0,79.0,1,2,3,4,45,1.0
193076,5,266,2.0,53.2,1,3,6,10,220,1.0
193080,8,946,3.25,118.25,1,4,10,26,79,1.0
193082,1,147,6.0,147.0,1,2,3,6,564,1.0
193091,6,687,4.333333333333333,114.5,1,4,9,26,129,1.0
193099,1,107,6.0,107.0,1,2,3,6,562,1.0
193102,11,913,3.8181818181818183,83.0,2,3,10,42,129,0.9090909090909091
193104,6,507,3.3333333333333335,84.5,1,3,8,20,179,1.0
193105,3,322,4.333333333333333,107.33333333333333,1,2,5,13,515,1.0
193106,1,97,6.0,97.0,1,2,3,6,562,1.0
193120,2,578,7.5,289.0,1,3,6,15,331,1.0
193139,4,342,4.0,85.5,2,3,8,16,245,0.75
193144,22,2227,3.3636363636363638,101.22727272727273,3,4,11,74,2,0.9090909090909091
193148,3,353,4.666666666666667,117.66666666666667,2,2,5,14,136,0.6666666666666666
193156,2,293,5.0,146.5,1,3,5,10,214,1.0
193157,3,319,3.6666666666666665,106.33333333333333,2,2,3,11,460,0.6666666666666666
193174,1,191,5.0,191.0,1,2,3,5,561,1.0
193178,1,90,4.0,90.0,1,2,4,4,560,1.0
193189,10,1196,4.4,119.6,2,4,11,44,34,0.4
193196,2,158,3.0,79.0,2,2,5,6,533,0.5
193203,2,213,3.5,106.5,1,2,5,7,125,1.0
193217,1,115,3.0,115.0,1,1,3,3,561,1.0
193219,4,428,3.75,107.0,1,3,6,15,111,1.0
193229,6,455,3.5,75.83333333333333,2,3,10,21,34,0.8333333333333334
193232,6,611,3.5,101.83333333333333,2,2,6,21,13,0.8333333333333334
193240,2,112,2.0,56.0,1,1,2,4,555,1.0
193241,2,243,5.0,121.5,1,3,5,10,483,1.0
193247,2,214,4.0,107.0,2,2,5,8,14,0.5
193248,3,280,3.0,93.33333333333333,3,1,4,9,90,0.3333333333333333
193252,2,249,4.5,124.5,2,3,5,9,491,0.5
193254,4,613,5.5,153.25,1,4,9,22,287,1.0
193259,5,432,4.0,86.4,1,2,7,20,273,1.0
193262,3,269,3.0,89.66666666666667,1,3,6,9,91,1.0
193268,1,108,5.0,108.0,1,2,4,5,560,1.0
193269,1,220,8.0,220.0,1,2,5,8,560,1.0
193271,7,632,3.142857142857143,90.28571428571429,2,4,8,22,49,0.42857142857142855
193281,4,306,2.25,76.5,1,2,5,9,449,1.0
193282,4,231,2.25,57.75,3,2,4,9,245,0.5
193287,1,188,6.0,188.0,1,1,4,6,561,1.0
193288,2,290,5.5,145.0,2,3,8,11,59,0.5
193295,3,569,6.333333333333333,189.66666666666666,1,3,9,19,81,1.0
193298,1,132,4.0,132.0,1,1,3,4,560,1.0
193303,5,444,3.4,88.8,2,3,8,17,65,0.2
193307,35,5228,5.3428571428571425,149.37142857142857,1,4,14,187,87,1.0
193313,6,615,3.6666666666666665,102.5,1,3,8,22,27,1.0
193322,2,378,6.5,189.0,1,3,7,13,372,1.0
193324,8,297,2.375,37.125,2,4,4,19,30,0.75
193325,3,341,3.3333333333333335,113.66666666666667,1,2,5,10,238,1.0
193346,8,730,3.5,91.25,1,2,6,28,158,1.0
193347,2,181,2.5,90.5,2,2,4,5,251,0.5
193352,1,146,4.0,146.0,1,2,4,4,560,1.0
193361,2,273,4.5,136.5,1,2,3,9,406,1.0
193378,4,381,3.25,95.25,1,2,6,13,70,1.0
193381,1,91,5.0,91.0,1,2,3,5,560,1.0
193385,11,738,2.4545454545454546,67.0909090909091,1,4,9,27,85,1.0
193390,1,168,6.0,168.0,1,3,5,6,561,1.0
193392,2,199,4.0,99.5,1,3,6,8,332,1.0
193396,8,603,3.75,75.375,2,3,6,30,118,0.875
193399,2,275,4.0,137.5,2,3,3,8,539,0.5
193413,1,128,5.0,128.0,1,2,3,5,558,1.0
193417,9,1153,4.555555555555555,128.11111111111111,1,4,11,41,63,1.0
193434,2,386,7.5,193.0,1,3,5,15,61,1.0
193435,2,238,4.0,119.0,1,3,5,8,8,1.0
193436,2,300,4.5,150.0,1,2,7,9,558,1.0
193438,8,689,3.0,86.125,1,4,10,24,150,1.0
193439,2,512,9.0,256.0,2,3,6,18,428,0.5
193444,8,1198,6.125,149.75,3,4,12,49,6,0.75
193445,3,324,4.0,108.0,2,4,8,12,59,0.3333333333333333
193457,2,226,4.0,113.0,1,2,6,8,266,1.0
193458,6,400,2.8333333333333335,66.66666666666667,3,4,9,17,161,0.16666666666666666
193463,5,872,5.4,174.4,4,3,8,27,10,0.2
193468,5,475,4.0,95.0,2,3,5,20,203,0.8
193469,16,2605,6.25,162.8125,3,2,9,100,37,0.75
193475,1,121,5.0,121.0,1,2,4,5,557,1.0
193486,2,297,7.0,148.5,1,3,8,14,361,1.0
193497,9,686,2.6666666666666665,76.22222222222223,1,4,8,24,20,1.0
193500,2,121,1.5,60.5,2,2,3,3,342,0.5
193502,6,688,3.6666666666666665,114.66666666666667,2,3,7,22,231,0.8333333333333334
193515,3,285,3.0,95.0,1,2,6,9,153,1.0
193528,6,442,2.6666666666666665,73.66666666666667,1,3,9,16,234,1.0
193541,1,163,6.0,163.0,1,2,5,6,556,1.0
193548,4,246,1.75,61.5,1,3,4,7,84,1.0
193549,2,250,5.0,125.0,1,4,7,10,119,1.0
193557,1,152,5.0,152.0,1,3,4,5,556,1.0
193558,1,70,5.0,70.0,1,2,3,5,556,1.0
193559,1,140,4.0,140.0,1,1,3,4,556,1.0
193562,1,150,4.0,150.0,1,2,3,4,556,1.0
193566,5,508,3.6,101.6,1,3,6,18,20,1.0
193568,3,571,6.0,190.33333333333334,3,4,7,18,48,0.3333333333333333
193572,1,140,5.0,140.0,1,2,4,5,556,1.0
193578,3,425,4.0,141.66666666666666,1,3,8,12,420,1.0
193584,7,512,3.5714285714285716,73.14285714285714,3,4,11,25,112,0.42857142857142855
193590,3,376,4.333333333333333,125.33333333333333,1,3,8,13,74,1.0
193592,4,388,3.0,97.0,3,3,6,12,62,0.5
193596,1,170,6.0,170.0,1,2,4,6,555,1.0
193604,3,289,3.0,96.33333333333333,1,2,5,9,365,1.0
193615,24,2241,3.25,93.375,2,4,14,78,29,0.6666666666666666
193620,1,141,5.0,141.0,1,3,5,5,561,1.0
193622,7,326,2.142857142857143,46.57142857142857,2,3,8,15,168,0.8571428571428571
193623,7,550,3.2857142857142856,78.57142857142857,1,4,8,23,11,1.0
193635,7,472,3.142857142857143,67.42857142857143,1,4,11,22,199,1.0
193656,2,253,5.0,126.5,2,2,4,10,430,0.5
193661,1,140,5.0,140.0,1,2,5,5,554,1.0
193673,6,789,3.8333333333333335,131.5,2,4,8,23,128,0.8333333333333334
193697,7,455,2.4285714285714284,65.0,2,2,7,17,98,0.8571428571428571
193698,21,2710,4.428571428571429,129.04761904761904,4,4,12,93,17,0.38095238095238093
193699,3,381,4.333333333333333,127.0,1,3,7,13,36,1.0
193717,1,208,7.0,208.0,1,2,7,7,553,1.0
193721,2,172,2.5,86.0,1,2,5,5,364,1.0
193727,3,486,6.333333333333333,162.0,1,2,7,19,258,1.0
193728,1,231,8.0,231.0,1,2,5,8,553,1.0
193732,14,1109,3.2142857142857144,79.21428571428571,1,4,13,45,62,1.0
193750,2,341,5.0,170.5,1,3,6,10,477,1.0
193756,2,246,5.0,123.0,1,3,7,10,123,1.0
193757,3,440,6.0,146.66666666666666,1,2,5,18,148,1.0
193759,3,398,4.0,132.66666666666666,1,3,6,12,476,1.0
193761,2,136,2.5,68.0,2,2,5,5,478,0.5
193764,4,419,4.5,104.75,1,2,7,18,57,1.0
193766,1,129,4.0,129.0,1,1,3,4,553,1.0
193773,3,153,3.0,51.0,1,3,6,9,430,1.0
193782,7,842,4.0,120.28571428571429,1,3,10,28,135,1.0
193786,2,210,3.5,105.0,2,2,3,7,111,0.5
193806,1,139,5.0,139.0,1,3,5,5,553,1.0
193832,9,790,3.3333333333333335,87.77777777777777,1,4,11,30,190,1.0
193834,6,228,1.6666666666666667,38.0,1,2,4,10,150,1.0
193838,5,364,2.0,72.8,1,2,7,10,408,1.0
193842,1,126,5.0,126.0,1,3,4,5,554,1.0
193858,3,385,4.666666666666667,128.33333333333334,1,2,7,14,392,1.0
193877,15,1181,3.4,78.73333333333333,1,4,12,51,38,1.0
193886,7,448,2.0,64.0,1,4,9,14,123,1.0
193893,1,291,10.0,291.0,1,2,4,10,551,1.0
193894,2,619,11.5,309.5,2,3,8,23,196,0.5
193898,17,817,2.0588235294117645,48.05882352941177,4,4,9,35,41,0.8235294117647058
193906,10,810,3.3,81.0,1,3,9,33,61,1.0
193907,2,246,4.0,123.0,2,4,6,8,455,0.5
193921,17,955,2.588235294117647,56.1764705882353,1,4,13,44,80,1.0
193927,8,251,1.625,31.375,2,3,9,13,508,0.75
193935,4,402,4.25,100.5,1,2,7,17,62,1.0
193942,5,400,2.8,80.0,1,3,8,14,77,1.0
193946,2,217,4.5,108.5,2,2,7,9,359,0.5
193957,5,500,4.0,100.0,2,3,7,20,111,0.8
193964,1,126,5.0,126.0,1,2,4,5,550,1.0
193971,7,727,3.7142857142857144,103.85714285714286,1,2,10,26,153,1.0
193979,1,119,5.0,119.0,1,3,5,5,550,1.0
193984,4,171,1.5,42.75,1,1,2,6,15,1.0
193985,2,177,3.0,88.5,2,3,6,6,406,0.5
193987,4,171,2.0,42.75,2,2,3,8,168,0.75
193998,8,653,2.875,81.625,1,4,9,23,66,1.0
194014,5,326,2.8,65.2,2,3,8,14,59,0.2
194023,6,352,2.3333333333333335,58.666666666666664,3,4,9,14,161,0.5
194036,1,150,6.0,150.0,1,2,3,6,549,1.0
194039,4,310,3.0,77.5,1,3,8,12,533,1.0
194043,1,90,4.0,90.0,1,1,2,4,549,1.0
194057,11,1163,3.6363636363636362,105.72727272727273,1,4,12,40,4,1.0
194067,4,493,4.25,123.25,2,2,8,17,234,0.75
194090,2,168,3.0,84.0,1,3,5,6,234,1.0
194094,5,572,3.6,114.4,2,2,7,18,129,0.8
194099,1,89,5.0,89.0,1,2,3,5,548,1.0
194100,1,334,12.0,334.0,1,1,6,12,550,1.0
194103,4,627,5.75,156.75,1,3,7,23,511,1.0
194104,1,128,5.0,128.0,1,2,3,5,548,1.0
194105,1,240,8.0,240.0,1,2,6,8,548,1.0
194109,2,281,5.0,140.5,1,1,5,10,554,1.0
194111,2,110,2.5,55.0,1,2,4,5,529,1.0
194117,8,354,2.875,44.25,1,3,6,23,71,1.0
194118,1,143,6.0,143.0,1,2,3,6,548,1.0
194125,1,205,7.0,205.0,1,3,5,7,548,1.0
194126,1,57,2.0,57.0,1,1,2,2,328,1.0
194138,4,595,5.25,148.75,2,3,7,20,29,0.5
194140,2,242,5.0,121.0,1,2,4,10,476,1.0
194142,6,555,3.5,92.5,1,2,7,21,196,1.0
194157,2,281,4.0,140.5,1,4,7,8,525,1.0
194171,2,283,5.0,141.5,1,2,5,10,392,1.0
194190,3,416,4.666666666666667,138.66666666666666,2,3,7,14,499,0.3333333333333333
194202,2,294,6.5,147.0,1,2,4,13,540,1.0
194207,4,473,4.75,118.25,2,3,7,19,50,0.75
194211,9,959,3.6666666666666665,106.55555555555556,2,4,9,33,168,0.8888888888888888
194215,7,826,3.5714285714285716,118.0,2,4,10,25,65,0.2857142857142857
194217,10,956,3.5,95.6,2,3,10,35,199,0.5
194229,1,443,14.0,443.0,1,2,5,14,547,1.0
194233,2,403,7.0,201.5,1,2,7,14,238,1.0
194234,12,840,2.8333333333333335,70.0,4,4,14,34,55,0.4166666666666667
194242,5,283,2.2,56.6,2,2,5,11,215,0.8
194243,5,574,4.6,114.8,1,4,6,23,1,1.0
194247,2,313,4.5,156.5,1,2,6,9,95,1.0
194256,4,408,3.0,102.0,1,1,3,12,318,1.0
194271,8,862,4.625,107.75,3,3,10,37,153,0.625
194278,1,60,4.0,60.0,1,2,3,4,546,1.0
194279,3,298,4.0,99.33333333333333,1,2,4,12,101,1.0
194281,1,95,4.0,95.0,1,2,3,4,547,1.0
194283,2,251,4.0,125.5,1,3,3,8,498,1.0
194287,9,639,2.5555555555555554,71.0,2,3,9,23,58,0.6666666666666666
194291,2,230,5.5,115.0,1,2,5,11,343,1.0
194299,1,126,5.0,126.0,1,2,3,5,546,1.0
194300,1,91,4.0,91.0,1,2,3,4,546,1.0
194315,1,141,5.0,141.0,1,2,5,5,547,1.0
194317,2,417,6.5,208.5,1,3,9,13,228,1.0
194328,1,141,4.0,141.0,1,1,2,4,547,1.0
194332,1,156,6.0,156.0,1,2,4,6,546,1.0
194335,6,495,2.5,82.5,3,4,7,15,8,0.3333333333333333
194346,1,141,5.0,141.0,1,3,4,5,546,1.0
194355,4,465,4.5,116.25,1,3,10,18,305,1.0
194360,3,234,2.6666666666666665,78.0,1,2,4,8,76,1.0
194362,6,603,2.6666666666666665,100.5,1,4,7,16,104,1.0
194363,1,87,4.0,87.0,1,2,3,4,546,1.0
194368,2,197,3.5,98.5,1,3,5,7,245,1.0
194369,3,298,3.6666666666666665,99.33333333333333,2,4,8,11,197,0.6666666666666666
194370,1,128,5.0,128.0,1,3,4,5,546,1.0
194371,2,228,4.5,114.0,2,3,5,9,413,0.5
194373,2,245,3.5,122.5,2,2,4,7,44,0.0
194378,3,107,2.3333333333333335,35.666666666666664,1,2,3,7,167,1.0
194390,2,198,3.5,99.0,1,2,4,7,411,1.0
194399,3,484,5.333333333333333,161.33333333333334,2,2,7,16,123,0.6666666666666666
194401,3,660,7.333333333333333,220.0,1,2,8,22,343,1.0
194402,1,128,5.0,128.0,1,2,4,5,546,1.0
194411,3,272,3.0,90.66666666666667,2,3,7,9,203,0.6666666666666666
194418,4,308,2.25,77.0,2,3,6,9,273,0.5
194423,1,280,9.0,280.0,1,2,4,9,544,1.0
194437,1,170,6.0,170.0,1,2,3,6,544,1.0
194439,1,182,6.0,182.0,1,1,4,6,544,1.0
194444,3,532,6.0,177.33333333333334,2,2,3,18,58,0.6666666666666666
194447,9,993,3.2222222222222223,110.33333333333333,2,4,14,29,38,0.8888888888888888
194448,1,101,3.0,101.0,1,1,2,3,544,1.0
194458,3,221,3.0,73.66666666666667,1,3,6,9,450,1.0
194474,14,743,2.2857142857142856,53.07142857142857,6,3,6,32,121,0.5714285714285714
194477,5,562,4.6,112.4,1,4,9,23,63,1.0
194483,1,124,4.0,124.0,1,1,2,4,543,1.0
194499,3,389,4.0,129.66666666666666,1,3,6,12,471,1.0
194515,6,1085,6.333333333333333,180.83333333333334,3,3,9,38,182,0.6666666666666666
194530,2,243,6.0,121.5,1,3,6,12,417,1.0
194537,7,500,2.7142857142857144,71.42857142857143,1,3,5,19,72,1.0
194542,1,294,9.0,294.0,1,4,7,9,542,1.0
194544,1,193,6.0,193.0,1,3,5,6,542,1.0
194558,1,186,6.0,186.0,1,3,4,6,542,1.0
194560,1,147,6.0,147.0,1,3,5,6,542,1.0
194566,1,128,5.0,128.0,1,3,5,5,542,1.0
194583,4,812,6.0,203.0,2,2,6,24,133,0.75
194584,1,155,6.0,155.0,1,2,3,6,541,1.0
194590,4,324,2.5,81.0,1,3,6,10,127,1.0
194592,1,220,7.0,220.0,1,3,5,7,541,1.0
194609,5,214,1.6,42.8,1,2,3,8,50,1.0
194611,4,579,6.25,144.75,1,3,9,25,58,1.0
194627,5,655,4.4,131.0,1,2,7,22,355,1.0
194633,10,570,2.4,57.0,4,3,8,24,58,0.4
194634,1,128,4.0,128.0,1,1,2,4,541,1.0
194642,2,330,5.0,165.0,2,3,6,10,128,0.5
194644,1,174,6.0,174.0,1,3,5,6,539,1.0
194649,5,620,4.2,124.0,2,3,9,21,56,0.4
194652,4,225,3.0,56.25,2,3,8,12,421,0.75
194653,8,1013,4.625,126.625,2,2,7,37,148,0.75
194662,4,273,3.0,68.25,1,2,5,12,424,1.0
194668,2,207,4.0,103.5,1,2,4,8,497,1.0
194676,2,219,3.5,109.5,1,3,6,7,492,1.0
194681,2,321,4.0,160.5,1,2,6,8,155,0.0
194688,2,189,4.0,94.5,1,3,5,8,297,1.0
194689,1,360,11.0,360.0,1,2,5,11,539,1.0
194704,3,283,3.6666666666666665,94.33333333333333,2,3,6,11,3,0.6666666666666666
194705,2,393,5.0,196.5,1,3,7,10,124,1.0
194708,4,377,4.0,94.25,2,3,7,16,107,0.75
194720,1,150,5.0,150.0,1,2,5,5,539,1.0
194727,3,453,4.333333333333333,151.0,3,3,7,13,133,0.3333333333333333
194728,3,370,4.666666666666667,123.33333333333333,2,3,5,14,230,0.6666666666666666
194743,2,297,5.0,148.5,1,2,5,10,203,0.0
194754,4,248,3.75,62.0,2,4,8,15,69,0.0
194763,2,197,3.5,98.5,1,2,5,7,457,1.0
194764,11,901,2.909090909090909,81.9090909090909,1,4,10,32,57,1.0
194785,9,635,3.0,70.55555555555556,3,4,8,27,55,0.6666666666666666
194794,7,684,3.5714285714285716,97.71428571428571,1,4,10,25,97,1.0
194840,5,709,4.8,141.8,1,3,11,24,116,1.0
194844,3,713,8.666666666666666,237.66666666666666,3,3,7,26,45,0.3333333333333333
194846,3,425,5.0,141.66666666666666,2,2,6,15,55,0.6666666666666666
194850,2,106,2.5,53.0,1,2,3,5,63,1.0
194855,7,514,3.0,73.42857142857143,1,4,8,21,97,1.0
194863,6,389,3.1666666666666665,64.83333333333333,1,4,10,19,185,1.0
194869,2,181,3.0,90.5,2,3,5,6,306,0.5
194889,7,514,2.2857142857142856,73.42857142857143,1,2,8,16,177,1.0
194891,3,246,3.3333333333333335,82.0,1,2,5,10,478,1.0
194899,2,349,6.0,174.5,2,4,7,12,365,0.5
194900,4,374,3.0,93.5,1,2,7,12,348,1.0
194919,3,351,3.0,117.0,1,2,6,9,352,1.0
194931,4,468,3.25,117.0,1,4,8,13,59,1.0
194932,2,449,9.0,224.5,1,3,8,18,234,1.0
194939,1,119,5.0,119.0,1,2,5,5,537,1.0
194944,1,122,4.0,122.0,1,2,3,4,537,1.0
194950,1,139,5.0,139.0,1,2,3,5,537,1.0
194956,1,98,4.0,98.0,1,3,4,4,537,1.0
194967,1,164,6.0,164.0,1,2,3,6,539,1.0
194970,2,180,3.5,90.0,1,3,4,7,537,1.0
194977,4,572,5.75,143.0,2,3,6,23,256,0.5
194985,6,268,2.3333333333333335,44.666666666666664,4,3,8,14,120,0.5
194992,1,213,7.0,213.0,1,2,5,7,536,1.0
194993,1,138,5.0,138.0,1,3,5,5,536,1.0
194995,10,807,3.4,80.7,1,4,7,34,36,1.0
194999,4,431,3.5,107.75,2,3,7,14,15,0.25
195003,1,73,4.0,73.0,1,2,4,4,536,1.0
195016,5,322,2.4,64.4,1,2,6,12,146,1.0
195026,2,357,5.5,178.5,2,2,3,11,484,0.5
195027,1,205,6.0,205.0,1,2,4,6,536,1.0
195032,1,45,2.0,45.0,1,1,2,2,536,1.0
195048,2,186,4.0,93.0,1,2,5,8,197,1.0
195059,3,250,3.3333333333333335,83.33333333333333,1,2,6,10,157,1.0
195061,3,395,5.0,131.66666666666666,2,3,7,15,189,0.3333333333333333
195075,2,450,7.5,225.0,2,2,5,15,61,0.5
195093,4,190,1.75,47.5,1,3,5,7,62,1.0
195097,1,147,7.0,147.0,1,2,4,7,535,1.0
195099,6,707,5.166666666666667,117.83333333333333,2,3,9,31,187,0.6666666666666666
195104,3,332,4.333333333333333,110.66666666666667,1,4,6,13,523,1.0
195105,5,404,3.0,80.8,2,2,5,15,45,0.8
195109,2,229,3.5,114.5,1,3,7,7,63,1.0
195113,7,902,4.428571428571429,128.85714285714286,1,3,8,31,31,1.0
195117,1,283,9.0,283.0,1,2,5,9,535,1.0
195125,3,358,4.0,119.33333333333333,1,2,4,12,149,1.0
195134,4,458,4.25,114.5,1,4,7,17,252,1.0
195154,9,815,3.2222222222222223,90.55555555555556,1,4,10,29,193,1.0
195155,1,168,7.0,168.0,1,3,5,7,534,1.0
195156,3,275,4.333333333333333,91.66666666666667,3,2,5,13,168,0.3333333333333333
195165,2,346,5.5,173.0,1,2,6,11,289,1.0
195169,1,156,6.0,156.0,1,3,3,6,534,1.0
195176,5,614,5.2,122.8,2,2,5,26,167,0.6
195179,8,559,2.5,69.875,1,4,9,20,168,1.0
195191,14,1090,3.357142857142857,77.85714285714286,1,4,10,47,8,1.0
195192,5,547,3.4,109.4,1,4,10,17,240,1.0
195203,11,1458,4.545454545454546,132.54545454545453,3,4,12,50,58,0.7272727272727273
195213,2,565,8.0,282.5,1,2,4,16,532,1.0
195222,1,135,5.0,135.0,1,2,4,5,265,1.0
195235,5,360,2.0,72.0,3,3,8,10,224,0.6
195238,2,630,8.5,315.0,2,3,7,17,135,0.5
195240,1,132,5.0,132.0,1,2,3,5,532,1.0
195242,2,793,12.0,396.5,1,4,8,24,528,1.0
195248,2,217,3.0,108.5,2,3,4,6,254,0.5
195256,1,112,4.0,112.0,1,1,4,4,533,1.0
195259,5,674,4.6,134.8,3,3,8,23,106,0.6
195275,3,293,3.3333333333333335,97.66666666666667,1,3,7,10,167,1.0
195279,3,321,3.6666666666666665,107.0,1,2,7,11,49,1.0
195285,3,447,5.666666666666667,149.0,3,2,5,17,139,0.3333333333333333
195303,1,126,5.0,126.0,1,2,5,5,532,1.0
195311,1,231,8.0,231.0,1,3,6,8,532,1.0
195312,4,549,5.0,137.25,3,4,8,20,185,0.5
195323,1,140,5.0,140.0,1,2,4,5,532,1.0
195341,1,278,9.0,278.0,1,2,4,9,533,1.0
195352,7,966,5.428571428571429,138.0,2,4,11,38,85,0.8571428571428571
195358,1,119,5.0,119.0,1,3,4,5,532,1.0
195362,2,314,5.0,157.0,1,3,6,10,45,1.0
195365,3,194,3.3333333333333335,64.66666666666667,1,3,4,10,511,1.0
195367,1,117,4.0,117.0,1,1,3,4,111,1.0
195374,1,194,7.0,194.0,1,2,3,7,532,1.0
195380,4,350,3.5,87.5,1,3,7,14,298,1.0
195386,5,316,2.8,63.2,1,2,5,14,21,1.0
195393,4,424,4.75,106.0,1,2,4,19,288,1.0
195400,1,170,6.0,170.0,1,2,4,6,532,1.0
195407,5,290,2.4,58.0,1,2,5,12,112,1.0
195411,3,241,3.3333333333333335,80.33333333333333,1,4,7,10,29,1.0
195429,5,846,6.0,169.2,1,4,12,30,76,1.0
195431,1,222,7.0,222.0,1,2,3,7,532,1.0
195454,10,789,3.6,78.9,1,3,10,36,41,1.0
195469,1,159,6.0,159.0,1,3,5,6,533,1.0
195486,1,134,5.0,134.0,1,2,3,5,532,1.0
195491,2,147,3.0,73.5,1,3,4,6,24,1.0
195498,5,339,2.6,67.8,1,3,5,13,134,1.0
195509,3,213,2.6666666666666665,71.0,1,2,4,8,500,1.0
195510,7,399,1.8571428571428572,57.0,1,2,6,13,128,1.0
195513,1,120,5.0,120.0,1,2,4,5,530,1.0
195527,1,127,5.0,127.0,1,2,3,5,530,1.0
195534,1,139,5.0,139.0,1,2,3,5,529,1.0
195541,2,220,4.0,110.0,1,3,5,8,519,1.0
195543,6,748,5.166666666666667,124.66666666666667,2,4,9,31,165,0.8333333333333334
195559,4,212,1.75,53.0,1,3,5,7,425,1.0
195564,1,235,9.0,235.0,1,2,4,9,529,1.0
195568,3,382,4.666666666666667,127.33333333333333,1,3,7,14,112,1.0
195581,3,490,5.0,163.33333333333334,2,3,8,15,104,0.6666666666666666
195592,2,174,3.5,87.0,1,3,5,7,233,1.0
195598,6,321,2.3333333333333335,53.5,1,4,7,14,402,1.0
195600,1,114,4.0,114.0,1,2,3,4,528,1.0
195601,2,203,3.0,101.5,1,2,5,6,443,1.0
195605,1,118,5.0,118.0,1,2,3,5,528,1.0
195608,3,298,4.333333333333333,99.33333333333333,1,3,7,13,221,1.0
195610,1,148,5.0,148.0,1,2,3,5,528,1.0
195616,10,728,3.1,72.8,1,4,8,31,35,1.0
195623,8,579,3.0,72.375,1,3,10,24,35,1.0
195632,9,782,3.0,86.88888888888889,1,3,11,27,62,1.0
195660,2,131,2.0,65.5,1,1,2,4,162,1.0
195661,20,1574,3.1,78.7,1,4,12,62,15,1.0
195673,2,192,4.5,96.0,2,3,6,9,169,0.5
195678,1,136,5.0,136.0,1,3,5,5,528,1.0
195681,3,229,2.6666666666666665,76.33333333333333,1,3,6,8,395,1.0
195695,9,843,4.666666666666667,93.66666666666667,2,4,9,42,63,0.7777777777777778
195705,5,966,6.2,193.2,1,3,9,31,133,1.0
195709,5,458,2.8,91.6,1,2,5,14,146,1.0
195714,3,438,4.666666666666667,146.0,1,3,8,14,129,1.0
195718,3,449,4.333333333333333,149.66666666666666,3,3,7,13,84,0.3333333333333333
195720,2,250,5.0,125.0,2,3,6,10,43,0.5
195730,2,285,4.0,142.5,1,3,4,8,108,1.0
195733,4,248,2.5,62.0,1,3,5,10,211,1.0
195736,5,364,2.2,72.8,1,4,8,11,1,1.0
195743,1,112,4.0,112.0,1,2,4,4,527,1.0
195744,1,143,5.0,143.0,1,2,4,5,527,1.0
195746,5,582,4.2,116.4,3,3,7,21,42,0.6
195755,1,113,5.0,113.0,1,2,4,5,527,1.0
195764,2,467,6.5,233.5,2,3,6,13,105,0.5
195765,6,608,4.5,101.33333333333333,1,3,7,27,167,1.0
195767,1,144,5.0,144.0,1,3,4,5,527,1.0
195768,1,168,7.0,168.0,1,2,4,7,527,1.0
195771,1,119,5.0,119.0,1,2,5,5,527,1.0
195774,1,145,5.0,145.0,1,2,5,5,526,1.0
195777,1,151,5.0,151.0,1,2,3,5,525,1.0
195785,2,230,3.5,115.0,2,2,6,7,434,0.5
195789,8,963,4.375,120.375,5,4,13,35,3,0.375
195798,1,205,5.0,205.0,1,2,4,5,526,1.0
195800,15,852,2.3333333333333335,56.8,2,3,7,35,77,0.7333333333333333
195804,2,232,4.5,116.0,2,2,5,9,518,0.5
195811,1,99,6.0,99.0,1,2,4,6,525,1.0
195830,1,137,5.0,137.0,1,2,4,5,525,1.0
195845,3,200,2.0,66.66666666666667,1,1,3,6,109,1.0
195849,7,513,2.7142857142857144,73.28571428571429,1,2,6,19,387,1.0
195858,3,258,3.3333333333333335,86.0,2,2,4,10,444,0.6666666666666666
195861,7,606,3.2857142857142856,86.57142857142857,3,4,9,23,60,0.42857142857142855
195862,2,206,3.5,103.0,1,3,5,7,526,1.0
195863,4,687,6.0,171.75,2,3,8,24,72,0.75
195867,4,364,3.25,91.0,1,3,5,13,232,1.0
195869,6,448,3.1666666666666665,74.66666666666667,2,3,6,19,90,0.8333333333333334
195870,2,249,4.5,124.5,1,3,7,9,473,1.0
195873,6,589,4.5,98.16666666666667,1,3,8,27,161,1.0
195874,2,383,6.5,191.5,1,3,7,13,512,1.0
195882,4,447,3.5,111.75,1,3,7,14,28,1.0
195886,4,290,2.75,72.5,1,2,8,11,101,1.0
195888,3,284,3.3333333333333335,94.66666666666667,1,3,5,10,63,1.0
195892,10,821,3.8,82.1,2,3,9,38,71,0.5
195895,1,161,4.0,161.0,1,2,3,4,526,1.0
195899,5,477,3.8,95.4,1,3,8,19,168,1.0
195901,8,615,3.25,76.875,1,4,12,26,0,1.0
195903,3,460,5.0,153.33333333333334,1,3,8,15,21,1.0
195905,1,133,5.0,133.0,1,3,4,5,525,1.0
195919,1,189,6.0,189.0,1,1,3,6,525,1.0
195926,1,184,7.0,184.0,1,2,4,7,525,1.0
195929,2,338,5.5,169.0,2,2,3,11,303,0.5
195933,1,210,6.0,210.0,1,3,6,6,525,1.0
195954,7,486,3.0,69.42857142857143,1,4,8,21,112,1.0
195956,2,216,3.5,108.0,1,2,4,7,490,1.0
195957,4,278,2.25,69.5,1,2,4,9,194,1.0
195967,1,223,8.0,223.0,1,2,7,8,525,1.0
195971,4,368,3.5,92.0,1,4,9,14,472,1.0
195981,2,213,3.5,106.5,1,3,6,7,381,1.0
195992,2,155,4.0,77.5,1,3,5,8,269,1.0
196001,9,809,3.5555555555555554,89.88888888888889,2,3,10,32,132,0.8888888888888888
196011,4,209,2.5,52.25,2,2,5,10,212,0.75
196012,1,188,6.0,188.0,1,2,4,6,523,1.0
196014,7,673,3.142857142857143,96.14285714285714,3,4,9,22,129,0.7142857142857143
196021,2,250,5.0,125.0,1,2,6,10,316,1.0
196037,6,406,3.1666666666666665,67.66666666666667,2,2,5,19,229,0.5
196040,2,268,5.0,134.0,2,2,5,10,487,0.5
196051,14,1399,3.7142857142857144,99.92857142857143,3,4,13,52,6,0.6428571428571429
196055,7,633,3.5714285714285716,90.42857142857143,2,3,7,25,49,0.5714285714285714
196092,1,263,8.0,263.0,1,2,5,8,522,1.0
196099,4,752,4.75,188.0,1,4,12,19,97,1.0
196100,8,1417,6.125,177.125,1,4,12,49,169,1.0
196113,7,650,3.0,92.85714285714286,1,3,10,21,6,1.0
196116,7,597,2.857142857142857,85.28571428571429,1,3,7,20,64,1.0
196151,2,345,6.0,172.5,1,2,5,12,465,1.0
196161,2,296,6.0,148.0,2,3,5,12,472,0.5
196163,1,310,9.0,310.0,1,2,6,9,521,1.0
196167,3,356,3.3333333333333335,118.66666666666667,2,4,7,10,32,0.6666666666666666
196170,3,388,4.0,129.33333333333334,3,3,6,12,125,0.3333333333333333
196174,4,489,4.0,122.25,4,3,8,16,79,0.25
196177,5,859,5.8,171.8,1,3,10,29,46,1.0
196199,2,222,3.5,111.0,1,2,6,7,211,1.0
196208,2,193,4.0,96.5,1,3,6,8,441,1.0
196210,5,487,3.4,97.4,2,4,10,17,20,0.6
196211,1,162,5.0,162.0,1,2,4,5,521,1.0
196220,4,401,3.75,100.25,1,3,8,15,410,1.0
196235,2,201,3.5,100.5,1,2,4,7,519,1.0
196238,8,647,4.125,80.875,2,3,8,33,116,0.875
196239,8,407,1.625,50.875,1,4,6,13,65,1.0
196245,3,373,5.333333333333333,124.33333333333333,1,4,8,16,132,1.0
196247,3,752,7.666666666666667,250.66666666666666,1,3,8,23,51,1.0
196256,7,905,3.7142857142857144,129.28571428571428,1,3,10,26,186,1.0
196257,1,120,4.0,120.0,1,1,2,4,520,1.0
196258,31,1898,2.3548387096774195,61.225806451612904,5,4,12,73,36,0.0967741935483871
196262,3,269,3.0,89.66666666666667,2,3,7,9,248,0.6666666666666666
196279,1,131,5.0,131.0,1,2,4,5,520,1.0
196281,1,112,5.0,112.0,1,2,4,5,520,1.0
196283,3,383,4.333333333333333,127.66666666666667,1,4,9,13,119,1.0
196284,1,118,5.0,118.0,1,2,3,5,520,1.0
196285,2,262,4.5,131.0,1,3,6,9,505,1.0
196289,1,93,4.0,93.0,1,3,3,4,520,1.0
196295,3,84,1.3333333333333333,28.0,1,3,3,4,471,1.0
196302,2,254,5.5,127.0,2,2,5,11,317,0.5
196304,1,210,7.0,210.0,1,2,4,7,520,1.0
196309,4,281,2.0,70.25,1,3,6,8,92,1.0
196311,6,370,2.0,61.666666666666664,2,4,8,12,114,0.8333333333333334
196314,3,278,3.6666666666666665,92.66666666666667,1,3,7,11,64,1.0
196343,1,120,5.0,120.0,1,2,3,5,518,1.0
196355,1,138,5.0,138.0,1,2,5,5,518,1.0
196356,1,189,7.0,189.0,1,2,4,7,518,1.0
196360,1,155,6.0,155.0,1,2,5,6,519,1.0
196372,3,219,4.333333333333333,73.0,1,2,6,13,204,1.0
196373,2,344,5.5,172.0,1,2,7,11,227,1.0
196383,3,474,4.333333333333333,158.0,2,3,8,13,72,0.6666666666666666
196384,1,169,6.0,169.0,1,3,5,6,518,1.0
196409,8,794,3.5,99.25,2,4,12,28,76,0.875
196427,9,824,3.0,91.55555555555556,1,4,12,27,28,1.0
196441,8,504,2.25,63.0,2,4,9,18,6,0.75
196449,1,150,5.0,150.0,1,2,3,5,519,1.0
196450,1,119,4.0,119.0,1,2,4,4,518,1.0
196455,2,213,3.5,106.5,1,3,6,7,139,1.0
196462,3,269,4.0,89.66666666666667,2,4,7,12,118,0.3333333333333333
196465,1,75,5.0,75.0,1,1,1,5,518,1.0
196506,4,368,3.5,92.0,2,2,5,14,123,0.75
196510,17,840,1.9411764705882353,49.411764705882355,5,4,11,33,41,0.47058823529411764
196515,1,128,5.0,128.0,1,2,4,5,518,1.0
196525,3,231,3.0,77.0,1,2,6,9,29,1.0
196536,2,910,16.0,455.0,2,3,9,32,49,0.5
196542,2,164,3.0,82.0,1,2,3,6,487,1.0
196547,1,157,5.0,157.0,1,2,5,5,518,1.0
196559,9,914,3.3333333333333335,101.55555555555556,1,3,12,30,148,1.0
196562,12,1258,3.9166666666666665,104.83333333333333,4,4,9,47,24,0.16666666666666666
196563,1,169,6.0,169.0,1,2,5,6,518,1.0
196564,11,1686,4.363636363636363,153.27272727272728,3,4,12,48,93,0.8181818181818182
196573,11,1366,4.454545454545454,124.18181818181819,1,4,11,49,42,1.0
196583,3,454,5.666666666666667,151.33333333333334,1,3,9,17,127,1.0
196605,13,1211,3.6923076923076925,93.15384615384616,4,4,12,48,14,0.07692307692307693
196608,1,118,5.0,118.0,1,2,5,5,518,1.0
196612,4,165,1.75,41.25,3,3,6,7,29,0.5
196618,2,190,4.0,95.0,1,3,6,8,449,1.0
196620,11,849,3.4545454545454546,77.18181818181819,1,3,7,38,29,1.0
196624,2,369,5.5,184.5,2,3,6,11,254,0.5
196633,2,269,4.5,134.5,2,2,6,9,417,0.5
196652,1,141,4.0,141.0,1,1,4,4,518,1.0
196668,9,864,3.2222222222222223,96.0,1,4,8,29,130,1.0
196669,1,91,5.0,91.0,1,2,4,5,516,1.0
196671,4,325,2.75,81.25,3,2,4,11,97,0.5
196678,5,509,3.6,101.8,3,3,6,18,176,0.2
196680,2,142,2.5,71.0,2,2,3,5,323,0.5
196682,10,995,3.9,99.5,4,4,12,39,35,0.1
196685,1,640,20.0,640.0,1,3,8,20,517,1.0
196695,1,134,4.0,134.0,1,1,2,4,518,1.0
196697,1,148,4.0,148.0,1,1,3,4,518,1.0
196699,5,469,3.4,93.8,3,4,8,17,106,0.4
196705,5,348,2.2,69.6,2,3,5,11,444,0.6
196706,1,131,5.0,131.0,1,2,3,5,516,1.0
196713,3,289,4.0,96.33333333333333,2,2,7,12,139,0.3333333333333333
196736,1,178,7.0,178.0,1,2,3,7,519,1.0
196740,9,822,3.5555555555555554,91.33333333333333,4,3,7,32,165,0.5555555555555556
196761,1,117,4.0,117.0,1,1,2,4,515,1.0
196783,2,208,4.0,104.0,2,3,4,8,337,0.5
196784,1,154,5.0,154.0,1,3,5,5,515,1.0
196789,3,418,3.3333333333333335,139.33333333333334,2,2,6,10,133,0.3333333333333333
196794,1,228,7.0,228.0,1,2,6,7,515,1.0
196801,2,268,4.0,134.0,1,3,5,8,84,1.0
196804,4,372,3.5,93.0,1,2,5,14,151,1.0
196805,2,217,3.0,108.5,1,3,5,6,443,1.0
196814,1,128,5.0,128.0,1,3,4,5,515,1.0
196822,4,571,5.0,142.75,4,3,8,20,44,0.25
196839,1,144,4.0,144.0,1,1,2,4,515,1.0
196845,7,603,3.2857142857142856,86.14285714285714,2,4,10,23,50,0.2857142857142857
196849,1,188,7.0,188.0,1,2,3,7,514,1.0
196850,2,210,4.5,105.0,1,2,5,9,315,1.0
196880,4,459,5.0,114.75,1,3,8,20,105,1.0
196891,8,614,3.625,76.75,2,3,7,29,36,0.625
196893,1,137,5.0,137.0,1,2,5,5,514,1.0
196919,5,317,1.8,63.4,1,3,5,9,411,1.0
196921,10,775,4.1,77.5,4,3,4,41,72,0.4
196922,1,147,6.0,147.0,1,3,5,6,513,1.0
196927,1,93,4.0,93.0,1,3,3,4,513,1.0
196930,13,775,2.6153846153846154,59.61538461538461,1,4,10,34,37,1.0
196937,4,613,5.25,153.25,2,3,9,21,55,0.25
196940,4,371,3.75,92.75,1,2,5,15,190,1.0
196950,3,636,5.666666666666667,212.0,2,4,10,17,21,0.3333333333333333
196951,3,373,4.333333333333333,124.33333333333333,2,3,7,13,233,0.3333333333333333
196958,4,553,5.0,138.25,1,4,8,20,129,1.0
196959,1,126,5.0,126.0,1,2,4,5,513,1.0
196966,1,116,5.0,116.0,1,2,3,5,513,1.0
196979,2,237,5.5,118.5,1,4,8,11,112,1.0
196986,3,353,5.0,117.66666666666667,1,4,5,15,427,1.0
196997,7,417,2.2857142857142856,59.57142857142857,1,4,10,16,67,1.0
196998,3,286,3.6666666666666665,95.33333333333333,2,2,4,11,39,0.3333333333333333
197000,2,208,4.0,104.0,2,3,5,8,17,0.5
197008,3,110,2.3333333333333335,36.666666666666664,1,2,5,7,233,1.0
197010,1,103,5.0,103.0,1,2,5,5,513,1.0
197011,5,546,3.4,109.2,3,4,9,17,331,0.4
197015,3,461,5.666666666666667,153.66666666666666,1,4,10,17,494,1.0
197016,3,359,4.666666666666667,119.66666666666667,1,3,7,14,156,1.0
197022,11,785,3.272727272727273,71.36363636363636,3,3,8,36,41,0.7272727272727273
197027,1,146,6.0,146.0,1,2,4,6,512,1.0
197039,6,870,5.333333333333333,145.0,1,3,6,32,56,1.0
197046,8,651,2.75,81.375,3,4,9,22,50,0.75
197047,4,260,2.75,65.0,3,3,6,11,167,0.25
197049,1,144,5.0,144.0,1,3,5,5,511,1.0
197052,5,341,2.4,68.2,1,3,8,12,373,1.0
197062,1,114,5.0,114.0,1,2,4,5,512,1.0
197068,2,217,3.0,108.5,1,1,4,6,311,1.0
197077,8,423,2.0,52.875,2,3,7,16,6,0.375
197091,4,421,5.0,105.25,2,2,4,20,280,0.5
197110,1,168,7.0,168.0,1,2,3,7,512,1.0
197119,1,210,7.0,210.0,1,2,5,7,511,1.0
197129,1,149,6.0,149.0,1,3,5,6,511,1.0
197130,1,162,6.0,162.0,1,2,4,6,512,1.0
197141,3,456,5.0,152.0,1,4,9,15,336,1.0
197145,1,146,5.0,146.0,1,2,3,5,511,1.0
197146,5,374,2.6,74.8,3,3,7,13,65,0.6
197159,3,217,2.6666666666666665,72.33333333333333,1,3,6,8,0,1.0
197172,10,1017,3.8,101.7,1,4,9,38,32,1.0
197185,5,567,4.6,113.4,1,4,10,23,148,1.0
197187,3,463,4.666666666666667,154.33333333333334,1,2,8,14,301,1.0
197189,3,353,3.6666666666666665,117.66666666666667,2,2,6,11,161,0.6666666666666666
197197,6,508,3.6666666666666665,84.66666666666667,2,4,10,22,8,0.6666666666666666
197204,1,122,5.0,122.0,1,2,5,5,511,1.0
197206,5,612,4.6,122.4,2,4,11,23,232,0.6
197212,3,344,3.6666666666666665,114.66666666666667,1,2,4,11,285,1.0
197214,1,104,6.0,104.0,1,2,4,6,511,1.0
197223,5,715,5.4,143.0,1,3,10,27,415,1.0
197227,1,148,5.0,148.0,1,2,3,5,512,1.0
197229,5,883,6.8,176.6,1,3,10,34,146,1.0
197232,3,380,4.333333333333333,126.66666666666667,2,3,5,13,465,0.6666666666666666
197243,1,214,7.0,214.0,1,2,4,7,512,1.0
197252,7,449,2.142857142857143,64.14285714285714,2,3,7,15,44,0.8571428571428571
197270,1,170,5.0,170.0,1,2,3,5,511,1.0
197275,1,116,5.0,116.0,1,2,5,5,512,1.0
197285,6,791,5.333333333333333,131.83333333333334,1,4,8,32,156,1.0
197295,1,156,4.0,156.0,1,1,4,4,511,1.0
197296,2,162,4.0,81.0,1,2,4,8,156,1.0
197304,1,84,3.0,84.0,1,2,3,3,511,1.0
197315,3,738,8.333333333333334,246.0,1,4,8,25,203,1.0
197318,1,119,5.0,119.0,1,2,4,5,512,1.0
197324,2,308,5.5,154.0,2,2,5,11,464,0.5
197328,12,1952,5.333333333333333,162.66666666666666,2,4,11,64,31,0.8333333333333334
197350,4,545,4.75,136.25,1,4,6,19,41,1.0
197363,1,160,5.0,160.0,1,2,4,5,509,1.0
197372,7,680,4.142857142857143,97.14285714285714,2,3,9,29,13,0.8571428571428571
197373,1,161,6.0,161.0,1,3,6,6,509,1.0
197374,1,129,4.0,129.0,1,1,3,4,509,1.0
197375,2,298,5.5,149.0,1,3,7,11,146,1.0
197376,5,437,3.6,87.4,2,2,6,18,140,0.8
197378,1,132,5.0,132.0,1,2,4,5,509,1.0
197382,5,539,3.4,107.8,1,3,7,17,239,1.0
197383,1,153,6.0,153.0,1,2,3,6,509,1.0
197386,1,146,5.0,146.0,1,2,4,5,509,1.0
197387,5,452,3.4,90.4,2,4,6,17,101,0.8
197401,7,831,3.5714285714285716,118.71428571428571,2,3,7,25,134,0.8571428571428571
197404,7,542,3.7142857142857144,77.42857142857143,4,3,7,26,149,0.14285714285714285
197411,1,128,5.0,128.0,1,3,4,5,509,1.0
197413,1,147,5.0,147.0,1,2,4,5,509,1.0
197418,3,260,3.3333333333333335,86.66666666666667,1,3,6,10,418,1.0
197420,1,154,5.0,154.0,1,2,4,5,509,1.0
197421,1,142,5.0,142.0,1,3,5,5,509,1.0
197438,8,520,2.625,65.0,1,2,8,21,171,1.0
197452,1,207,7.0,207.0,1,3,4,7,508,1.0
197453,1,128,5.0,128.0,1,2,3,5,508,1.0
197454,4,293,3.25,73.25,1,4,8,13,60,1.0
197460,2,248,5.5,124.0,2,3,7,11,411,0.5
197463,3,283,3.3333333333333335,94.33333333333333,2,3,5,10,57,0.6666666666666666
197466,2,103,1.5,51.5,1,1,2,3,364,1.0
197469,9,857,3.6666666666666665,95.22222222222223,3,4,9,33,41,0.7777777777777778
197472,1,212,6.0,212.0,1,3,6,6,508,1.0
197481,1,140,5.0,140.0,1,2,3,5,508,1.0
197482,8,1265,5.375,158.125,1,4,10,43,44,1.0
197507,7,770,3.857142857142857,110.0,1,4,11,27,347,1.0
197521,1,140,5.0,140.0,1,2,4,5,507,1.0
197522,1,334,11.0,334.0,1,3,5,11,507,1.0
197527,1,124,5.0,124.0,1,2,4,5,507,1.0
197538,1,124,5.0,124.0,1,2,4,5,507,1.0
197540,1,136,4.0,136.0,1,1,3,4,507,1.0
197555,2,198,3.5,99.0,2,2,3,7,268,0.5
197558,4,311,3.5,77.75,3,3,7,14,46,0.5
197565,2,257,5.5,128.5,2,2,5,11,228,0.5
197572,2,352,4.5,176.0,1,1,6,9,137,1.0
197573,3,200,2.3333333333333335,66.66666666666667,1,2,5,7,316,1.0
197578,10,1049,3.9,104.9,1,4,14,39,38,1.0
197585,7,423,2.857142857142857,60.42857142857143,3,4,9,20,156,0.5714285714285714
197588,1,180,7.0,180.0,1,2,4,7,507,1.0
197591,2,210,3.5,105.0,1,2,4,7,473,1.0
197600,7,816,5.428571428571429,116.57142857142857,1,3,6,38,30,1.0
197604,5,416,3.0,83.2,1,4,8,15,84,1.0
197607,5,584,4.4,116.8,1,4,8,22,143,1.0
197618,7,854,4.285714285714286,122.0,1,4,11,30,27,1.0
197620,5,559,4.2,111.8,2,3,10,21,142,0.8
197629,2,438,6.0,219.0,2,4,6,12,76,0.5
197642,2,188,4.0,94.0,2,2,5,8,288,0.5
197648,3,327,4.333333333333333,109.0,1,4,7,13,392,1.0
197651,2,180,3.5,90.0,2,3,5,7,204,0.5
197661,1,118,4.0,118.0,1,1,3,4,506,1.0
197666,1,128,5.0,128.0,1,2,3,5,506,1.0
197671,5,506,3.8,101.2,2,3,7,19,107,0.2
197678,3,281,4.0,93.66666666666667,2,3,6,12,160,0.6666666666666666
197681,1,110,5.0,110.0,1,2,4,5,506,1.0
197686,2,309,5.5,154.5,1,2,6,11,199,1.0
197688,6,434,2.8333333333333335,72.33333333333333,2,3,7,17,45,0.6666666666666666
197698,1,146,4.0,146.0,1,2,3,4,506,1.0
197715,6,561,2.8333333333333335,93.5,1,4,9,17,58,1.0
197719,1,117,6.0,117.0,1,2,3,6,506,1.0
197725,3,233,3.3333333333333335,77.66666666666667,2,2,4,10,234,0.6666666666666666
197729,3,300,4.0,100.0,1,3,8,12,233,1.0
197741,6,475,3.0,79.16666666666667,1,3,8,18,119,1.0
197742,1,185,6.0,185.0,1,2,4,6,504,1.0
197751,1,134,5.0,134.0,1,2,5,5,504,1.0
197752,1,134,5.0,134.0,1,2,3,5,504,1.0
197770,6,409,3.3333333333333335,68.16666666666667,3,2,6,20,41,0.3333333333333333
197772,1,311,7.0,311.0,1,2,4,7,504,1.0
197773,3,810,9.0,270.0,1,3,10,27,273,1.0
197775,2,197,4.0,98.5,2,2,7,8,322,0.5
197786,4,502,4.0,125.5,1,2,7,16,232,1.0
197792,1,91,3.0,91.0,1,2,2,3,505,1.0
197794,1,132,5.0,132.0,1,2,3,5,504,1.0
197797,5,389,3.6,77.8,2,3,7,18,233,0.8
197800,4,244,2.75,61.0,3,2,5,11,35,0.25
197812,1,210,6.0,210.0,1,1,3,6,504,1.0
197838,3,575,5.666666666666667,191.66666666666666,2,3,9,17,203,0.6666666666666666
197840,2,255,4.0,127.5,2,2,4,8,45,0.5
197850,1,97,4.0,97.0,1,2,4,4,504,1.0
197853,1,133,4.0,133.0,1,1,4,4,504,1.0
197858,4,401,4.5,100.25,2,3,9,18,153,0.75
197861,3,322,4.333333333333333,107.33333333333333,1,2,6,13,125,1.0
197863,3,340,3.6666666666666665,113.33333333333333,3,3,9,11,137,0.3333333333333333
197865,1,99,4.0,99.0,1,2,4,4,504,1.0
197901,1,295,11.0,295.0,1,3,6,11,504,1.0
197912,2,261,4.0,130.5,1,3,7,8,252,1.0
197914,3,281,3.3333333333333335,93.66666666666667,1,4,6,10,469,1.0
197921,4,477,4.5,119.25,2,3,7,18,125,0.25
197926,1,142,5.0,142.0,1,2,4,5,504,1.0
197927,6,432,3.8333333333333335,72.0,2,4,9,23,64,0.16666666666666666
197931,1,266,9.0,266.0,1,2,5,9,504,1.0
197935,2,475,8.0,237.5,2,3,8,16,97,0.5
197949,7,914,5.428571428571429,130.57142857142858,2,4,11,38,62,0.8571428571428571
197951,1,210,8.0,210.0,1,2,4,8,504,1.0
197952,2,152,3.0,76.0,1,2,4,6,402,1.0
197955,5,515,4.4,103.0,1,3,8,22,224,1.0
197960,1,60,2.0,60.0,1,1,2,2,504,1.0
197971,1,124,5.0,124.0,1,2,3,5,505,1.0
197977,3,278,3.6666666666666665,92.66666666666667,1,2,4,11,408,1.0
197982,6,524,4.166666666666667,87.33333333333333,1,4,7,25,69,1.0
198006,4,276,3.75,69.0,3,2,7,15,142,0.5
198008,10,900,3.4,90.0,1,4,13,34,27,1.0
198010,2,225,3.5,112.5,1,2,4,7,336,1.0
198012,3,222,3.3333333333333335,74.0,2,2,4,10,190,0.6666666666666666
198022,1,110,5.0,110.0,1,2,4,5,505,1.0
198024,3,357,4.333333333333333,119.0,3,2,5,13,177,0.3333333333333333
198026,11,1268,4.181818181818182,115.27272727272727,1,4,10,46,23,1.0
198041,1,253,7.0,253.0,1,2,4,7,504,1.0
198056,3,762,8.666666666666666,254.0,1,3,9,26,64,1.0
198057,1,124,5.0,124.0,1,2,3,5,501,1.0
198065,5,370,2.4,74.0,1,3,6,12,56,1.0
198078,5,307,2.2,61.4,2,2,5,11,203,0.8
198083,1,248,8.0,248.0,1,3,4,8,501,1.0
198095,1,139,4.0,139.0,1,1,2,4,501,1.0
198097,2,348,6.5,174.0,2,3,6,13,483,0.5
198099,1,146,5.0,146.0,1,2,5,5,501,1.0
198106,1,112,4.0,112.0,1,1,4,4,504,1.0
198119,7,645,3.4285714285714284,92.14285714285714,3,3,7,24,87,0.7142857142857143
198120,4,345,2.75,86.25,2,2,4,11,30,0.5
198121,1,140,5.0,140.0,1,2,5,5,501,1.0
198122,6,711,4.666666666666667,118.5,1,3,10,28,265,1.0
198124,4,259,3.0,64.75,1,4,7,12,137,1.0
198125,1,290,10.0,290.0,1,2,5,10,501,1.0
198140,1,156,6.0,156.0,1,2,3,6,501,1.0
198153,1,112,4.0,112.0,1,2,4,4,500,1.0
198154,9,741,3.0,82.33333333333333,3,2,6,27,13,0.6666666666666666
198160,2,370,7.0,185.0,1,2,5,14,427,1.0
198199,2,192,4.0,96.0,1,3,6,8,497,1.0
198201,1,175,8.0,175.0,1,3,5,8,500,1.0
198210,4,1060,8.75,265.0,3,4,12,35,148,0.5
198215,1,138,4.0,138.0,1,1,2,4,500,1.0
198227,1,115,5.0,115.0,1,3,5,5,500,1.0
198246,4,637,5.25,159.25,2,3,7,21,121,0.75
198247,1,160,5.0,160.0,1,2,4,5,500,1.0
198251,3,469,4.666666666666667,156.33333333333334,1,3,7,14,215,1.0
198253,2,272,3.5,136.0,2,3,5,7,94,0.5
198268,1,435,15.0,435.0,1,2,6,15,499,1.0
198270,1,115,5.0,115.0,1,2,4,5,499,1.0
198272,1,244,9.0,244.0,1,3,5,9,499,1.0
198273,3,267,3.0,89.0,2,2,5,9,76,0.3333333333333333
198274,8,558,2.5,69.75,2,4,9,20,42,0.625
198275,1,158,5.0,158.0,1,3,4,5,499,1.0
198277,4,520,4.75,130.0,1,3,6,19,139,1.0
198281,5,522,3.6,104.4,2,3,6,18,230,0.6
198285,1,149,5.0,149.0,1,2,4,5,499,1.0
198290,2,180,3.0,90.0,1,2,4,6,351,1.0
198304,12,975,2.9166666666666665,81.25,1,4,10,35,24,1.0
198308,2,217,3.5,108.5,1,3,5,7,28,1.0
198309,1,130,5.0,130.0,1,2,4,5,499,1.0
198314,6,509,3.1666666666666665,84.83333333333333,1,3,10,19,175,1.0
198319,4,527,4.5,131.75,3,3,7,18,65,0.5
198320,4,356,3.25,89.0,1,4,7,13,409,1.0
198326,15,1055,3.933333333333333,70.33333333333333,2,4,11,59,111,0.7333333333333333
198329,2,402,7.0,201.0,1,3,5,14,493,1.0
198332,1,78,5.0,78.0,1,2,3,5,499,1.0
198338,8,814,2.625,101.75,1,4,7,21,95,1.0
198343,2,292,4.5,146.0,1,3,4,9,330,1.0
198355,3,241,3.0,80.33333333333333,2,3,7,9,48,0.3333333333333333
198364,7,792,4.142857142857143,113.14285714285714,1,4,10,29,55,1.0
198368,2,287,5.0,143.5,2,3,5,10,51,0.5
198379,5,624,3.8,124.8,1,3,6,19,351,1.0
198389,16,1230,3.25,76.875,3,4,9,52,1,0.875
198391,1,147,6.0,147.0,1,2,4,6,499,1.0
198396,3,318,5.333333333333333,106.0,1,3,7,16,420,1.0
198399,5,688,4.6,137.6,1,3,9,23,301,1.0
198406,3,331,3.6666666666666665,110.33333333333333,1,3,5,11,55,1.0
198407,5,400,4.0,80.0,2,3,5,20,66,0.2
198410,5,523,3.6,104.6,1,3,6,18,430,1.0
198411,3,422,4.666666666666667,140.66666666666666,2,2,6,14,186,0.3333333333333333
198414,9,1074,4.444444444444445,119.33333333333333,3,4,11,40,62,0.7777777777777778
198442,5,446,3.2,89.2,4,4,7,16,358,0.2
198446,3,322,4.0,107.33333333333333,1,3,6,12,62,1.0
198452,2,142,3.0,71.0,1,2,5,6,456,1.0
198458,1,258,8.0,258.0,1,3,5,8,498,1.0
198471,2,235,4.0,117.5,1,3,6,8,463,1.0
198483,4,405,3.25,101.25,3,2,5,13,87,0.5
198485,4,279,2.75,69.75,3,3,6,11,160,0.5
198487,1,123,6.0,123.0,1,2,4,6,497,1.0
198495,2,215,3.5,107.5,1,3,5,7,444,1.0
198496,1,141,5.0,141.0,1,2,3,5,497,1.0
198512,2,300,6.0,150.0,1,2,6,12,450,1.0
198520,2,219,4.0,109.5,1,3,6,8,387,1.0
198529,4,444,3.5,111.0,3,2,5,14,104,0.25
198530,1,148,5.0,148.0,1,2,3,5,498,1.0
198533,1,117,5.0,117.0,1,2,4,5,498,1.0
198574,1,129,5.0,129.0,1,2,3,5,497,1.0
198575,1,155,5.0,155.0,1,3,5,5,497,1.0
198576,1,140,5.0,140.0,1,2,4,5,498,1.0
198580,1,238,11.0,238.0,1,2,6,11,498,1.0
198605,6,471,3.3333333333333335,78.5,1,3,9,20,104,1.0
198609,3,275,2.3333333333333335,91.66666666666667,2,1,4,7,409,0.3333333333333333
198614,6,647,3.8333333333333335,107.83333333333333,1,4,8,23,10,1.0
198621,2,180,3.5,90.0,2,2,4,7,55,0.5
198629,16,2211,4.375,138.1875,2,3,10,70,59,0.9375
198643,4,131,1.0,32.75,1,2,3,4,241,1.0
198657,1,154,6.0,154.0,1,2,5,6,497,1.0
198659,4,326,4.25,81.5,3,3,6,17,57,0.5
198665,1,130,5.0,130.0,1,2,4,5,498,1.0
198669,2,260,5.0,130.0,1,2,5,10,456,1.0
198681,3,515,5.0,171.66666666666666,1,4,7,15,76,1.0
198682,7,625,4.285714285714286,89.28571428571429,1,4,9,30,7,1.0
198684,1,103,3.0,103.0,1,1,2,3,498,1.0
198699,1,135,5.0,135.0,1,3,4,5,498,1.0
198701,1,143,5.0,143.0,1,2,4,5,497,1.0
198703,2,263,4.5,131.5,1,3,6,9,487,1.0
198721,1,191,7.0,191.0,1,2,4,7,497,1.0
198736,3,525,6.0,175.0,1,4,9,18,160,1.0
198739,3,236,3.6666666666666665,78.66666666666667,1,3,5,11,37,1.0
198740,2,135,2.5,67.5,2,1,4,5,234,0.5
198741,1,115,4.0,115.0,1,2,2,4,495,1.0
198745,2,274,4.5,137.0,1,3,6,9,255,1.0
198754,2,214,3.0,107.0,2,3,6,6,303,0.5
198763,2,158,3.5,79.0,1,2,3,7,471,1.0
198766,9,742,3.3333333333333335,82.44444444444444,1,2,9,30,106,1.0
198769,2,232,4.5,116.0,1,2,5,9,301,1.0
198776,4,519,4.25,129.75,2,3,6,17,104,0.25
198778,1,242,8.0,242.0,1,3,7,8,495,1.0
198803,4,316,2.75,79.0,1,3,9,11,137,1.0
198814,10,955,4.3,95.5,3,4,14,43,13,0.5
198839,2,190,3.5,95.0,1,2,5,7,234,1.0
198845,1,104,4.0,104.0,1,2,2,4,494,1.0
198856,15,1503,3.466666666666667,100.2,3,4,14,52,41,0.8666666666666667
198859,1,206,7.0,206.0,1,2,5,7,494,1.0
198869,9,1082,4.555555555555555,120.22222222222223,2,3,10,41,24,0.8888888888888888
198876,1,129,4.0,129.0,1,3,3,4,494,1.0
198882,1,152,5.0,152.0,1,2,3,5,494,1.0
198891,1,221,6.0,221.0,1,3,4,6,494,1.0
198896,4,338,2.75,84.5,2,2,5,11,427,0.25
198905,7,416,2.5714285714285716,59.42857142857143,1,3,7,18,93,1.0
198914,1,142,5.0,142.0,1,3,4,5,494,1.0
198920,4,821,7.0,205.25,1,3,9,28,128,1.0
198927,2,267,6.0,133.5,1,2,5,12,434,1.0
198929,7,892,3.5714285714285716,127.42857142857143,1,4,11,25,70,1.0
198932,4,340,2.5,85.0,3,3,5,10,58,0.25
198939,1,168,4.0,168.0,1,2,3,4,493,1.0
198962,12,801,2.6666666666666665,66.75,1,3,11,32,270,1.0
198966,2,341,6.5,170.5,1,2,5,13,371,1.0
198968,1,214,7.0,214.0,1,2,3,7,493,1.0
198977,6,891,5.666666666666667,148.5,1,3,8,34,111,1.0
198987,7,641,3.0,91.57142857142857,1,4,9,21,71,1.0
199000,2,253,4.5,126.5,2,4,6,9,457,0.5
199007,3,308,3.0,102.66666666666667,1,2,5,9,20,1.0
199013,3,1093,14.0,364.3333333333333,1,4,9,42,73,1.0
199018,5,385,3.0,77.0,1,3,6,15,64,1.0
199024,1,151,6.0,151.0,1,2,5,6,492,1.0
199029,2,234,4.0,117.0,1,3,6,8,263,1.0
199030,2,306,4.5,153.0,1,2,5,9,347,1.0
199033,4,422,3.5,105.5,1,4,8,14,62,1.0
199037,6,612,3.5,102.0,4,4,10,21,51,0.16666666666666666
199055,3,143,2.0,47.666666666666664,3,2,3,6,457,0.3333333333333333
199060,2,170,3.0,85.0,1,1,3,6,492,1.0
199062,7,1241,6.142857142857143,177.28571428571428,1,4,12,43,106,1.0
199064,4,343,4.0,85.75,2,2,6,16,211,0.25
199070,1,177,6.0,177.0,1,2,3,6,492,1.0
199072,8,1390,5.5,173.75,2,4,12,44,105,0.625
199073,2,490,10.0,245.0,1,1,3,20,35,1.0
199114,3,486,6.333333333333333,162.0,1,3,8,19,150,1.0
199116,1,136,5.0,136.0,1,3,5,5,491,1.0
199138,3,499,4.666666666666667,166.33333333333334,1,3,8,14,62,1.0
199140,4,388,3.5,97.0,2,4,8,14,14,0.25
199151,3,484,5.333333333333333,161.33333333333334,1,2,6,16,337,1.0
199154,20,2260,3.7,113.0,2,4,14,74,132,0.95
199159,4,697,6.5,174.25,1,4,10,26,80,1.0
199160,3,394,6.333333333333333,131.33333333333334,1,4,7,19,205,1.0
199171,2,468,5.0,234.0,1,4,8,10,97,1.0
199208,2,351,6.0,175.5,1,2,6,12,330,1.0
199215,3,418,4.0,139.33333333333334,1,3,8,12,95,1.0
199222,10,967,4.2,96.7,1,3,9,42,11,1.0
199226,1,122,6.0,122.0,1,3,3,6,491,1.0
199240,1,114,6.0,114.0,1,2,3,6,491,1.0
199245,2,173,2.5,86.5,1,1,3,5,330,1.0
199247,1,136,5.0,136.0,1,2,3,5,490,1.0
199254,6,370,2.8333333333333335,61.666666666666664,5,4,8,17,24,0.3333333333333333
199256,7,1065,5.571428571428571,152.14285714285714,1,4,9,39,51,1.0
199257,4,532,4.0,133.0,3,3,5,16,49,0.25
199278,2,164,2.5,82.0,1,2,4,5,442,1.0
199279,2,162,2.5,81.0,1,2,4,5,431,1.0
199286,2,239,5.0,119.5,1,2,8,10,421,1.0
199300,3,618,7.0,206.0,2,2,5,21,162,0.6666666666666666
199305,4,914,8.0,228.5,2,4,7,32,6,0.5
199310,3,326,3.6666666666666665,108.66666666666667,1,2,6,11,69,1.0
199311,12,878,3.0,73.16666666666667,2,3,4,36,52,0.8333333333333334
199318,1,131,5.0,131.0,1,3,4,5,491,1.0
199321,2,794,10.5,397.0,2,3,7,21,266,0.5
199324,2,360,5.5,180.0,1,2,5,11,139,1.0
199334,1,133,4.0,133.0,1,2,4,4,490,1.0
199342,8,735,2.875,91.875,2,4,8,23,133,0.75
199343,2,231,4.5,115.5,1,2,6,9,306,1.0
199346,1,155,5.0,155.0,1,2,3,5,491,1.0
199348,1,124,5.0,124.0,1,2,3,5,490,1.0
199349,1,152,5.0,152.0,1,2,4,5,490,1.0
199365,6,555,3.5,92.5,1,2,4,21,21,1.0
199371,1,117,5.0,117.0,1,2,4,5,490,1.0
199382,1,435,14.0,435.0,1,3,7,14,490,1.0
199392,1,140,5.0,140.0,1,2,2,5,491,1.0
199395,2,162,3.0,81.0,1,2,4,6,400,1.0
199396,1,313,10.0,313.0,1,3,6,10,491,1.0
199401,2,207,4.0,103.5,2,3,6,8,400,0.5
199425,4,145,1.5,36.25,1,2,4,6,107,1.0
199427,1,309,7.0,309.0,1,2,5,7,487,1.0
199430,4,456,4.25,114.0,2,2,7,17,58,0.5
199435,5,1304,9.0,260.8,1,3,9,45,62,1.0
199437,2,256,5.5,128.0,1,2,4,11,473,1.0
199455,2,245,3.0,122.5,2,3,5,6,160,0.5
199460,1,118,4.0,118.0,1,1,2,4,487,1.0
199465,1,146,7.0,146.0,1,2,3,7,487,1.0
199466,2,250,4.5,125.0,2,2,5,9,147,0.5
199477,1,147,5.0,147.0,1,2,4,5,487,1.0
199482,6,599,4.0,99.83333333333333,1,2,8,24,163,1.0
199493,1,152,5.0,152.0,1,3,4,5,487,1.0
199511,16,2358,5.3125,147.375,3,4,13,85,0,0.6875
199515,5,483,3.2,96.6,1,3,7,16,408,1.0
199520,1,224,9.0,224.0,1,3,4,9,487,1.0
199521,4,445,3.75,111.25,1,2,3,15,45,1.0
199523,1,136,5.0,136.0,1,2,4,5,487,1.0
199524,2,133,3.0,66.5,1,3,5,6,85,1.0
199533,3,355,4.666666666666667,118.33333333333333,2,3,5,14,97,0.6666666666666666
199534,5,339,2.2,67.8,1,3,6,11,364,1.0
199536,1,99,5.0,99.0,1,3,3,5,486,1.0
199539,5,526,4.6,105.2,1,4,10,23,44,1.0
199545,2,473,7.0,236.5,1,4,10,14,473,1.0
199547,2,153,2.0,76.5,1,1,3,4,221,1.0
199548,1,281,9.0,281.0,1,2,5,9,486,1.0
199563,2,378,5.5,189.0,1,2,5,11,133,1.0
199580,2,406,7.0,203.0,1,3,7,14,86,1.0
199590,1,213,7.0,213.0,1,2,3,7,486,1.0
199593,1,124,5.0,124.0,1,2,4,5,486,1.0
199624,24,1211,2.0,50.458333333333336,8,4,13,48,10,0.4166666666666667
199628,1,134,5.0,134.0,1,2,4,5,486,1.0
199629,1,181,6.0,181.0,1,4,6,6,486,1.0
199633,4,453,3.75,113.25,1,4,9,15,126,1.0
199644,3,229,3.3333333333333335,76.33333333333333,2,2,4,10,265,0.6666666666666666
199645,7,684,4.285714285714286,97.71428571428571,2,4,9,30,156,0.8571428571428571
199666,6,523,2.8333333333333335,87.16666666666667,4,3,5,17,48,0.16666666666666666
199672,1,150,5.0,150.0,1,3,3,5,485,1.0
199676,1,184,7.0,184.0,1,2,5,7,485,1.0
199682,3,321,3.0,107.0,2,3,4,9,51,0.3333333333333333
199688,1,156,5.0,156.0,1,2,5,5,485,1.0
199689,4,461,4.5,115.25,2,4,7,18,132,0.25
199690,1,138,5.0,138.0,1,3,4,5,485,1.0
199695,1,81,4.0,81.0,1,2,3,4,485,1.0
199708,1,182,6.0,182.0,1,2,2,6,485,1.0
199712,14,1178,3.0714285714285716,84.14285714285714,1,3,9,43,42,1.0
199713,1,141,6.0,141.0,1,3,4,6,485,1.0
199718,2,308,4.5,154.0,1,2,6,9,452,1.0
199721,1,80,2.0,80.0,1,1,2,2,481,1.0
199722,6,463,2.6666666666666665,77.16666666666667,3,3,6,16,6,0.6666666666666666
199726,1,119,5.0,119.0,1,2,5,5,485,1.0
199734,1,96,5.0,96.0,1,2,4,5,485,1.0
199746,4,414,3.25,103.5,3,3,10,13,73,0.25
199750,1,289,10.0,289.0,1,3,5,10,485,1.0
199752,13,1151,3.3076923076923075,88.53846153846153,1,3,8,43,86,1.0
199753,7,525,2.5714285714285716,75.0,2,4,8,18,155,0.14285714285714285
199755,2,213,3.0,106.5,1,1,3,6,367,1.0
199758,5,653,4.8,130.6,1,2,3,24,6,1.0
199766,3,438,5.333333333333333,146.0,1,3,9,16,203,1.0
199771,1,158,4.0,158.0,1,2,4,4,483,1.0
199776,4,229,2.5,57.25,2,3,5,10,34,0.5
199777,1,129,5.0,129.0,1,3,4,5,484,1.0
199790,2,340,6.0,170.0,2,2,3,12,473,0.5
199799,2,259,4.5,129.5,1,4,6,9,266,1.0
199803,2,212,4.0,106.0,1,3,6,8,422,1.0
199814,7,703,4.714285714285714,100.42857142857143,5,3,8,33,222,0.2857142857142857
199817,2,232,4.0,116.0,2,3,4,8,429,0.5
199824,4,549,3.25,137.25,1,4,9,13,351,1.0
199837,7,1469,6.428571428571429,209.85714285714286,1,4,12,45,91,1.0
199840,2,229,3.0,114.5,1,1,3,6,151,1.0
199850,1,131,5.0,131.0,1,3,4,5,483,1.0
199852,2,376,5.5,188.0,1,3,7,11,480,1.0
199855,4,701,5.75,175.25,1,2,6,23,154,1.0
199856,4,481,3.5,120.25,3,2,4,14,31,0.25
199859,2,271,5.5,135.5,2,3,6,11,42,0.5
199860,2,179,3.0,89.5,2,2,4,6,476,0.5
199862,3,174,1.6666666666666667,58.0,2,3,4,5,123,0.6666666666666666
199863,1,59,1.0,59.0,1,1,1,1,483,1.0
199869,2,214,4.0,107.0,1,3,6,8,459,1.0
199874,3,453,3.6666666666666665,151.0,2,4,8,11,49,0.3333333333333333
199886,4,397,3.25,99.25,2,2,4,13,69,0.5
199888,2,176,4.0,88.0,1,2,6,8,350,1.0
199893,1,127,5.0,127.0,1,2,4,5,484,1.0
199896,2,233,3.5,116.5,2,3,4,7,37,0.5
199906,3,255,3.6666666666666665,85.0,1,2,5,11,64,1.0
199931,7,575,3.142857142857143,82.14285714285714,2,4,7,22,140,0.7142857142857143
199935,4,450,3.25,112.5,2,3,10,13,28,0.75
199945,1,288,9.0,288.0,1,2,4,9,484,1.0
199947,3,490,4.333333333333333,163.33333333333334,3,3,6,13,114,0.3333333333333333
199959,1,136,4.0,136.0,1,2,3,4,483,1.0
199966,1,353,12.0,353.0,1,2,6,12,483,1.0
199967,1,170,8.0,170.0,1,3,5,8,483,1.0
199968,2,501,8.0,250.5,1,3,8,16,56,1.0
200007,4,424,3.5,106.0,2,4,5,14,71,0.75
200015,3,402,3.6666666666666665,134.0,1,3,6,11,338,1.0
200029,2,374,5.0,187.0,1,2,3,10,483,1.0
200038,3,444,4.333333333333333,148.0,2,4,8,13,287,0.3333333333333333
200040,9,996,3.5555555555555554,110.66666666666667,2,4,9,32,87,0.8888888888888888
200044,4,419,3.5,104.75,1,3,9,14,59,1.0
200058,1,165,5.0,165.0,1,3,5,5,483,1.0
200064,6,648,3.8333333333333335,108.0,1,3,6,23,61,1.0
200069,3,320,4.0,106.66666666666667,2,2,6,12,3,0.6666666666666666
200072,3,621,5.333333333333333,207.0,1,3,9,16,92,1.0
200082,2,254,5.0,127.0,2,3,7,10,472,0.5
200090,1,82,4.0,82.0,1,3,4,4,481,1.0
200092,3,351,4.0,117.0,1,3,5,12,427,1.0
200096,2,124,3.0,62.0,1,2,4,6,337,1.0
200126,3,226,3.0,75.33333333333333,2,2,6,9,231,0.6666666666666666
200127,2,150,3.0,75.0,1,3,5,6,121,1.0
200140,2,212,3.5,106.0,1,2,3,7,450,1.0
200142,1,369,13.0,369.0,1,3,5,13,480,1.0
200146,3,272,3.0,90.66666666666667,2,3,4,9,73,0.6666666666666666
200152,5,900,4.6,180.0,1,3,8,23,275,1.0
200153,1,132,5.0,132.0,1,2,2,5,480,1.0
200155,1,115,6.0,115.0,1,3,3,6,480,1.0
200167,9,445,2.6666666666666665,49.44444444444444,1,3,7,24,31,1.0
200169,2,275,6.0,137.5,1,3,6,12,456,1.0
200172,4,441,4.25,110.25,1,3,8,17,0,1.0
200177,3,464,5.0,154.66666666666666,1,3,6,15,45,1.0
200178,4,266,3.75,66.5,1,2,7,15,187,1.0
200187,2,214,3.5,107.0,1,3,3,7,480,1.0
200188,1,141,5.0,141.0,1,2,5,5,480,1.0
200196,1,124,5.0,124.0,1,2,4,5,479,1.0
200198,2,397,7.0,198.5,2,3,9,14,336,0.5
200207,5,408,3.0,81.6,2,2,7,15,65,0.2
200209,1,119,4.0,119.0,1,2,2,4,479,1.0
200213,1,273,10.0,273.0,1,3,3,10,479,1.0
200226,8,233,1.875,29.125,2,4,5,15,64,0.875
200230,5,692,5.0,138.4,1,3,8,25,132,1.0
200239,5,777,5.4,155.4,1,4,7,27,6,1.0
200252,4,629,4.75,157.25,2,2,6,19,6,0.75
200253,6,636,3.3333333333333335,106.0,2,3,9,20,83,0.5
200256,2,222,3.5,111.0,2,2,6,7,409,0.5
200274,15,2075,4.266666666666667,138.33333333333334,3,4,13,64,30,0.2
200288,9,699,3.111111111111111,77.66666666666667,5,3,8,28,148,0.2222222222222222
200289,1,129,5.0,129.0,1,2,4,5,478,1.0
200295,7,825,3.5714285714285716,117.85714285714286,3,4,8,25,49,0.5714285714285714
200299,3,234,3.3333333333333335,78.0,1,4,7,10,113,1.0
200307,6,405,2.8333333333333335,67.5,1,4,6,17,32,1.0
200308,4,375,4.5,93.75,1,3,6,18,234,1.0
200323,5,657,5.2,131.4,1,4,11,26,2,1.0
200324,3,539,5.666666666666667,179.66666666666666,2,3,7,17,247,0.6666666666666666
200335,3,236,4.0,78.66666666666667,1,3,6,12,120,1.0
200344,8,751,3.25,93.875,1,2,5,26,69,1.0
200352,1,202,7.0,202.0,1,2,3,7,478,1.0
200354,1,218,7.0,218.0,1,3,5,7,478,1.0
200355,9,1051,4.111111111111111,116.77777777777777,2,4,9,37,55,0.4444444444444444
200357,1,140,5.0,140.0,1,2,4,5,478,1.0
200366,3,362,4.333333333333333,120.66666666666667,1,3,7,13,476,1.0
200390,14,1367,3.2857142857142856,97.64285714285714,1,4,14,46,46,1.0
200393,5,432,3.2,86.4,1,4,9,16,52,1.0
200394,5,576,3.4,115.2,3,4,13,17,111,0.2
200405,1,134,6.0,134.0,1,2,3,6,476,1.0
200410,8,816,3.5,102.0,1,4,9,28,322,1.0
200412,2,274,4.5,137.0,1,2,4,9,287,1.0
200421,2,170,3.0,85.0,2,3,5,6,322,0.5
200422,1,249,8.0,249.0,1,3,6,8,476,1.0
200448,2,517,9.0,258.5,1,4,10,18,432,1.0
200455,3,324,4.333333333333333,108.0,3,3,7,13,336,0.3333333333333333
200459,4,413,5.5,103.25,2,3,7,22,59,0.75
200463,1,137,5.0,137.0,1,3,5,5,477,1.0
200475,3,251,3.6666666666666665,83.66666666666667,3,2,5,11,48,0.3333333333333333
200482,3,248,2.6666666666666665,82.66666666666667,2,2,5,8,18,0.6666666666666666
200500,2,178,3.0,89.0,2,4,5,6,450,0.5
200504,9,748,2.7777777777777777,83.11111111111111,4,3,7,25,200,0.2222222222222222
200507,2,262,5.0,131.0,2,3,5,10,429,0.5
200520,13,2611,8.153846153846153,200.84615384615384,5,4,9,106,15,0.15384615384615385
200524,1,186,6.0,186.0,1,3,3,6,476,1.0
200542,1,247,7.0,247.0,1,3,5,7,477,1.0
200554,1,281,12.0,281.0,1,2,4,12,477,1.0
200557,2,179,3.5,89.5,1,2,6,7,241,1.0
200565,3,364,5.0,121.33333333333333,2,4,7,15,157,0.3333333333333333
200566,1,138,5.0,138.0,1,3,4,5,477,1.0
200572,2,288,3.5,144.0,1,4,5,7,252,1.0
200579,3,254,3.0,84.66666666666667,2,2,5,9,190,0.6666666666666666
200580,2,310,5.0,155.0,1,2,5,10,296,1.0
200582,2,320,6.0,160.0,1,2,3,12,266,1.0
200591,2,448,7.5,224.0,1,3,6,15,386,1.0
200606,1,181,6.0,181.0,1,3,5,6,477,1.0
200608,4,484,4.25,121.0,3,3,9,17,58,0.25
200609,1,154,4.0,154.0,1,1,4,4,476,1.0
200612,2,278,4.5,139.0,1,2,5,9,364,1.0
200615,9,831,3.0,92.33333333333333,2,4,11,27,50,0.1111111111111111
200620,1,127,5.0,127.0,1,2,5,5,476,1.0
200625,1,77,3.0,77.0,1,1,2,3,477,1.0
200631,3,334,3.6666666666666665,111.33333333333333,1,2,6,11,141,1.0
200642,7,1043,6.0,149.0,1,4,11,42,147,1.0
200651,1,131,5.0,131.0,1,2,5,5,476,1.0
200657,4,317,3.25,79.25,1,3,6,13,60,1.0
200659,3,321,3.6666666666666665,107.0,1,3,6,11,336,1.0
200673,1,171,6.0,171.0,1,2,5,6,476,1.0
200683,1,150,6.0,150.0,1,2,5,6,477,1.0
200690,4,329,2.5,82.25,2,2,4,10,318,0.75
200692,3,636,6.0,212.0,2,3,5,18,7,0.3333333333333333
200693,1,107,4.0,107.0,1,2,2,4,474,1.0
200708,1,146,4.0,146.0,1,1,3,4,474,1.0
200716,1,139,5.0,139.0,1,2,3,5,474,1.0
200718,1,140,5.0,140.0,1,2,5,5,474,1.0
200724,5,559,4.4,111.8,2,4,10,22,126,0.8
200730,5,646,4.4,129.2,1,4,13,22,203,1.0
200733,1,137,5.0,137.0,1,2,4,5,474,1.0
200752,9,758,2.888888888888889,84.22222222222223,1,4,8,26,113,1.0
200756,1,142,5.0,142.0,1,3,4,5,474,1.0
200760,2,266,4.0,133.0,1,3,5,8,456,1.0
200768,6,515,3.1666666666666665,85.83333333333333,1,3,6,19,71,1.0
200773,2,211,4.0,105.5,1,3,6,8,17,1.0
200784,3,497,5.333333333333333,165.66666666666666,1,3,7,16,6,1.0
200785,2,313,6.5,156.5,2,2,7,13,420,0.5
200800,2,310,4.0,155.0,1,3,5,8,137,1.0
200802,6,591,3.8333333333333335,98.5,4,2,7,23,63,0.3333333333333333
200803,1,128,5.0,128.0,1,2,3,5,473,1.0
200807,2,360,5.0,180.0,1,3,6,10,263,1.0
200809,2,243,5.5,121.5,1,3,7,11,204,1.0
200811,15,1237,3.6,82.46666666666667,2,3,9,54,24,0.8
200815,2,478,7.5,239.0,2,3,5,15,73,0.5
200817,2,209,3.0,104.5,1,3,6,6,420,1.0
200818,2,184,4.0,92.0,1,3,6,8,112,1.0
200821,6,667,3.8333333333333335,111.16666666666667,2,4,8,23,51,0.8333333333333334
200832,4,305,3.5,76.25,1,4,6,14,397,1.0
200847,1,141,5.0,141.0,1,2,4,5,473,1.0
200849,1,140,5.0,140.0,1,2,4,5,473,1.0
200856,2,210,4.0,105.0,1,2,3,8,467,1.0
200868,3,448,3.6666666666666665,149.33333333333334,2,3,7,11,106,0.6666666666666666
200870,1,165,5.0,165.0,1,2,3,5,472,1.0
200909,5,469,2.8,93.8,4,3,7,14,60,0.4
200913,2,212,3.5,106.0,1,3,4,7,429,1.0
200920,1,139,6.0,139.0,1,2,4,6,472,1.0
200922,4,382,4.0,95.5,1,4,9,16,108,1.0
200928,1,169,4.0,169.0,1,2,3,4,472,1.0
200942,4,246,2.75,61.5,1,3,9,11,85,1.0
200944,1,131,5.0,131.0,1,1,2,5,472,1.0
200947,9,701,3.0,77.88888888888889,2,4,9,27,60,0.8888888888888888
200962,1,138,4.0,138.0,1,1,3,4,472,1.0
200969,5,797,6.0,159.4,1,3,8,30,261,1.0
200978,1,144,5.0,144.0,1,3,5,5,472,1.0
200985,3,312,3.6666666666666665,104.0,3,3,6,11,64,0.3333333333333333
200993,15,1112,3.4,74.13333333333334,2,4,8,51,29,0.13333333333333333
200995,2,194,3.0,97.0,1,2,3,6,469,1.0
201005,6,694,4.333333333333333,115.66666666666667,1,3,10,26,112,1.0
201007,6,253,2.6666666666666665,42.166666666666664,2,4,7,16,69,0.16666666666666666
201009,5,570,4.2,114.0,3,3,8,21,134,0.6
201017,2,333,6.0,166.5,1,3,5,12,422,1.0
201020,2,385,6.0,192.5,2,3,8,12,393,0.5
201022,6,591,3.3333333333333335,98.5,2,3,8,20,3,0.6666666666666666
201025,11,786,3.0,71.45454545454545,1,4,13,33,37,1.0
201027,7,1018,5.285714285714286,145.42857142857142,2,4,12,37,179,0.7142857142857143
201032,4,673,5.25,168.25,1,2,9,21,21,1.0
201034,4,308,2.25,77.0,1,4,8,9,178,1.0
201037,6,1215,7.833333333333333,202.5,3,4,9,47,17,0.3333333333333333
201039,1,115,5.0,115.0,1,2,4,5,471,1.0
201040,5,268,2.2,53.6,2,3,6,11,156,0.8
201049,1,81,3.0,81.0,1,2,2,3,471,1.0
201064,7,1061,5.0,151.57142857142858,1,4,13,35,118,1.0
201066,10,973,4.1,97.3,3,4,12,41,51,0.8
201071,4,343,4.25,85.75,1,4,8,17,119,1.0
201072,2,155,4.0,77.5,1,2,3,8,322,1.0
201074,6,693,4.166666666666667,115.5,1,4,8,25,48,1.0
201089,3,715,6.333333333333333,238.33333333333334,1,4,10,19,92,1.0
201094,1,144,4.0,144.0,1,1,4,4,470,1.0
201104,4,334,2.75,83.5,2,3,7,11,2,0.25
201108,2,180,4.0,90.0,1,2,5,8,359,1.0
201110,2,167,3.0,83.5,1,2,3,6,78,1.0
201134,1,121,5.0,121.0,1,3,4,5,470,1.0
201138,1,203,5.0,203.0,1,1,1,5,469,1.0
201145,4,330,4.0,82.5,2,2,5,16,29,0.25
201155,8,746,3.0,93.25,1,3,10,24,59,1.0
201158,2,229,4.0,114.5,1,2,4,8,146,1.0
201163,1,257,9.0,257.0,1,3,4,9,470,1.0
201164,3,326,4.0,108.66666666666667,2,3,6,12,29,0.6666666666666666
201167,5,145,1.2,29.0,1,3,4,6,163,1.0
201180,1,120,5.0,120.0,1,2,3,5,469,1.0
201188,1,141,4.0,141.0,1,2,3,4,469,1.0
201191,2,358,6.0,179.0,2,4,7,12,336,0.5
201201,3,254,3.0,84.66666666666667,1,2,5,9,189,1.0
201202,1,219,8.0,219.0,1,2,5,8,470,1.0
201218,2,247,3.5,123.5,1,1,3,7,256,1.0
201223,2,208,3.5,104.0,1,3,5,7,455,1.0
201224,2,193,3.5,96.5,1,3,5,7,23,1.0
201225,2,284,5.0,142.0,1,3,5,10,417,1.0
201228,5,508,3.2,101.6,1,3,7,16,67,1.0
201237,2,239,3.5,119.5,1,2,6,7,403,1.0
201238,7,457,2.7142857142857144,65.28571428571429,2,4,9,19,18,0.8571428571428571
201239,1,219,7.0,219.0,1,3,5,7,469,1.0
201241,2,198,3.0,99.0,2,2,6,6,381,0.5
201247,3,299,3.3333333333333335,99.66666666666667,1,3,7,10,41,1.0
201257,3,260,3.0,86.66666666666667,1,2,5,9,62,1.0
201275,1,99,4.0,99.0,1,2,3,4,470,1.0
201280,1,66,2.0,66.0,1,1,2,2,196,1.0
201290,19,1369,2.9473684210526314,72.05263157894737,2,4,10,56,18,0.9473684210526315
201296,1,123,5.0,123.0,1,3,4,5,470,1.0
201300,2,155,3.0,77.5,1,2,4,6,162,1.0
201309,4,327,2.75,81.75,2,3,7,11,421,0.75
201311,2,205,4.0,102.5,1,2,3,8,27,1.0
201314,1,160,7.0,160.0,1,2,4,7,469,1.0
201316,1,128,5.0,128.0,1,2,3,5,469,1.0
201320,10,1173,4.3,117.3,1,3,9,43,20,1.0
201322,3,318,5.333333333333333,106.0,1,4,7,16,262,1.0
201333,4,469,3.75,117.25,1,3,8,15,95,1.0
201339,1,144,5.0,144.0,1,2,3,5,469,1.0
201356,3,736,7.0,245.33333333333334,1,4,8,21,311,1.0
201360,1,142,5.0,142.0,1,2,3,5,469,1.0
201361,6,1060,6.166666666666667,176.66666666666666,1,4,10,37,72,1.0
201362,1,140,4.0,140.0,1,2,3,4,470,1.0
201365,18,2280,5.611111111111111,126.66666666666667,2,4,12,101,10,0.8333333333333334
201390,2,354,5.5,177.0,2,3,5,11,403,0.5
201404,4,430,3.0,107.5,2,4,6,12,49,0.75
201409,2,281,4.5,140.5,1,3,6,9,438,1.0
201412,7,243,2.142857142857143,34.714285714285715,2,3,6,15,161,0.42857142857142855
201433,5,478,2.0,95.6,2,2,6,10,8,0.8
201444,4,386,3.25,96.5,1,3,7,13,35,1.0
201449,3,198,2.6666666666666665,66.0,2,2,5,8,113,0.6666666666666666
201454,2,931,15.0,465.5,1,2,3,30,465,1.0
201463,7,1591,8.714285714285714,227.28571428571428,1,4,12,61,63,1.0
201466,1,131,5.0,131.0,1,2,4,5,466,1.0
201468,3,456,5.0,152.0,3,3,8,15,63,0.3333333333333333
201472,1,418,11.0,418.0,1,3,7,11,466,1.0
201473,1,163,5.0,163.0,1,1,4,5,466,1.0
201487,4,415,4.5,103.75,2,3,6,18,0,0.75
201498,1,126,5.0,126.0,1,2,4,5,466,1.0
201501,1,237,7.0,237.0,1,2,3,7,466,1.0
201514,1,182,7.0,182.0,1,3,5,7,466,1.0
201531,1,156,6.0,156.0,1,2,5,6,466,1.0
201532,7,551,3.0,78.71428571428571,1,4,11,21,264,1.0
201543,7,564,3.857142857142857,80.57142857142857,1,4,10,27,129,1.0
201550,1,229,5.0,229.0,1,2,3,5,466,1.0
201561,2,235,4.5,117.5,1,1,3,9,176,1.0
201572,1,315,9.0,315.0,1,3,4,9,465,1.0
201578,15,904,2.466666666666667,60.266666666666666,3,4,9,37,48,0.8666666666666667
201580,2,133,3.0,66.5,1,4,5,6,465,1.0
201589,2,394,7.5,197.0,1,3,5,15,415,1.0
201590,2,245,4.5,122.5,1,3,6,9,399,1.0
201594,5,679,5.2,135.8,3,4,10,26,21,0.2
201614,1,45,1.0,45.0,1,1,1,1,49,1.0
201618,2,269,5.0,134.5,1,2,6,10,141,1.0
201620,5,553,4.0,110.6,1,4,8,20,312,1.0
201627,4,203,2.0,50.75,1,2,5,8,186,1.0
201630,5,672,5.4,134.4,3,3,8,27,20,0.2
201638,1,131,7.0,131.0,1,2,5,7,465,1.0
201646,2,146,3.0,73.0,2,3,5,6,228,0.5
201651,3,337,3.6666666666666665,112.33333333333333,1,3,8,11,90,1.0
201654,4,475,3.25,118.75,3,3,6,13,126,0.5
201655,1,86,5.0,86.0,1,2,4,5,464,1.0
201656,4,392,2.75,98.0,3,3,8,11,1,0.5
201663,4,593,5.75,148.25,2,3,6,23,70,0.75
201665,2,234,3.5,117.0,1,3,5,7,465,1.0
201674,9,778,3.5555555555555554,86.44444444444444,1,3,9,32,84,1.0
201677,1,181,6.0,181.0,1,3,5,6,465,1.0
201681,2,168,3.0,84.0,2,3,6,6,301,0.5
201693,1,116,5.0,116.0,1,2,3,5,465,1.0
201695,3,227,2.6666666666666665,75.66666666666667,1,4,5,8,227,1.0
201708,1,187,5.0,187.0,1,3,4,5,465,1.0
201711,1,269,7.0,269.0,1,2,2,7,465,1.0
201712,3,461,6.0,153.66666666666666,1,2,6,18,62,1.0
201719,5,599,5.0,119.8,3,3,9,25,99,0.6
201727,1,71,3.0,71.0,1,2,3,3,463,1.0
201746,2,347,4.5,173.5,1,3,5,9,452,1.0
201748,3,350,4.0,116.66666666666667,1,2,6,12,230,1.0
201770,1,173,6.0,173.0,1,2,3,6,463,1.0
201774,1,164,6.0,164.0,1,2,5,6,463,1.0
201775,2,237,3.5,118.5,1,3,5,7,136,1.0
201780,1,160,6.0,160.0,1,3,5,6,462,1.0
201784,2,247,4.5,123.5,1,3,4,9,289,1.0
201793,4,255,3.5,63.75,1,2,3,14,125,1.0
201794,2,205,4.0,102.5,1,2,7,8,116,1.0
201796,1,277,8.0,277.0,1,2,6,8,462,1.0
201803,1,140,5.0,140.0,1,3,3,5,463,1.0
201805,1,189,6.0,189.0,1,2,3,6,463,1.0
201822,1,318,7.0,318.0,1,2,3,7,462,1.0
201836,1,295,8.0,295.0,1,3,5,8,463,1.0
201845,1,191,5.0,191.0,1,1,3,5,462,1.0
201851,1,181,7.0,181.0,1,3,5,7,463,1.0
201859,2,185,3.5,92.5,1,3,4,7,91,1.0
201893,2,214,4.0,107.0,1,3,4,8,402,1.0
201896,3,687,7.333333333333333,229.0,3,3,8,22,151,0.3333333333333333
201906,1,124,5.0,124.0,1,2,3,5,462,1.0
201920,1,146,5.0,146.0,1,2,3,5,463,1.0
201925,1,90,5.0,90.0,1,2,3,5,462,1.0
201928,4,226,2.0,56.5,1,2,6,8,358,1.0
201944,9,2163,6.777777777777778,240.33333333333334,1,4,13,61,125,1.0
201955,2,537,8.5,268.5,1,3,9,17,257,1.0
201976,1,215,7.0,215.0,1,3,4,7,463,1.0
201980,4,756,7.75,189.0,1,4,11,31,274,1.0
201996,7,1132,5.428571428571429,161.71428571428572,1,4,10,38,73,1.0
201999,1,144,5.0,144.0,1,2,4,5,463,1.0
202000,4,233,2.25,58.25,2,3,7,9,340,0.75
202009,6,586,3.5,97.66666666666667,1,3,9,21,64,1.0
202010,6,493,3.8333333333333335,82.16666666666667,1,3,8,23,107,1.0
202014,6,540,3.6666666666666665,90.0,2,3,6,22,111,0.3333333333333333
202017,1,69,3.0,69.0,1,2,2,3,462,1.0
202031,1,122,4.0,122.0,1,2,4,4,461,1.0
202037,3,347,4.333333333333333,115.66666666666667,1,2,4,13,129,1.0
202039,5,536,3.6,107.2,1,3,7,18,111,1.0
202052,8,980,4.375,122.5,2,4,8,35,30,0.125
202056,2,321,5.0,160.5,1,3,7,10,445,1.0
202062,1,184,5.0,184.0,1,2,3,5,460,1.0
202065,6,659,3.8333333333333335,109.83333333333333,1,4,12,23,29,1.0
202067,2,434,7.5,217.0,1,2,5,15,118,1.0
202070,4,625,5.0,156.25,2,2,6,20,301,0.5
202077,16,1424,3.1875,89.0,4,4,10,51,9,0.75
202096,9,1717,7.444444444444445,190.77777777777777,2,4,9,67,77,0.8888888888888888
202103,5,602,4.4,120.4,1,2,8,22,31,1.0
202106,4,422,3.25,105.5,2,3,5,13,63,0.5
202137,1,181,7.0,181.0,1,3,5,7,459,1.0
202142,1,125,6.0,125.0,1,2,4,6,459,1.0
202153,3,325,3.0,108.33333333333333,1,2,5,9,135,1.0
202159,5,331,3.0,66.2,3,4,7,15,167,0.4
202165,4,448,3.75,112.0,1,4,8,15,315,1.0
202166,3,261,4.0,87.0,1,4,5,12,107,1.0
202173,1,302,7.0,302.0,1,3,5,7,458,1.0
202196,1,159,5.0,159.0,1,3,4,5,458,1.0
202200,3,387,4.333333333333333,129.0,1,2,3,13,129,1.0
202221,8,442,2.0,55.25,2,3,9,16,59,0.875
202222,4,683,5.0,170.75,1,4,10,20,125,1.0
202241,4,477,4.0,119.25,1,3,8,16,108,1.0
202246,14,764,3.0,54.57142857142857,2,3,9,42,0,0.6428571428571429
202253,1,199,5.0,199.0,1,2,3,5,458,1.0
202256,2,183,3.5,91.5,1,3,5,7,71,1.0
202270,4,361,3.5,90.25,1,3,5,14,105,1.0
202288,2,211,4.0,105.5,2,2,4,8,455,0.5
202296,1,143,5.0,143.0,1,2,4,5,457,1.0
202297,4,613,4.75,153.25,1,2,7,19,27,1.0
202301,2,417,7.5,208.5,1,3,8,15,203,1.0
202306,2,273,5.5,136.5,2,3,4,11,24,0.5
202315,4,361,2.75,90.25,1,4,8,11,41,1.0
202317,2,202,3.5,101.0,2,3,5,7,210,0.5
202324,4,658,5.5,164.5,1,4,10,22,118,1.0
202329,2,344,5.0,172.0,1,4,7,10,298,1.0
202331,1,223,6.0,223.0,1,3,4,6,457,1.0
202336,1,128,5.0,128.0,1,2,4,5,457,1.0
202343,1,93,4.0,93.0,1,2,4,4,457,1.0
202344,1,113,5.0,113.0,1,2,4,5,457,1.0
202345,3,535,6.0,178.33333333333334,1,2,7,18,119,1.0
202351,4,393,4.0,98.25,1,3,7,16,222,1.0
202359,2,211,4.0,105.5,2,2,4,8,168,0.5
202372,1,116,5.0,116.0,1,2,3,5,455,1.0
202375,3,325,3.6666666666666665,108.33333333333333,1,3,6,11,112,1.0
202384,4,363,3.5,90.75,1,3,5,14,174,1.0
202388,1,135,5.0,135.0,1,2,5,5,455,1.0
202391,1,148,5.0,148.0,1,3,4,5,455,1.0
202400,3,423,5.333333333333333,141.0,1,4,10,16,24,1.0
202404,1,170,6.0,170.0,1,4,5,6,455,1.0
202406,1,175,6.0,175.0,1,3,4,6,456,1.0
202414,1,129,6.0,129.0,1,3,5,6,456,1.0
202425,6,684,4.0,114.0,2,4,8,24,77,0.5
202427,7,878,5.857142857142857,125.42857142857143,4,4,9,41,62,0.14285714285714285
202434,4,611,5.0,152.75,1,3,7,20,108,1.0
202436,1,228,7.0,228.0,1,2,3,7,455,1.0
202437,1,140,5.0,140.0,1,2,4,5,456,1.0
202440,7,720,4.0,102.85714285714286,4,3,8,28,107,0.14285714285714285
202447,3,325,5.0,108.33333333333333,2,2,5,15,140,0.6666666666666666
202453,3,342,4.666666666666667,114.0,1,2,6,14,77,1.0
202456,5,848,5.0,169.6,3,3,6,25,99,0.6
202459,2,164,3.5,82.0,1,2,5,7,231,1.0
202462,1,131,5.0,131.0,1,3,4,5,455,1.0
202475,2,346,5.5,173.0,2,2,5,11,428,0.5
202486,3,610,6.0,203.33333333333334,1,4,10,18,104,1.0
202488,1,148,4.0,148.0,1,1,3,4,455,1.0
202513,1,201,7.0,201.0,1,3,5,7,456,1.0
202514,1,144,5.0,144.0,1,2,3,5,456,1.0
202531,3,343,3.6666666666666665,114.33333333333333,1,3,6,11,266,1.0
202532,3,198,2.6666666666666665,66.0,1,3,4,8,436,1.0
202533,1,261,6.0,261.0,1,3,5,6,456,1.0
202539,1,139,5.0,139.0,1,3,5,5,455,1.0
202549,4,378,3.0,94.5,1,3,8,12,219,1.0
202553,2,439,8.0,219.5,1,4,8,16,174,1.0
202558,2,131,3.0,65.5,1,2,4,6,350,1.0
202567,2,477,9.5,238.5,2,3,5,19,156,0.5
202574,3,446,5.0,148.66666666666666,3,3,8,15,181,0.3333333333333333
202575,1,139,5.0,139.0,1,2,3,5,455,1.0
202583,3,348,3.6666666666666665,116.0,2,3,6,11,329,0.6666666666666666
202585,1,136,5.0,136.0,1,2,3,5,455,1.0
202587,2,222,3.5,111.0,1,2,2,7,453,1.0
202592,1,156,6.0,156.0,1,3,5,6,456,1.0
202598,5,346,2.6,69.2,1,3,5,13,133,1.0
202600,3,302,3.0,100.66666666666667,1,3,6,9,371,1.0
202605,5,268,2.8,53.6,2,4,6,14,90,0.8
202616,1,190,7.0,190.0,1,3,5,7,456,1.0
202646,1,210,7.0,210.0,1,2,5,7,456,1.0
202652,3,561,5.0,187.0,2,4,9,15,153,0.6666666666666666
202656,1,94,4.0,94.0,1,1,2,4,455,1.0
202660,1,144,5.0,144.0,1,3,4,5,456,1.0
202661,3,295,3.3333333333333335,98.33333333333333,1,3,8,10,104,1.0
202662,1,194,7.0,194.0,1,3,5,7,455,1.0
202676,1,146,6.0,146.0,1,2,4,6,453,1.0
202681,1,297,10.0,297.0,1,2,5,10,455,1.0
202685,8,592,2.625,74.0,1,2,7,21,55,1.0
202689,1,158,5.0,158.0,1,2,4,5,455,1.0
202693,3,293,3.6666666666666665,97.66666666666667,3,3,5,11,196,0.3333333333333333
202719,1,351,11.0,351.0,1,2,4,11,453,1.0
202721,3,267,3.3333333333333335,89.0,1,2,5,10,308,1.0
202723,3,405,4.333333333333333,135.0,2,3,5,13,104,0.6666666666666666
202727,2,115,2.0,57.5,1,3,4,4,7,1.0
202733,4,405,3.75,101.25,2,2,4,15,246,0.5
202735,2,289,4.0,144.5,2,3,7,8,214,0.5
202743,5,763,4.0,152.6,3,4,10,20,7,0.6
202763,1,128,5.0,128.0,1,3,4,5,453,1.0
202786,1,125,6.0,125.0,1,2,3,6,452,1.0
202790,2,209,4.0,104.5,1,4,5,8,109,1.0
202791,1,146,6.0,146.0,1,1,2,6,452,1.0
202803,1,174,6.0,174.0,1,3,4,6,452,1.0
202817,2,213,3.5,106.5,1,3,6,7,303,1.0
202821,4,418,2.75,104.5,3,2,7,11,241,0.25
202834,2,183,4.0,91.5,1,2,6,8,423,1.0
202836,2,168,3.5,84.0,2,2,5,7,56,0.5
202851,1,370,11.0,370.0,1,2,3,11,452,1.0
202861,2,455,7.0,227.5,2,2,4,14,145,0.5
202862,6,553,3.0,92.16666666666667,1,4,10,18,92,1.0
202865,1,203,6.0,203.0,1,3,3,6,451,1.0
202868,1,140,5.0,140.0,1,2,2,5,451,1.0
202870,5,701,4.4,140.2,1,4,9,22,58,1.0
202872,3,508,5.666666666666667,169.33333333333334,1,2,5,17,346,1.0
202876,3,452,4.333333333333333,150.66666666666666,1,3,7,13,347,1.0
202877,7,706,3.857142857142857,100.85714285714286,1,2,7,27,94,1.0
202882,2,264,4.0,132.0,1,2,3,8,64,1.0
202884,2,314,5.0,157.0,1,3,3,10,451,1.0
202886,9,917,3.6666666666666665,101.88888888888889,3,4,9,33,6,0.6666666666666666
202894,4,1082,8.0,270.5,1,3,9,32,226,1.0
202903,1,141,5.0,141.0,1,2,4,5,451,1.0
202909,1,117,5.0,117.0,1,2,5,5,451,1.0
202915,1,212,8.0,212.0,1,2,3,8,451,1.0
202917,1,161,5.0,161.0,1,1,3,5,451,1.0
202928,15,2976,6.133333333333334,198.4,4,4,12,92,309,0.26666666666666666
202933,3,437,5.0,145.66666666666666,2,3,6,15,56,0.6666666666666666
202943,2,262,3.0,131.0,1,1,2,6,121,1.0
202951,1,461,13.0,461.0,1,4,8,13,451,1.0
202952,2,202,4.5,101.0,1,3,5,9,409,1.0
202959,2,224,4.0,112.0,2,3,5,8,441,0.5
202968,1,198,7.0,198.0,1,3,3,7,450,1.0
202971,1,65,2.0,65.0,1,1,2,2,191,1.0
202975,4,424,2.75,106.0,1,2,7,11,254,1.0
202977,2,268,4.5,134.0,1,2,6,9,338,1.0
202987,4,938,7.5,234.5,1,3,8,30,111,1.0
202997,3,239,3.0,79.66666666666667,3,2,5,9,62,0.3333333333333333
202998,3,564,6.333333333333333,188.0,1,3,7,19,119,1.0
203000,1,164,6.0,164.0,1,2,3,6,450,1.0
203001,1,102,5.0,102.0,1,2,4,5,450,1.0
203002,11,862,3.090909090909091,78.36363636363636,3,4,11,34,100,0.8181818181818182
203018,2,194,3.5,97.0,1,3,5,7,231,1.0
203027,1,100,5.0,100.0,1,2,3,5,450,1.0
203035,1,164,6.0,164.0,1,3,5,6,450,1.0
203047,6,606,3.8333333333333335,101.0,1,4,7,23,77,1.0
203048,1,105,5.0,105.0,1,2,3,5,450,1.0
203085,1,158,6.0,158.0,1,3,5,6,448,1.0
203088,5,804,5.8,160.8,2,3,9,29,36,0.6
203094,8,410,3.0,51.25,2,4,10,24,52,0.625
203095,1,185,8.0,185.0,1,2,4,8,448,1.0
203109,5,454,4.8,90.8,3,3,7,24,43,0.4
203122,10,976,3.7,97.6,1,4,11,37,107,1.0
203132,14,647,2.0714285714285716,46.214285714285715,2,3,8,29,15,0.42857142857142855
203141,1,216,8.0,216.0,1,3,4,8,449,1.0
203173,1,124,5.0,124.0,1,3,5,5,448,1.0
203191,1,203,6.0,203.0,1,1,4,6,448,1.0
203194,1,99,4.0,99.0,1,2,3,4,448,1.0
203196,4,476,4.75,119.0,2,3,9,19,231,0.75
203199,4,448,4.5,112.0,1,3,8,18,231,1.0
203210,1,106,3.0,106.0,1,2,3,3,315,1.0
203213,1,192,8.0,192.0,1,2,3,8,448,1.0
203215,1,399,10.0,399.0,1,4,9,10,449,1.0
203216,1,200,6.0,200.0,1,2,4,6,448,1.0
203222,3,321,3.6666666666666665,107.0,2,2,7,11,46,0.6666666666666666
203234,10,663,2.4,66.3,1,4,10,24,114,1.0
203236,3,1558,15.0,519.3333333333334,1,4,13,45,167,1.0
203242,4,388,3.0,97.0,1,4,8,12,163,1.0
203252,1,237,6.0,237.0,1,3,6,6,449,1.0
203255,1,128,3.0,128.0,1,1,1,3,449,1.0
203256,1,200,7.0,200.0,1,3,5,7,448,1.0
203268,4,296,3.0,74.0,1,3,6,12,27,1.0
203270,3,568,7.0,189.33333333333334,3,4,7,21,69,0.3333333333333333
203283,2,320,5.0,160.0,1,3,5,10,446,1.0
203290,2,211,3.0,105.5,2,3,4,6,413,0.5
203294,5,480,4.2,96.0,1,2,5,21,73,1.0
203304,10,877,3.3,87.7,1,3,9,33,333,1.0
203309,3,322,3.0,107.33333333333333,2,3,5,9,60,0.6666666666666666
203315,2,285,4.5,142.5,2,2,3,9,55,0.5
203339,1,124,5.0,124.0,1,2,4,5,448,1.0
203344,2,229,4.5,114.5,2,3,8,9,254,0.5
203355,5,552,4.4,110.4,2,4,9,22,77,0.8
203357,7,571,2.5714285714285716,81.57142857142857,2,3,9,18,90,0.8571428571428571
203366,1,211,6.0,211.0,1,3,5,6,449,1.0
203372,4,428,4.5,107.0,1,3,5,18,111,1.0
203380,2,290,5.5,145.0,2,2,7,11,203,0.5
203385,1,102,5.0,102.0,1,2,3,5,446,1.0
203386,2,208,3.5,104.0,1,3,6,7,387,1.0
203391,4,210,2.75,52.5,1,4,6,11,81,1.0
203393,1,106,5.0,106.0,1,2,3,5,446,1.0
203400,1,136,5.0,136.0,1,3,4,5,446,1.0
203404,1,262,9.0,262.0,1,3,6,9,446,1.0
203406,4,667,5.5,166.75,2,4,8,22,58,0.5
203408,3,299,4.0,99.66666666666667,1,3,4,12,410,1.0
203415,7,923,4.428571428571429,131.85714285714286,2,4,12,31,71,0.8571428571428571
203428,1,145,5.0,145.0,1,2,4,5,446,1.0
203431,6,987,5.5,164.5,3,3,8,33,72,0.16666666666666666
203437,3,290,3.0,96.66666666666667,1,3,5,9,15,1.0
203442,1,186,7.0,186.0,1,2,5,7,446,1.0
203447,5,445,3.4,89.0,2,4,7,17,140,0.8
203448,2,247,5.0,123.5,2,3,5,10,364,0.5
203455,8,537,2.375,67.125,4,2,6,19,8,0.5
203467,2,332,5.5,166.0,1,4,6,11,336,1.0
203478,3,347,4.0,115.66666666666667,2,2,5,12,240,0.6666666666666666
203481,2,229,4.5,114.5,1,2,5,9,387,1.0
203491,1,29,2.0,29.0,1,2,2,2,445,1.0
203493,1,247,8.0,247.0,1,3,5,8,445,1.0
203494,1,181,6.0,181.0,1,3,6,6,445,1.0
203522,1,182,6.0,182.0,1,2,4,6,445,1.0
203527,2,402,7.0,201.0,1,3,6,14,346,1.0
203543,2,304,5.0,152.0,2,4,7,10,65,0.5
203551,6,758,4.5,126.33333333333333,1,4,12,27,50,1.0
203577,6,628,3.3333333333333335,104.66666666666667,1,2,7,20,7,1.0
203581,2,240,5.5,120.0,1,2,6,11,394,1.0
203587,1,140,5.0,140.0,1,2,5,5,444,1.0
203589,3,320,3.6666666666666665,106.66666666666667,1,2,7,11,35,1.0
203597,6,320,2.3333333333333335,53.333333333333336,1,4,5,14,79,1.0
203602,3,332,4.0,110.66666666666667,1,3,7,12,108,1.0
203609,3,321,3.3333333333333335,107.0,2,2,8,10,25,0.3333333333333333
203613,5,652,5.2,130.4,2,4,9,26,76,0.8
203615,5,559,4.2,111.8,1,4,8,21,177,1.0
203625,2,414,5.0,207.0,1,2,3,10,394,1.0
203653,2,254,4.0,127.0,1,2,5,8,424,1.0
203657,2,281,4.5,140.5,1,3,6,9,345,1.0
203658,4,294,4.0,73.5,3,3,8,16,38,0.5
203666,1,149,6.0,149.0,1,3,4,6,443,1.0
203676,2,265,5.5,132.5,2,2,3,11,442,0.5
203682,2,288,5.0,144.0,1,3,7,10,409,1.0
203685,1,158,5.0,158.0,1,3,4,5,443,1.0
203689,5,384,2.8,76.8,3,4,9,14,283,0.2
203693,1,202,6.0,202.0,1,1,3,6,443,1.0
203697,3,435,4.333333333333333,145.0,1,3,5,13,104,1.0
203698,1,92,5.0,92.0,1,2,3,5,443,1.0
203704,4,459,3.0,114.75,1,3,5,12,88,1.0
203708,4,363,3.0,90.75,1,4,6,12,45,1.0
203710,4,476,3.75,119.0,2,2,7,15,149,0.75
203721,3,374,4.0,124.66666666666667,1,2,5,12,264,1.0
203722,8,1460,5.125,182.5,2,4,9,41,1,0.75
203723,4,458,3.5,114.5,1,3,7,14,53,1.0
203724,3,327,3.0,109.0,1,3,6,9,392,1.0
203728,2,278,5.5,139.0,1,3,5,11,284,1.0
203732,3,296,3.3333333333333335,98.66666666666667,1,3,6,10,191,1.0
203735,3,231,2.3333333333333335,77.0,1,4,6,7,289,1.0
203736,1,139,5.0,139.0,1,2,4,5,443,1.0
203747,1,135,6.0,135.0,1,2,4,6,443,1.0
203751,2,239,4.0,119.5,2,3,4,8,78,0.5
203752,14,1295,4.0,92.5,2,4,10,56,35,0.9285714285714286
203760,1,0,1.0,0.0,1,1,1,1,441,1.0
203763,3,182,3.6666666666666665,60.666666666666664,1,4,6,11,420,1.0
203773,1,142,5.0,142.0,1,2,5,5,441,1.0
203780,3,294,3.6666666666666665,98.0,1,3,8,11,42,1.0
203793,3,315,3.3333333333333335,105.0,1,2,6,10,229,1.0
203798,5,778,5.0,155.6,1,3,9,25,315,1.0
203803,2,132,2.5,66.0,1,2,3,5,441,1.0
203814,6,728,4.833333333333333,121.33333333333333,3,4,10,29,72,0.6666666666666666
203823,6,234,1.6666666666666667,39.0,2,4,7,10,132,0.8333333333333334
203828,1,120,5.0,120.0,1,3,4,5,441,1.0
203833,1,225,6.0,225.0,1,2,3,6,441,1.0
203835,4,371,3.0,92.75,1,4,7,12,100,1.0
203854,2,246,4.5,123.0,2,3,8,9,234,0.5
203879,1,355,11.0,355.0,1,4,6,11,442,1.0
203880,1,151,5.0,151.0,1,2,3,5,441,1.0
203890,1,86,3.0,86.0,1,3,3,3,3,0.0
203893,2,374,6.0,187.0,1,3,7,12,273,1.0
203899,2,203,3.0,101.5,1,3,3,6,214,1.0
203900,5,851,7.0,170.2,3,4,10,35,185,0.4
203901,1,136,5.0,136.0,1,2,2,5,442,1.0
203905,1,130,5.0,130.0,1,2,4,5,441,1.0
203915,2,304,7.0,152.0,1,2,7,14,404,1.0
203942,2,323,5.5,161.5,1,2,7,11,97,1.0
203948,2,218,4.5,109.0,1,3,5,9,83,1.0
203954,2,272,3.0,136.0,1,1,2,6,406,1.0
203966,1,458,12.0,458.0,1,3,6,12,442,1.0
203975,4,301,3.25,75.25,1,4,8,13,9,1.0
203991,6,590,4.333333333333333,98.33333333333333,2,3,6,26,57,0.6666666666666666
203996,3,348,3.6666666666666665,116.0,1,2,4,11,112,1.0
203998,2,214,4.0,107.0,1,3,5,8,410,1.0
204007,4,377,4.25,94.25,1,2,3,17,29,1.0
204008,2,189,4.5,94.5,1,3,5,9,442,1.0
204019,1,127,3.0,127.0,1,1,1,3,441,1.0
204020,1,133,5.0,133.0,1,2,4,5,441,1.0
204022,2,434,5.5,217.0,1,4,8,11,149,1.0
204024,2,281,5.0,140.5,1,4,9,10,55,1.0
204034,5,579,5.0,115.8,2,2,8,25,74,0.8
204038,1,147,6.0,147.0,1,2,4,6,439,1.0
204047,3,301,3.6666666666666665,100.33333333333333,1,3,8,11,64,1.0
204059,1,147,5.0,147.0,1,3,3,5,439,1.0
204081,1,45,1.0,45.0,1,1,1,1,439,1.0
204091,2,215,3.5,107.5,1,2,5,7,258,1.0
204092,2,154,3.0,77.0,2,2,4,6,102,0.5
204093,1,106,4.0,106.0,1,2,3,4,440,1.0
204096,3,193,2.0,64.33333333333333,2,1,4,6,76,0.6666666666666666
204100,8,687,2.875,85.875,1,3,12,23,3,1.0
204119,5,570,3.4,114.0,2,3,4,17,108,0.8
204130,2,147,4.0,73.5,1,3,4,8,438,1.0
204136,3,403,4.333333333333333,134.33333333333334,1,3,8,13,147,1.0
204137,2,301,5.0,150.5,2,2,6,10,395,0.5
204140,4,592,5.75,148.0,1,4,7,23,228,1.0
204141,2,184,3.5,92.0,1,2,3,7,241,1.0
204143,1,139,5.0,139.0,1,2,4,5,438,1.0
204151,1,132,5.0,132.0,1,2,3,5,438,1.0
204164,2,355,6.0,177.5,2,4,7,12,276,0.5
204166,3,93,2.0,31.0,2,2,4,6,163,0.3333333333333333
204173,1,128,4.0,128.0,1,1,2,4,438,1.0
204174,6,938,6.0,156.33333333333334,2,4,11,36,57,0.16666666666666666
204179,1,138,5.0,138.0,1,3,4,5,438,1.0
204185,2,393,5.5,196.5,2,3,6,11,302,0.5
204190,1,175,7.0,175.0,1,3,4,7,438,1.0
204196,1,129,5.0,129.0,1,3,4,5,438,1.0
204215,4,559,4.5,139.75,1,3,8,18,93,1.0
204216,1,156,7.0,156.0,1,3,4,7,437,1.0
204217,1,135,5.0,135.0,1,3,4,5,437,1.0
204218,3,268,4.666666666666667,89.33333333333333,1,2,4,14,65,1.0
204219,8,916,4.875,114.5,3,4,9,39,58,0.625
204227,4,422,4.25,105.5,2,3,6,17,56,0.75
204229,1,223,8.0,223.0,1,2,4,8,437,1.0
204240,11,1046,3.272727272727273,95.0909090909091,2,3,10,36,8,0.9090909090909091
204260,7,503,2.7142857142857144,71.85714285714286,1,3,8,19,86,1.0
204262,2,173,3.5,86.5,1,3,3,7,207,1.0
204264,1,73,2.0,73.0,1,1,2,2,437,1.0
204269,2,627,8.5,313.5,1,4,8,17,437,1.0
204293,3,218,3.0,72.66666666666667,1,2,5,9,32,1.0
204303,2,438,8.5,219.0,1,3,7,17,431,1.0
204306,4,348,3.0,87.0,2,4,7,12,167,0.75
204312,2,143,2.5,71.5,1,2,3,5,41,1.0
204313,3,298,4.333333333333333,99.33333333333333,1,3,6,13,164,1.0
204315,1,42,2.0,42.0,1,2,2,2,437,1.0
204316,2,184,3.0,92.0,1,2,4,6,220,1.0
204322,3,99,2.0,33.0,1,2,2,6,422,1.0
204324,4,711,6.25,177.75,1,4,10,25,70,1.0
204326,3,222,3.6666666666666665,74.0,2,2,3,11,65,0.3333333333333333
204328,2,384,5.5,192.0,2,4,6,11,371,0.5
204332,1,224,6.0,224.0,1,3,5,6,436,1.0
204334,1,191,7.0,191.0,1,2,3,7,436,1.0
204345,5,355,3.6,71.0,2,3,5,18,24,0.8
204348,1,149,5.0,149.0,1,2,4,5,436,1.0
204350,2,308,5.5,154.0,1,3,5,11,366,1.0
204352,1,118,5.0,118.0,1,2,4,5,436,1.0
204360,3,287,4.0,95.66666666666667,1,3,5,12,402,1.0
204363,4,537,4.75,134.25,2,3,7,19,91,0.25
204365,1,196,7.0,196.0,1,2,5,7,436,1.0
204367,4,377,3.5,94.25,4,3,8,14,150,0.25
204372,4,449,4.75,112.25,1,4,7,19,46,1.0
204385,2,197,3.5,98.5,1,3,5,7,224,1.0
204386,4,207,2.75,51.75,2,3,7,11,69,0.75
204395,7,724,3.7142857142857144,103.42857142857143,3,3,5,26,80,0.2857142857142857
204407,3,370,3.3333333333333335,123.33333333333333,2,2,4,10,21,0.3333333333333333
204414,4,360,3.0,90.0,2,3,5,12,23,0.75
204420,1,256,9.0,256.0,1,2,5,9,434,1.0
204432,1,136,5.0,136.0,1,2,4,5,434,1.0
204438,6,619,4.5,103.16666666666667,3,3,7,27,18,0.6666666666666666
204441,3,455,4.333333333333333,151.66666666666666,1,3,8,13,146,1.0
204447,4,763,6.5,190.75,2,3,6,26,24,0.75
204451,2,124,3.0,62.0,2,3,3,6,423,0.5
204465,2,405,5.0,202.5,1,3,5,10,157,1.0
204473,2,135,3.0,67.5,2,2,3,6,427,0.5
204476,1,151,4.0,151.0,1,1,1,4,434,1.0
204478,1,177,6.0,177.0,1,2,5,6,435,1.0
204484,5,549,4.2,109.8,2,4,10,21,34,0.4
204490,4,348,3.5,87.0,2,4,8,14,65,0.25
204496,1,287,9.0,287.0,1,3,4,9,435,1.0
204504,2,221,3.5,110.5,1,2,4,7,290,1.0
204516,1,127,5.0,127.0,1,2,2,5,435,1.0
204531,2,420,6.0,210.0,1,3,8,12,0,1.0
204545,1,139,5.0,139.0,1,3,5,5,434,1.0
204555,4,265,2.75,66.25,2,4,7,11,51,0.75
204556,3,323,6.0,107.66666666666667,1,3,7,18,232,1.0
204557,1,84,3.0,84.0,1,2,3,3,435,1.0
204567,1,207,6.0,207.0,1,2,6,6,435,1.0
204571,1,140,4.0,140.0,1,1,2,4,434,1.0
204572,6,581,3.5,96.83333333333333,2,3,6,21,90,0.5
204575,1,160,6.0,160.0,1,3,4,6,434,1.0
204578,1,362,14.0,362.0,1,4,7,14,434,1.0
204589,1,152,11.0,152.0,1,2,3,11,434,1.0
204590,3,403,6.333333333333333,134.33333333333334,2,4,11,19,69,0.6666666666666666
204613,1,203,5.0,203.0,1,2,5,5,434,1.0
204615,3,504,5.0,168.0,2,3,5,15,29,0.6666666666666666
204627,1,114,5.0,114.0,1,3,4,5,434,1.0
204648,1,146,4.0,146.0,1,1,1,4,434,1.0
204651,7,975,5.285714285714286,139.28571428571428,2,3,10,37,219,0.14285714285714285
204664,2,291,4.5,145.5,1,4,6,9,62,1.0
204667,1,169,6.0,169.0,1,2,3,6,435,1.0
204672,3,297,4.333333333333333,99.0,1,3,7,13,301,1.0
204675,2,369,6.0,184.5,1,3,5,12,234,1.0
204681,2,311,5.5,155.5,2,2,6,11,161,0.5
204694,5,413,3.6,82.6,2,4,12,18,64,0.4
204699,3,534,7.333333333333333,178.0,2,3,9,22,77,0.3333333333333333
204704,3,344,3.6666666666666665,114.66666666666667,1,3,8,11,344,1.0
204705,6,769,4.666666666666667,128.16666666666666,2,4,11,28,20,0.8333333333333334
204712,2,175,3.5,87.5,2,3,5,7,203,0.5
204724,3,360,3.3333333333333335,120.0,1,4,8,10,136,1.0
204725,1,128,5.0,128.0,1,2,2,5,432,1.0
204746,2,380,6.5,190.0,1,3,5,13,401,1.0
204755,3,109,1.3333333333333333,36.333333333333336,2,3,3,4,169,0.6666666666666666
204763,6,753,3.8333333333333335,125.5,2,3,6,23,43,0.8333333333333334
204766,6,712,5.333333333333333,118.66666666666667,3,4,9,32,28,0.16666666666666666
204779,2,168,3.5,84.0,1,2,4,7,368,1.0
204782,1,176,7.0,176.0,1,2,4,7,431,1.0
204793,2,285,4.5,142.5,1,3,5,9,9,1.0
204800,1,178,6.0,178.0,1,3,4,6,431,1.0
204807,5,281,3.2,56.2,2,2,5,16,58,0.8
204812,2,1049,16.0,524.5,1,3,7,32,97,1.0
204814,1,181,7.0,181.0,1,3,5,7,430,1.0
204853,1,140,5.0,140.0,1,2,2,5,429,1.0
204869,2,233,4.5,116.5,1,2,3,9,334,1.0
204875,1,206,7.0,206.0,1,3,4,7,429,1.0
204877,10,801,2.8,80.1,2,4,9,28,38,0.1
204884,1,93,6.0,93.0,1,2,4,6,427,1.0
204893,2,434,7.0,217.0,1,3,7,14,48,1.0
204896,2,235,4.5,117.5,1,3,5,9,421,1.0
204911,3,283,3.6666666666666665,94.33333333333333,1,2,7,11,114,1.0
204919,1,176,7.0,176.0,1,2,4,7,427,1.0
204924,1,125,5.0,125.0,1,3,5,5,427,1.0
204928,4,624,4.5,156.0,1,4,10,18,283,1.0
204931,3,395,4.666666666666667,131.66666666666666,1,4,7,14,98,1.0
204936,2,74,1.5,37.0,1,3,3,3,397,1.0
204945,3,670,8.0,223.33333333333334,1,4,11,24,97,1.0
204949,3,240,3.3333333333333335,80.0,1,2,4,10,59,1.0
204958,4,381,4.25,95.25,3,4,7,17,136,0.25
204967,1,141,5.0,141.0,1,3,3,5,427,1.0
204972,3,204,3.3333333333333335,68.0,2,3,6,10,316,0.3333333333333333
204982,4,726,7.25,181.5,1,3,7,29,85,1.0
204993,4,559,3.75,139.75,1,4,8,15,88,1.0
204998,6,716,5.5,119.33333333333333,3,3,6,33,64,0.16666666666666666
205013,1,300,9.0,300.0,1,2,4,9,424,1.0
205019,2,136,2.0,68.0,1,2,4,4,193,1.0
205024,2,191,4.0,95.5,1,3,4,8,423,1.0
205026,1,239,7.0,239.0,1,3,5,7,424,1.0
205033,1,107,5.0,107.0,1,2,4,5,423,1.0
205035,2,168,5.5,84.0,2,2,5,11,217,0.5
205037,6,258,2.5,43.0,1,4,6,15,169,1.0
205040,1,169,7.0,169.0,1,2,3,7,423,1.0
205045,5,910,6.2,182.0,1,4,12,31,39,1.0
205048,3,370,4.0,123.33333333333333,1,3,6,12,36,1.0
205060,4,238,3.0,59.5,1,3,5,12,401,1.0
205075,2,301,5.0,150.5,1,1,3,10,28,1.0
205076,4,355,4.25,88.75,1,3,7,17,220,1.0
205079,1,186,7.0,186.0,1,2,5,7,420,1.0
205080,6,420,2.8333333333333335,70.0,3,4,8,17,62,0.16666666666666666
205082,4,661,6.25,165.25,2,3,6,25,153,0.5
205086,8,902,4.625,112.75,2,3,9,37,0,0.375
205097,4,325,4.25,81.25,3,4,9,17,58,0.5
205109,1,131,5.0,131.0,1,2,4,5,420,1.0
205110,2,359,6.5,179.5,1,3,6,13,368,1.0
205111,1,177,7.0,177.0,1,1,2,7,421,1.0
205117,1,198,8.0,198.0,1,2,5,8,418,1.0
205120,6,789,4.833333333333333,131.5,4,3,7,29,41,0.5
205124,2,200,2.5,100.0,1,2,2,5,329,1.0
205130,5,320,2.8,64.0,3,2,6,14,55,0.4
205133,1,174,7.0,174.0,1,3,5,7,417,1.0
205134,2,270,5.0,135.0,1,3,5,10,162,1.0
205136,10,2160,7.7,216.0,2,4,13,77,63,0.9
205156,2,102,2.0,51.0,1,3,4,4,402,1.0
205161,4,295,3.0,73.75,2,2,4,12,153,0.75
205165,1,184,6.0,184.0,1,2,4,6,416,1.0
205171,2,128,2.5,64.0,1,2,3,5,229,1.0
205180,8,629,3.0,78.625,3,3,9,24,45,0.25
205181,3,425,5.333333333333333,141.66666666666666,1,4,9,16,63,1.0
205194,1,122,4.0,122.0,1,2,4,4,413,1.0
205197,3,341,4.333333333333333,113.66666666666667,1,3,7,13,64,1.0
205200,3,335,4.0,111.66666666666667,1,3,7,12,252,1.0
205206,10,916,3.2,91.6,1,3,10,32,17,1.0
205217,1,115,6.0,115.0,1,3,5,6,411,1.0
205226,1,126,5.0,126.0,1,2,3,5,411,1.0
205233,1,243,8.0,243.0,1,2,5,8,410,1.0
205249,1,213,8.0,213.0,1,3,5,8,409,1.0
205277,4,483,4.75,120.75,2,2,5,19,29,0.25
205281,1,201,8.0,201.0,1,2,5,8,409,1.0
205285,1,123,5.0,123.0,1,2,4,5,409,1.0
205287,1,235,7.0,235.0,1,2,5,7,409,1.0
205288,2,401,8.0,200.5,1,4,9,16,234,1.0
205290,1,127,5.0,127.0,1,2,3,5,409,1.0
205292,5,395,3.6,79.0,1,3,8,18,59,1.0
205293,4,359,3.75,89.75,1,3,5,15,94,1.0
205302,2,517,9.0,258.5,2,2,6,18,125,0.5
205313,2,309,6.0,154.5,2,3,6,12,146,0.5
205317,4,527,5.25,131.75,3,4,7,21,42,0.25
205320,2,396,6.5,198.0,2,3,5,13,160,0.5
205325,1,112,5.0,112.0,1,2,5,5,408,1.0
205327,2,139,3.5,69.5,1,3,5,7,148,1.0
205342,2,394,6.0,197.0,1,3,5,12,125,1.0
205345,4,294,3.0,73.5,1,4,5,12,41,1.0
205351,1,221,8.0,221.0,1,2,2,8,406,1.0
205357,1,122,5.0,122.0,1,2,4,5,407,1.0
205365,1,179,6.0,179.0,1,2,4,6,406,1.0
205367,7,1287,7.571428571428571,183.85714285714286,2,3,12,53,0,0.8571428571428571
205369,4,417,3.75,104.25,2,2,6,15,63,0.75
205372,1,52,3.0,52.0,1,2,2,3,407,1.0
205377,6,515,3.6666666666666665,85.83333333333333,3,3,8,22,132,0.16666666666666666
205380,3,341,4.666666666666667,113.66666666666667,3,2,7,14,63,0.3333333333333333
205390,4,308,2.5,77.0,2,2,6,10,174,0.75
205403,1,217,9.0,217.0,1,4,6,9,406,1.0
205409,1,158,5.0,158.0,1,2,4,5,406,1.0
205410,6,1051,6.5,175.16666666666666,3,4,12,39,62,0.5
205419,1,162,7.0,162.0,1,3,4,7,407,1.0
205420,1,68,4.0,68.0,1,2,3,4,407,1.0
205421,2,166,2.5,83.0,2,2,3,5,262,0.5
205423,2,185,4.0,92.5,1,3,4,8,334,1.0
205431,2,242,4.5,121.0,2,2,4,9,231,0.5
205432,3,252,2.6666666666666665,84.0,2,2,5,8,41,0.6666666666666666
205434,6,553,3.8333333333333335,92.16666666666667,1,3,7,23,20,1.0
205437,2,158,3.5,79.0,2,2,4,7,364,0.5
205452,2,345,7.0,172.5,1,2,5,14,399,1.0
205453,1,145,6.0,145.0,1,2,3,6,407,1.0
205455,1,210,7.0,210.0,1,1,3,7,403,1.0
205466,8,576,3.625,72.0,1,4,11,29,69,1.0
205478,1,119,5.0,119.0,1,2,3,5,406,1.0
205484,2,220,5.0,110.0,1,4,7,10,50,1.0
205488,1,164,4.0,164.0,1,1,3,4,406,1.0
205489,1,231,7.0,231.0,1,2,7,7,407,1.0
205493,1,224,8.0,224.0,1,3,6,8,406,1.0
205496,10,521,2.7,52.1,1,4,7,27,97,1.0
205497,2,396,6.5,198.0,1,2,6,13,310,1.0
205513,2,328,6.5,164.0,1,3,5,13,234,1.0
205515,6,843,4.833333333333333,140.5,4,4,10,29,39,0.3333333333333333
205516,1,416,15.0,416.0,1,4,7,15,403,1.0
205517,1,156,5.0,156.0,1,2,5,5,403,1.0
205518,1,165,7.0,165.0,1,3,5,7,403,1.0
205521,4,223,2.75,55.75,1,3,6,11,39,1.0
205525,1,122,4.0,122.0,1,1,4,4,403,1.0
205527,3,513,5.333333333333333,171.0,2,3,7,16,59,0.6666666666666666
205535,1,134,5.0,134.0,1,1,3,5,403,1.0
205539,1,138,4.0,138.0,1,2,3,4,403,1.0
205540,6,641,4.333333333333333,106.83333333333333,1,3,7,26,58,1.0
205546,4,352,3.25,88.0,1,4,7,13,79,1.0
205547,1,232,8.0,232.0,1,2,5,8,403,1.0
205549,5,599,4.0,119.8,1,2,7,20,234,1.0
205550,1,120,5.0,120.0,1,3,4,5,403,1.0
205551,2,149,3.5,74.5,2,4,5,7,205,0.5
205552,1,169,6.0,169.0,1,2,5,6,403,1.0
205553,5,648,4.8,129.6,3,3,8,24,34,0.2
205571,1,200,7.0,200.0,1,2,5,7,402,1.0
205575,5,420,2.8,84.0,3,3,7,14,46,0.2
205581,1,265,9.0,265.0,1,2,4,9,402,1.0
205583,2,143,3.0,71.5,1,3,4,6,78,1.0
205596,1,277,9.0,277.0,1,2,5,9,402,1.0
205610,1,147,7.0,147.0,1,3,5,7,401,1.0
205616,1,105,5.0,105.0,1,2,3,5,401,1.0
205624,4,538,4.75,134.5,2,4,9,19,39,0.75
205631,4,254,2.75,63.5,1,3,4,11,37,1.0
205638,1,140,6.0,140.0,1,3,4,6,401,1.0
205651,3,283,6.666666666666667,94.33333333333333,3,3,6,20,63,0.3333333333333333
205658,1,95,5.0,95.0,1,3,4,5,401,1.0
205668,1,94,5.0,94.0,1,3,4,5,399,1.0
205686,2,265,4.0,132.5,1,2,4,8,392,1.0
205693,5,436,4.0,87.2,1,4,9,20,118,1.0
205697,6,838,4.5,139.66666666666666,1,3,7,27,87,1.0
205699,3,365,4.0,121.66666666666667,2,3,7,12,171,0.6666666666666666
205712,6,583,4.5,97.16666666666667,5,3,8,27,32,0.16666666666666666
205717,2,185,4.0,92.5,1,3,5,8,397,1.0
205722,1,207,10.0,207.0,1,3,5,10,401,1.0
205730,4,626,5.25,156.5,1,4,9,21,50,1.0
205731,1,120,5.0,120.0,1,2,5,5,400,1.0
205749,1,228,8.0,228.0,1,2,5,8,399,1.0
205752,3,301,3.6666666666666665,100.33333333333333,1,3,7,11,130,1.0
205753,1,116,5.0,116.0,1,3,4,5,400,1.0
205754,1,179,6.0,179.0,1,1,5,6,400,1.0
205757,1,81,5.0,81.0,1,2,3,5,400,1.0
205762,2,239,5.0,119.5,1,4,6,10,21,1.0
205770,2,219,4.0,109.5,2,3,5,8,355,0.5
205775,5,466,5.6,93.2,2,3,6,28,140,0.6
205777,1,163,6.0,163.0,1,1,3,6,400,1.0
205778,1,195,6.0,195.0,1,2,3,6,400,1.0
205779,5,339,2.4,67.8,2,2,7,12,92,0.6
205790,1,89,6.0,89.0,1,3,4,6,400,1.0
205799,3,380,4.666666666666667,126.66666666666667,1,3,7,14,76,1.0
205801,1,220,9.0,220.0,1,4,5,9,400,1.0
205822,1,256,9.0,256.0,1,3,4,9,399,1.0
205823,1,195,6.0,195.0,1,3,4,6,399,1.0
205824,2,160,4.0,80.0,1,3,5,8,221,1.0
205830,1,91,5.0,91.0,1,2,3,5,397,1.0
205835,2,149,3.0,74.5,1,1,5,6,390,1.0
205841,1,196,6.0,196.0,1,1,3,6,397,1.0
205857,1,570,19.0,570.0,1,2,5,19,397,1.0
205861,1,140,5.0,140.0,1,2,4,5,397,1.0
205872,5,516,4.4,103.2,2,3,7,22,44,0.6
205881,5,489,3.4,97.8,1,3,6,17,66,1.0
205893,4,278,2.5,69.5,2,2,5,10,97,0.5
205900,3,423,5.0,141.0,1,4,11,15,49,1.0
205910,10,1346,4.9,134.6,1,4,12,49,98,1.0
205912,5,307,2.0,61.4,1,3,7,10,171,1.0
205919,23,2315,3.5217391304347827,100.65217391304348,8,4,13,81,1,0.043478260869565216
205921,1,122,5.0,122.0,1,3,5,5,396,1.0
205926,3,324,3.3333333333333335,108.0,1,2,5,10,109,1.0
205932,1,119,5.0,119.0,1,2,4,5,396,1.0
205947,1,100,5.0,100.0,1,2,2,5,395,1.0
205951,4,187,3.0,46.75,4,3,5,12,162,0.25
205953,7,960,5.142857142857143,137.14285714285714,2,4,13,36,31,0.8571428571428571
205962,1,147,5.0,147.0,1,2,3,5,395,1.0
205967,2,133,3.5,66.5,1,2,5,7,196,1.0
205974,3,214,3.0,71.33333333333333,2,4,6,9,160,0.6666666666666666
205977,6,374,2.5,62.333333333333336,4,4,9,15,60,0.5
205982,2,221,3.5,110.5,2,1,6,7,55,0.5
205999,1,170,5.0,170.0,1,2,4,5,395,1.0
206007,1,106,6.0,106.0,1,3,5,6,395,1.0
206010,2,321,6.0,160.5,1,2,3,12,394,1.0
206014,7,1059,5.142857142857143,151.28571428571428,1,4,12,36,1,1.0
206016,1,195,8.0,195.0,1,2,5,8,394,1.0
206028,4,329,3.25,82.25,3,3,6,13,44,0.5
206029,23,1435,2.782608695652174,62.391304347826086,3,4,13,64,65,0.21739130434782608
206036,1,162,7.0,162.0,1,3,5,7,394,1.0
206046,7,654,4.714285714285714,93.42857142857143,1,4,8,33,65,1.0
206054,1,118,6.0,118.0,1,2,6,6,394,1.0
206056,1,60,5.0,60.0,1,3,4,5,394,1.0
206063,7,875,3.7142857142857144,125.0,1,3,10,26,61,1.0
206072,8,876,3.875,109.5,2,3,8,31,0,0.375
206075,2,187,3.5,93.5,1,4,5,7,87,1.0
206077,2,200,2.5,100.0,2,1,3,5,31,0.5
206085,2,204,3.5,102.0,2,2,3,7,139,0.5
206090,1,227,8.0,227.0,1,1,2,8,392,1.0
206095,1,173,6.0,173.0,1,2,5,6,393,1.0
206106,2,315,5.0,157.5,1,2,6,10,69,1.0
206110,4,463,4.75,115.75,2,3,8,19,34,0.25
206112,2,224,4.0,112.0,1,3,6,8,217,1.0
206116,1,65,3.0,65.0,1,2,2,3,393,1.0
206120,1,77,3.0,77.0,1,2,2,3,392,1.0
206121,1,139,4.0,139.0,1,1,4,4,392,1.0
206122,1,126,6.0,126.0,1,2,3,6,393,1.0
206129,7,485,3.0,69.28571428571429,4,3,9,21,7,0.14285714285714285
206132,1,219,8.0,219.0,1,3,7,8,392,1.0
206134,7,1111,5.142857142857143,158.71428571428572,2,4,9,36,35,0.14285714285714285
206140,1,138,5.0,138.0,1,2,3,5,392,1.0
206141,2,206,3.0,103.0,2,1,3,6,259,0.5
206143,3,254,4.0,84.66666666666667,1,3,5,12,50,1.0
206148,2,288,5.0,144.0,1,3,7,10,87,1.0
206149,1,211,8.0,211.0,1,3,6,8,393,1.0
206150,1,152,6.0,152.0,1,2,3,6,392,1.0
206152,2,226,5.0,113.0,2,2,6,10,303,0.5
206153,4,186,2.75,46.5,2,2,3,11,221,0.75
206159,4,341,3.0,85.25,1,3,6,12,229,1.0
206163,4,356,3.75,89.0,2,3,7,15,140,0.5
206164,1,142,5.0,142.0,1,3,5,5,393,1.0
206173,2,254,5.5,127.0,2,3,6,11,215,0.5
206174,3,394,4.333333333333333,131.33333333333334,1,3,8,13,28,1.0
206178,1,126,4.0,126.0,1,1,3,4,392,1.0
206181,2,279,4.5,139.5,1,4,8,9,252,1.0
206187,2,189,3.5,94.5,2,2,5,7,203,0.5
206199,1,199,6.0,199.0,1,2,5,6,392,1.0
206200,1,153,6.0,153.0,1,2,3,6,393,1.0
206225,5,270,2.6,54.0,1,4,7,13,36,1.0
206231,2,159,3.5,79.5,2,1,2,7,388,0.5
206234,4,530,4.5,132.5,4,2,7,18,63,0.25
206238,1,137,5.0,137.0,1,2,3,5,390,1.0
206239,1,231,9.0,231.0,1,3,5,9,390,1.0
206244,4,599,7.0,149.75,1,2,8,28,156,1.0
206248,3,223,2.3333333333333335,74.33333333333333,2,1,4,7,78,0.6666666666666666
206262,4,310,3.0,77.5,3,2,4,12,105,0.25
206264,5,406,3.8,81.2,1,3,5,19,203,1.0
206273,8,666,2.75,83.25,1,3,8,22,31,1.0
206279,6,620,4.0,103.33333333333333,1,4,8,24,21,1.0
206282,5,435,2.8,87.0,1,3,6,14,53,1.0
206291,1,329,11.0,329.0,1,3,7,11,389,1.0
206293,4,300,4.25,75.0,1,3,7,17,39,1.0
206295,5,385,3.2,77.0,1,3,9,16,65,1.0
206298,3,246,3.0,82.0,1,2,4,9,224,1.0
206311,2,267,5.0,133.5,1,2,6,10,389,1.0
206320,3,210,2.6666666666666665,70.0,2,3,5,8,85,0.3333333333333333
206327,1,270,9.0,270.0,1,3,4,9,388,1.0
206335,1,170,6.0,170.0,1,3,6,6,388,1.0
206339,4,264,2.5,66.0,1,2,5,10,284,1.0
206341,2,295,6.0,147.5,2,3,7,12,61,0.5
206342,2,275,5.5,137.5,1,3,5,11,136,1.0
206353,1,144,7.0,144.0,1,2,4,7,388,1.0
206358,1,142,5.0,142.0,1,2,3,5,388,1.0
206361,1,45,2.0,45.0,1,1,1,2,388,1.0
206372,2,463,8.5,231.5,1,4,9,17,27,1.0
206374,1,178,6.0,178.0,1,3,4,6,388,1.0
206376,1,203,6.0,203.0,1,3,5,6,388,1.0
206388,2,301,5.5,150.5,2,2,5,11,385,0.5
206389,1,174,7.0,174.0,1,2,5,7,387,1.0
206397,3,296,3.6666666666666665,98.66666666666667,1,2,6,11,160,1.0
206399,1,128,4.0,128.0,1,1,2,4,387,1.0
206406,1,263,9.0,263.0,1,2,5,9,387,1.0
206420,2,227,4.0,113.5,1,3,6,8,345,1.0
206426,3,1051,11.333333333333334,350.3333333333333,1,3,10,34,63,1.0
206431,1,139,5.0,139.0,1,3,4,5,387,1.0
206432,3,326,4.333333333333333,108.66666666666667,2,3,6,13,203,0.6666666666666666
206433,1,143,5.0,143.0,1,2,5,5,387,1.0
206436,3,352,4.333333333333333,117.33333333333333,1,2,6,13,205,1.0
206437,3,251,3.6666666666666665,83.66666666666667,1,3,6,11,85,1.0
206439,2,294,5.0,147.0,1,2,5,10,306,1.0
206455,8,2090,8.75,261.25,1,4,11,70,20,1.0
206457,2,256,4.0,128.0,2,2,4,8,183,0.5
206466,1,158,6.0,158.0,1,2,3,6,385,1.0
206471,1,183,6.0,183.0,1,1,2,6,385,1.0
206482,2,373,6.0,186.5,1,3,7,12,67,1.0
206489,2,374,7.0,187.0,1,4,8,14,224,1.0
206490,1,191,7.0,191.0,1,2,6,7,385,1.0
206512,2,235,4.5,117.5,2,3,8,9,217,0.5
206515,2,212,5.5,106.0,1,2,6,11,168,1.0
206518,1,175,6.0,175.0,1,3,3,6,386,1.0
206519,1,190,8.0,190.0,1,2,5,8,386,1.0
206521,4,459,4.0,114.75,1,2,3,16,239,1.0
206524,1,181,7.0,181.0,1,2,4,7,386,1.0
206534,4,380,3.75,95.0,3,3,5,15,43,0.25
206536,3,312,4.0,104.0,1,3,7,12,27,1.0
206539,2,192,3.5,96.0,1,2,4,7,233,1.0
206553,5,593,4.2,118.6,3,4,9,21,53,0.6
206565,4,483,5.25,120.75,1,4,9,21,57,1.0
206569,1,135,5.0,135.0,1,2,4,5,386,1.0
206571,6,908,5.0,151.33333333333334,1,4,10,30,3,1.0
206572,1,119,4.0,119.0,1,1,3,4,386,1.0
206573,4,354,4.0,88.5,1,4,7,16,234,1.0
206579,1,92,5.0,92.0,1,3,5,5,385,1.0
206583,5,232,3.0,46.4,1,2,5,15,51,1.0
206585,2,257,4.0,128.5,1,3,5,8,120,1.0
206596,1,260,10.0,260.0,1,2,3,10,383,1.0
206612,1,101,5.0,101.0,1,1,1,5,382,1.0
206621,9,682,2.7777777777777777,75.77777777777777,7,3,7,25,48,0.1111111111111111
206632,1,166,7.0,166.0,1,3,5,7,383,1.0
206634,2,203,3.5,101.5,1,3,5,7,72,1.0
206653,1,144,4.0,144.0,1,3,4,4,383,1.0
206661,5,358,3.4,71.6,3,4,8,17,58,0.4
206667,8,680,3.5,85.0,4,3,7,28,38,0.125
206669,1,239,10.0,239.0,1,3,5,10,381,1.0
206675,1,127,5.0,127.0,1,2,4,5,381,1.0
206676,1,129,5.0,129.0,1,2,3,5,381,1.0
206679,7,615,4.0,87.85714285714286,1,4,9,28,13,1.0
206683,7,605,3.5714285714285716,86.42857142857143,1,3,8,25,11,1.0
206685,5,595,4.0,119.0,2,3,6,20,111,0.2
206692,1,138,5.0,138.0,1,2,5,5,381,1.0
206695,3,188,3.0,62.666666666666664,1,2,5,9,64,1.0
206702,3,346,4.0,115.33333333333333,1,4,7,12,25,1.0
206724,2,212,4.0,106.0,1,2,4,8,280,1.0
206739,2,267,6.0,133.5,1,2,8,12,374,1.0
206742,1,126,5.0,126.0,1,2,4,5,380,1.0
206744,9,509,3.0,56.55555555555556,2,4,10,27,23,0.7777777777777778
206752,1,95,5.0,95.0,1,3,5,5,380,1.0
206757,5,308,2.8,61.6,2,3,5,14,119,0.2
206758,2,118,3.0,59.0,1,2,3,6,162,1.0
206768,1,129,5.0,129.0,1,2,3,5,380,1.0
206780,1,123,4.0,123.0,1,1,3,4,380,1.0
206799,3,193,3.0,64.33333333333333,2,3,6,9,136,0.6666666666666666
206805,6,477,2.3333333333333335,79.5,3,3,6,14,25,0.16666666666666666
206811,2,531,9.0,265.5,1,2,5,18,28,1.0
206813,1,183,7.0,183.0,1,2,4,7,378,1.0
206826,1,123,5.0,123.0,1,2,3,5,378,1.0
206833,5,625,3.8,125.0,1,4,8,19,59,1.0
206847,5,511,4.6,102.2,4,3,8,23,14,0.2
206848,7,464,2.142857142857143,66.28571428571429,2,2,6,15,6,0.8571428571428571
206851,6,584,3.3333333333333335,97.33333333333333,3,4,7,20,34,0.3333333333333333
206862,4,464,3.75,116.0,1,3,9,15,84,1.0
206863,3,320,4.666666666666667,106.66666666666667,1,3,5,14,198,1.0
206868,1,114,4.0,114.0,1,1,3,4,379,1.0
206879,1,150,4.0,150.0,1,2,3,4,379,1.0
206884,4,586,5.0,146.5,1,4,8,20,119,1.0
206890,1,127,4.0,127.0,1,1,2,4,378,1.0
206893,3,159,2.0,53.0,1,3,4,6,83,1.0
206894,1,127,5.0,127.0,1,2,4,5,379,1.0
206896,1,192,7.0,192.0,1,2,4,7,379,1.0
206898,10,424,2.0,42.4,3,2,4,20,126,0.8
206907,1,160,6.0,160.0,1,2,5,6,379,1.0
206924,2,238,4.0,119.0,2,2,7,8,39,0.5
206946,1,248,8.0,248.0,1,3,5,8,379,1.0
206948,2,288,7.5,144.0,1,3,7,15,206,1.0
206951,2,350,5.0,175.0,1,3,7,10,15,1.0
206953,4,543,5.0,135.75,2,3,8,20,22,0.75
206957,2,172,3.0,86.0,1,2,5,6,56,1.0
206960,2,216,3.0,108.0,1,2,4,6,266,1.0
206961,2,215,3.5,107.5,1,3,6,7,259,1.0
206967,1,192,7.0,192.0,1,2,5,7,379,1.0
206983,1,104,5.0,104.0,1,2,3,5,376,1.0
207006,1,164,5.0,164.0,1,1,4,5,376,1.0
207011,2,216,4.0,108.0,1,2,5,8,330,1.0
207019,3,578,5.666666666666667,192.66666666666666,1,4,9,17,36,1.0
207020,4,374,3.0,93.5,1,3,5,12,38,1.0
207026,3,427,4.666666666666667,142.33333333333334,1,4,10,14,29,1.0
207034,4,207,2.75,51.75,1,2,4,11,169,1.0
207041,1,238,8.0,238.0,1,3,5,8,376,1.0
207046,4,736,6.0,184.0,3,3,10,24,14,0.25
207060,2,297,6.5,148.5,1,3,5,13,142,1.0
207086,1,142,6.0,142.0,1,2,4,6,375,1.0
207089,2,227,3.5,113.5,1,3,5,7,58,1.0
207093,1,378,13.0,378.0,1,3,5,13,375,1.0
207104,5,282,2.4,56.4,1,3,7,12,15,1.0
207119,3,287,3.0,95.66666666666667,2,2,5,9,134,0.3333333333333333
207127,1,282,9.0,282.0,1,2,5,9,374,1.0
207137,5,344,2.0,68.8,1,4,8,10,28,1.0
207143,1,183,5.0,183.0,1,2,3,5,374,1.0
207149,3,293,3.3333333333333335,97.66666666666667,2,3,7,10,7,0.6666666666666666
207150,1,190,7.0,190.0,1,2,4,7,374,1.0
207153,3,420,6.333333333333333,140.0,2,3,6,19,99,0.3333333333333333
207166,2,246,4.5,123.0,1,3,4,9,53,1.0
207186,6,681,3.6666666666666665,113.5,1,3,6,22,63,1.0
207189,1,130,5.0,130.0,1,2,4,5,374,1.0
207194,1,170,7.0,170.0,1,2,3,7,374,1.0
207195,1,117,4.0,117.0,1,2,4,4,374,1.0
207198,3,307,5.0,102.33333333333333,2,3,5,15,114,0.6666666666666666
207207,2,191,4.0,95.5,1,2,5,8,229,1.0
207220,2,191,4.5,95.5,1,2,6,9,62,1.0
207221,3,187,3.0,62.333333333333336,1,2,5,9,219,1.0
207225,2,425,7.0,212.5,1,2,3,14,192,1.0
207233,3,576,6.0,192.0,2,3,7,18,13,0.3333333333333333
207239,6,1324,6.333333333333333,220.66666666666666,1,2,8,38,3,1.0
207240,2,336,5.5,168.0,2,2,6,11,118,0.5
207246,2,414,7.0,207.0,2,2,8,14,62,0.5
207249,1,173,6.0,173.0,1,2,5,6,373,1.0
207251,5,608,3.8,121.6,3,3,8,19,2,0.6
207267,4,429,4.0,107.25,1,3,7,16,118,1.0
207272,4,665,6.75,166.25,1,4,10,27,14,1.0
207273,3,616,7.333333333333333,205.33333333333334,2,2,7,22,203,0.3333333333333333
207276,1,141,5.0,141.0,1,2,3,5,373,1.0
207278,1,195,7.0,195.0,1,2,4,7,373,1.0
207287,3,243,2.3333333333333335,81.0,1,2,5,7,24,1.0
207316,2,651,10.0,325.5,2,3,5,20,187,0.5
207332,1,77,4.0,77.0,1,2,4,4,372,1.0
207337,1,87,7.0,87.0,1,2,4,7,371,1.0
207341,1,83,6.0,83.0,1,2,5,6,371,1.0
207351,1,183,5.0,183.0,1,2,4,5,371,1.0
207355,12,1088,3.3333333333333335,90.66666666666667,4,3,8,40,36,0.5
207356,1,135,5.0,135.0,1,2,3,5,372,1.0
207360,1,436,11.0,436.0,1,4,8,11,371,1.0
207361,3,245,3.3333333333333335,81.66666666666667,2,4,9,10,35,0.6666666666666666
207366,1,154,6.0,154.0,1,2,3,6,371,1.0
207368,3,417,4.666666666666667,139.0,2,2,4,14,181,0.6666666666666666
207392,1,162,7.0,162.0,1,2,5,7,371,1.0
207406,1,122,6.0,122.0,1,2,2,6,372,1.0
207407,1,131,5.0,131.0,1,2,4,5,371,1.0
207412,8,611,2.875,76.375,1,3,7,23,63,1.0
207417,3,525,6.666666666666667,175.0,1,3,9,20,66,1.0
207420,2,255,4.0,127.5,1,2,4,8,296,1.0
207421,1,57,2.0,57.0,1,1,2,2,372,1.0
207433,4,478,3.5,119.5,2,2,5,14,217,0.75
207439,2,288,4.5,144.0,1,2,4,9,330,1.0
207442,1,133,5.0,133.0,1,2,3,5,371,1.0
207446,1,165,5.0,165.0,1,2,2,5,371,1.0
207458,1,174,6.0,174.0,1,3,4,6,371,1.0
207463,5,385,3.4,77.0,3,2,6,17,59,0.2
207470,1,120,5.0,120.0,1,2,3,5,371,1.0
207480,4,328,2.75,82.0,1,2,5,11,29,1.0
207481,6,538,3.3333333333333335,89.66666666666667,3,3,7,20,6,0.6666666666666666
207504,1,210,7.0,210.0,1,2,5,7,372,1.0
207511,15,843,2.2,56.2,2,3,10,33,93,0.3333333333333333
207512,2,237,6.0,118.5,1,3,7,12,78,1.0
207517,2,265,4.5,132.5,1,2,5,9,368,1.0
207538,24,4194,5.666666666666667,174.75,1,4,15,136,4,1.0
207548,1,242,9.0,242.0,1,2,6,9,369,1.0
207567,1,148,4.0,148.0,1,1,2,4,369,1.0
207568,3,205,3.0,68.33333333333333,1,2,5,9,37,1.0
207569,1,152,6.0,152.0,1,2,4,6,369,1.0
207576,5,515,3.4,103.0,1,3,7,17,78,1.0
207584,5,382,2.8,76.4,2,2,6,14,29,0.2
207586,7,657,3.5714285714285716,93.85714285714286,1,3,8,25,30,1.0
207589,2,299,5.5,149.5,2,2,7,11,69,0.5
207594,5,454,3.0,90.8,3,2,5,15,64,0.4
207601,1,280,9.0,280.0,1,2,5,9,368,1.0
207607,1,80,7.0,80.0,1,3,7,7,368,1.0
207609,1,124,5.0,124.0,1,2,4,5,370,1.0
207611,3,343,4.333333333333333,114.33333333333333,1,4,8,13,76,1.0
207613,3,311,4.333333333333333,103.66666666666667,1,2,7,13,208,1.0
207615,1,108,4.0,108.0,1,1,2,4,368,1.0
207624,2,206,3.5,103.0,2,3,4,7,60,0.5
207628,2,386,7.0,193.0,1,3,5,14,59,1.0
207634,1,125,5.0,125.0,1,2,2,5,368,1.0
207650,3,666,8.333333333333334,222.0,1,2,4,25,50,1.0
207657,2,233,4.5,116.5,1,3,6,9,58,1.0
207664,4,598,4.5,149.5,1,3,9,18,162,1.0
207666,5,503,4.6,100.6,2,2,7,23,10,0.4
207669,1,52,4.0,52.0,1,2,2,4,368,1.0
207674,10,1101,3.2,110.1,3,4,12,32,24,0.4
207691,1,118,5.0,118.0,1,3,5,5,367,1.0
207703,4,485,3.75,121.25,2,3,6,15,264,0.25
207708,2,196,3.0,98.0,2,2,4,6,147,0.5
207712,2,525,9.5,262.5,1,4,8,19,98,1.0
207717,5,326,2.4,65.2,2,2,6,12,41,0.8
207720,4,458,4.75,114.5,1,4,7,19,99,1.0
207727,1,122,5.0,122.0,1,2,2,5,367,1.0
207741,1,140,4.0,140.0,1,1,2,4,367,1.0
207742,4,287,2.5,71.75,1,3,4,10,78,1.0
207746,1,212,6.0,212.0,1,3,4,6,367,1.0
207758,1,136,5.0,136.0,1,2,3,5,367,1.0
207759,1,138,5.0,138.0,1,2,3,5,367,1.0
207765,3,280,4.333333333333333,93.33333333333333,1,3,5,13,27,1.0
207775,4,273,3.25,68.25,2,3,5,13,43,0.25
207781,6,612,4.333333333333333,102.0,5,2,8,26,29,0.16666666666666666
207782,2,256,4.5,128.0,2,2,4,9,219,0.5
207796,2,185,4.0,92.5,1,3,5,8,49,1.0
207799,1,148,6.0,148.0,1,2,4,6,366,1.0
207802,1,108,5.0,108.0,1,2,3,5,366,1.0
207812,2,120,2.0,60.0,1,2,3,4,49,1.0
207817,2,170,3.0,85.0,2,2,4,6,310,0.5
207821,1,133,5.0,133.0,1,2,5,5,366,1.0
207823,7,1618,8.428571428571429,231.14285714285714,2,4,10,59,107,0.5714285714285714
207838,1,133,5.0,133.0,1,2,4,5,366,1.0
207842,1,142,5.0,142.0,1,2,3,5,366,1.0
207843,1,137,5.0,137.0,1,2,5,5,366,1.0
207853,1,130,5.0,130.0,1,2,3,5,366,1.0
207854,5,338,3.0,67.6,1,2,7,15,154,1.0
207860,2,175,3.5,87.5,1,2,4,7,309,1.0
207862,2,284,7.0,142.0,1,3,5,14,198,1.0
207874,1,98,5.0,98.0,1,2,4,5,366,1.0
207878,5,576,4.0,115.2,2,4,9,20,52,0.6
207885,3,478,5.0,159.33333333333334,1,2,6,15,97,1.0
207891,4,399,4.25,99.75,2,3,5,17,45,0.75
207892,1,143,5.0,143.0,1,2,3,5,364,1.0
207896,1,298,8.0,298.0,1,2,6,8,364,1.0
207903,4,553,3.5,138.25,2,2,7,14,35,0.75
207921,1,136,8.0,136.0,1,3,6,8,365,1.0
207930,3,231,3.0,77.0,3,2,4,9,204,0.3333333333333333
207935,1,126,5.0,126.0,1,2,3,5,365,1.0
207938,1,159,6.0,159.0,1,2,5,6,364,1.0
207945,1,128,6.0,128.0,1,2,4,6,364,1.0
207946,3,264,3.3333333333333335,88.0,3,3,4,10,55,0.3333333333333333
207947,1,132,5.0,132.0,1,2,3,5,364,1.0
207948,1,170,6.0,170.0,1,2,3,6,365,1.0
207949,1,413,14.0,413.0,1,2,7,14,365,1.0
207956,1,176,6.0,176.0,1,2,6,6,364,1.0
207965,4,468,4.0,117.0,2,2,5,16,27,0.75
207967,1,125,6.0,125.0,1,2,3,6,364,1.0
207981,14,725,2.357142857142857,51.785714285714285,3,3,8,33,70,0.07142857142857142
207982,1,135,4.0,135.0,1,1,4,4,365,1.0
208004,2,216,3.0,108.0,2,1,5,6,318,0.5
208008,3,444,4.0,148.0,1,3,8,12,196,1.0
208023,1,98,3.0,98.0,1,1,3,3,364,1.0
208027,3,237,3.0,79.0,2,2,4,9,225,0.6666666666666666
208028,1,129,5.0,129.0,1,2,4,5,364,1.0
208033,1,165,6.0,165.0,1,2,5,6,365,1.0
208037,4,284,2.25,71.0,1,3,6,9,57,1.0
208042,2,264,4.5,132.0,1,2,7,9,303,1.0
208056,1,143,5.0,143.0,1,2,3,5,364,1.0
208059,3,738,9.666666666666666,246.0,1,2,7,29,174,1.0
208066,1,169,5.0,169.0,1,1,2,5,364,1.0
208076,2,190,3.0,95.0,1,3,5,6,90,1.0
208077,2,92,2.0,46.0,1,3,4,4,336,1.0
208082,1,204,7.0,204.0,1,2,4,7,364,1.0
208088,1,239,7.0,239.0,1,3,4,7,364,1.0
208100,1,143,5.0,143.0,1,1,2,5,364,1.0
208115,4,269,2.25,67.25,1,3,6,9,214,1.0
208119,2,365,5.5,182.5,2,2,7,11,143,0.5
208141,3,302,4.0,100.66666666666667,2,3,5,12,15,0.6666666666666666
208142,1,123,5.0,123.0,1,2,3,5,365,1.0
208149,2,364,7.0,182.0,2,3,6,14,94,0.5
208151,2,288,4.5,144.0,1,3,4,9,67,1.0
208181,2,130,3.0,65.0,1,2,3,6,164,1.0
208200,1,258,9.0,258.0,1,2,7,9,362,1.0
208201,2,244,4.0,122.0,1,3,6,8,234,1.0
208207,2,192,3.5,96.0,1,2,4,7,108,1.0
208224,4,365,4.0,91.25,3,3,8,16,28,0.5
208228,3,490,5.666666666666667,163.33333333333334,1,2,6,17,357,1.0
208239,2,221,4.0,110.5,1,2,4,8,133,1.0
208244,2,150,3.0,75.0,1,2,5,6,44,1.0
208247,3,207,1.6666666666666667,69.0,1,1,5,5,143,1.0
208248,3,414,5.0,138.0,1,3,6,15,6,1.0
208249,2,208,5.0,104.0,1,3,4,10,348,1.0
208257,4,552,4.25,138.0,2,3,6,17,4,0.75
208277,1,155,6.0,155.0,1,2,4,6,361,1.0
208282,4,504,4.25,126.0,1,4,7,17,81,1.0
208288,6,727,4.666666666666667,121.16666666666667,2,4,10,28,24,0.8333333333333334
208297,1,128,5.0,128.0,1,2,3,5,360,1.0
208303,1,140,5.0,140.0,1,2,2,5,360,1.0
208307,1,371,14.0,371.0,1,3,5,14,360,1.0
208319,1,118,6.0,118.0,1,2,4,6,360,1.0
208328,1,319,10.0,319.0,1,2,6,10,360,1.0
208330,8,772,3.0,96.5,3,4,14,24,77,0.75
208343,2,308,5.0,154.0,2,3,6,10,62,0.5
208352,3,487,4.666666666666667,162.33333333333334,1,3,8,14,357,1.0
208360,1,128,5.0,128.0,1,2,3,5,360,1.0
208364,2,195,3.5,97.5,1,2,5,7,32,1.0
208369,2,223,4.5,111.5,2,2,3,9,56,0.5
208372,1,95,5.0,95.0,1,2,4,5,360,1.0
208374,2,331,5.5,165.5,1,2,4,11,104,1.0
208381,5,562,3.8,112.4,2,3,10,19,3,0.6
208392,3,298,4.0,99.33333333333333,1,2,6,12,113,1.0
208393,2,330,5.0,165.0,1,2,4,10,234,1.0
208395,1,132,5.0,132.0,1,2,3,5,359,1.0
208400,1,122,5.0,122.0,1,3,5,5,359,1.0
208403,3,493,6.333333333333333,164.33333333333334,1,2,4,19,153,1.0
208407,1,129,5.0,129.0,1,2,4,5,359,1.0
208409,2,282,5.0,141.0,2,2,4,10,352,0.5
208411,4,700,5.0,175.0,1,3,8,20,23,1.0
208419,3,274,4.666666666666667,91.33333333333333,3,3,8,14,56,0.3333333333333333
208423,3,325,3.6666666666666665,108.33333333333333,2,2,3,11,22,0.3333333333333333
208448,2,283,4.0,141.5,2,1,4,8,107,0.5
208449,2,418,6.0,209.0,1,3,7,12,238,1.0
208450,1,145,5.0,145.0,1,2,3,5,359,1.0
208451,2,273,4.0,136.5,2,1,5,8,41,0.5
208458,3,616,9.0,205.33333333333334,1,2,6,27,260,1.0
208469,1,239,9.0,239.0,1,2,6,9,359,1.0
208476,2,207,4.0,103.5,1,2,5,8,315,1.0
208488,4,513,4.25,128.25,3,2,8,17,322,0.25
208489,4,493,5.0,123.25,2,2,6,20,48,0.75
208491,1,290,9.0,290.0,1,1,3,9,357,1.0
208501,5,441,3.4,88.2,2,3,11,17,113,0.4
208517,1,145,5.0,145.0,1,2,4,5,357,1.0
208525,5,248,2.4,49.6,1,3,4,12,104,1.0
208534,2,311,5.0,155.5,1,3,5,10,153,1.0
208538,1,125,7.0,125.0,1,2,6,7,357,1.0
208543,2,466,7.0,233.0,1,4,8,14,95,1.0
208554,1,127,5.0,127.0,1,2,4,5,357,1.0
208562,1,135,5.0,135.0,1,2,4,5,358,1.0
208563,1,203,7.0,203.0,1,2,4,7,357,1.0
208570,2,277,4.5,138.5,1,1,6,9,65,1.0
208575,1,134,6.0,134.0,1,2,5,6,358,1.0
208576,5,534,4.8,106.8,2,4,9,24,24,0.2
208582,2,190,3.0,95.0,2,2,4,6,230,0.5
208587,7,517,3.0,73.85714285714286,2,2,7,21,62,0.42857142857142855
208589,3,240,2.3333333333333335,80.0,2,3,4,7,99,0.6666666666666666
208594,3,332,3.3333333333333335,110.66666666666667,1,1,3,10,135,1.0
208601,2,149,3.0,74.5,1,3,5,6,240,1.0
208616,1,107,5.0,107.0,1,2,5,5,358,1.0
208617,9,731,3.4444444444444446,81.22222222222223,2,3,7,31,1,0.5555555555555556
208634,1,0,1.0,0.0,1,1,1,1,358,1.0
208636,1,166,7.0,166.0,1,2,3,7,357,1.0
208647,1,56,3.0,56.0,1,1,3,3,224,1.0
208669,1,129,5.0,129.0,1,2,3,5,358,1.0
208685,1,127,6.0,127.0,1,2,4,6,357,1.0
208690,1,188,6.0,188.0,1,2,4,6,357,1.0
208703,1,143,5.0,143.0,1,2,4,5,357,1.0
208704,1,253,8.0,253.0,1,2,6,8,357,1.0
208710,1,179,7.0,179.0,1,2,3,7,357,1.0
208724,1,104,3.0,104.0,1,2,3,3,357,1.0
208726,1,190,8.0,190.0,1,2,3,8,358,1.0
208729,2,194,3.5,97.0,2,2,5,7,255,0.5
208735,1,145,5.0,145.0,1,2,3,5,357,1.0
208745,2,591,10.0,295.5,1,3,8,20,4,1.0
208762,4,688,5.25,172.0,1,2,5,21,79,1.0
208770,4,269,2.75,67.25,1,4,7,11,2,1.0
208773,7,481,2.7142857142857144,68.71428571428571,1,2,6,19,78,1.0
208774,3,402,6.0,134.0,1,3,9,18,123,1.0
208775,4,396,3.75,99.0,2,3,8,15,203,0.75
208780,6,793,4.166666666666667,132.16666666666666,2,4,12,25,10,0.8333333333333334
208785,2,274,4.0,137.0,1,1,4,8,319,1.0
208794,1,261,9.0,261.0,1,2,5,9,358,1.0
208799,2,435,6.5,217.5,1,3,7,13,38,1.0
208806,1,143,5.0,143.0,1,2,4,5,357,1.0
208812,3,817,9.0,272.3333333333333,1,3,8,27,135,1.0
208815,2,159,3.0,79.5,1,3,5,6,220,1.0
208820,1,142,5.0,142.0,1,2,4,5,357,1.0
208839,1,134,4.0,134.0,1,1,4,4,355,1.0
208840,1,99,3.0,99.0,1,1,2,3,355,1.0
208849,1,348,10.0,348.0,1,2,4,10,355,1.0
208857,5,706,5.6,141.2,1,3,8,28,34,1.0
208865,2,192,5.0,96.0,1,2,3,10,345,1.0
208870,3,327,5.0,109.0,1,3,6,15,36,1.0
208871,4,271,2.5,67.75,1,2,3,10,246,1.0
208881,1,136,6.0,136.0,1,2,3,6,355,1.0
208886,2,231,5.5,115.5,1,2,3,11,162,1.0
208895,1,129,5.0,129.0,1,2,3,5,355,1.0
208900,8,686,3.125,85.75,4,4,14,25,55,0.5
208903,1,114,5.0,114.0,1,2,4,5,355,1.0
208913,1,239,7.0,239.0,1,3,5,7,354,1.0
208914,1,150,5.0,150.0,1,2,4,5,354,1.0
208918,1,99,5.0,99.0,1,3,5,5,354,1.0
208920,1,146,5.0,146.0,1,2,3,5,354,1.0
208937,1,145,5.0,145.0,1,2,4,5,354,1.0
208938,1,244,6.0,244.0,1,1,2,6,354,1.0
208939,1,135,5.0,135.0,1,2,4,5,354,1.0
208944,1,544,18.0,544.0,1,3,9,18,354,1.0
208953,3,268,3.0,89.33333333333333,1,2,3,9,277,1.0
208964,3,355,3.3333333333333335,118.33333333333333,1,3,7,10,142,1.0
208969,3,359,3.6666666666666665,119.66666666666667,2,3,6,11,70,0.6666666666666666
208980,6,605,4.333333333333333,100.83333333333333,3,3,8,26,132,0.5
208986,4,365,3.0,91.25,1,4,7,12,95,1.0
208988,1,267,9.0,267.0,1,2,5,9,354,1.0
209020,5,421,2.6,84.2,3,3,7,13,7,0.6
209022,2,255,3.0,127.5,1,2,4,6,305,1.0
209030,1,149,5.0,149.0,1,2,5,5,353,1.0
209036,1,278,10.0,278.0,1,2,4,10,353,1.0
209057,1,107,3.0,107.0,1,1,3,3,353,1.0
209058,2,239,3.5,119.5,1,2,3,7,351,1.0
209084,1,102,4.0,102.0,1,2,2,4,353,1.0
209085,4,581,4.5,145.25,3,3,5,18,113,0.25
209094,2,219,3.5,109.5,1,3,6,7,58,1.0
209101,10,1425,5.3,142.5,2,3,9,53,27,0.9
209106,1,235,6.0,235.0,1,3,6,6,352,1.0
209107,1,135,5.0,135.0,1,2,4,5,352,1.0
209114,1,64,5.0,64.0,1,2,4,5,352,1.0
209120,7,840,3.857142857142857,120.0,3,4,10,27,51,0.14285714285714285
209128,1,162,6.0,162.0,1,2,5,6,352,1.0
209129,1,165,5.0,165.0,1,2,4,5,352,1.0
209139,1,151,5.0,151.0,1,2,4,5,352,1.0
209145,2,236,5.0,118.0,1,2,5,10,167,1.0
209149,5,360,2.6,72.0,3,3,6,13,56,0.4
209161,3,293,3.0,97.66666666666667,2,2,6,9,179,0.3333333333333333
209168,1,121,5.0,121.0,1,2,4,5,352,1.0
209171,2,207,3.5,103.5,1,2,5,7,146,1.0
209173,2,359,6.0,179.5,1,3,7,12,70,1.0
209197,7,683,3.5714285714285716,97.57142857142857,2,4,8,25,34,0.14285714285714285
209222,1,140,6.0,140.0,1,2,4,6,350,1.0
209228,1,92,4.0,92.0,1,2,3,4,350,1.0
209231,1,159,6.0,159.0,1,2,3,6,350,1.0
209235,3,288,3.3333333333333335,96.0,1,1,3,10,139,1.0
209238,5,396,2.8,79.2,1,3,5,14,69,1.0
209250,3,453,4.666666666666667,151.0,1,2,5,14,83,1.0
209253,2,136,2.5,68.0,1,2,5,5,352,1.0
209255,1,160,7.0,160.0,1,3,5,7,350,1.0
209260,17,1140,2.764705882352941,67.05882352941177,1,3,10,47,42,1.0
209267,1,131,7.0,131.0,1,2,3,7,350,1.0
209276,5,717,4.6,143.4,4,3,10,23,14,0.2
209279,1,138,5.0,138.0,1,2,3,5,350,1.0
209284,1,306,8.0,306.0,1,3,4,8,350,1.0
209291,1,142,5.0,142.0,1,2,3,5,350,1.0
209297,2,374,6.5,187.0,2,3,4,13,164,0.5
209315,1,149,6.0,149.0,1,2,5,6,351,1.0
209316,2,131,2.5,65.5,1,3,4,5,188,1.0
209317,2,275,6.5,137.5,1,2,4,13,153,1.0
209320,1,235,7.0,235.0,1,2,4,7,351,1.0
209321,6,397,2.6666666666666665,66.16666666666667,3,4,7,16,111,0.6666666666666666
209322,1,196,7.0,196.0,1,2,4,7,350,1.0
209326,2,230,3.5,115.0,2,2,4,7,320,0.5
209353,1,129,5.0,129.0,1,2,4,5,351,1.0
209355,1,133,5.0,133.0,1,2,4,5,350,1.0
209363,1,40,2.0,40.0,1,1,2,2,305,1.0
209370,2,123,3.5,61.5,2,2,3,7,303,0.5
209372,15,1588,4.066666666666666,105.86666666666666,2,3,10,61,37,0.4666666666666667
209378,1,203,4.0,203.0,1,2,4,4,351,1.0
209383,1,191,5.0,191.0,1,3,4,5,351,1.0
209389,1,137,4.0,137.0,1,1,2,4,350,1.0
209392,1,142,5.0,142.0,1,3,5,5,350,1.0
209400,4,626,6.0,156.5,1,2,6,24,6,1.0
209405,1,216,8.0,216.0,1,2,5,8,350,1.0
209409,1,202,7.0,202.0,1,3,5,7,350,1.0
209414,2,310,4.5,155.0,1,2,6,9,125,1.0
209417,1,262,10.0,262.0,1,2,3,10,350,1.0
209418,1,195,7.0,195.0,1,2,5,7,350,1.0
209426,2,280,5.5,140.0,1,3,5,11,254,1.0
209437,1,153,6.0,153.0,1,2,5,6,350,1.0
209440,1,26,2.0,26.0,1,1,1,2,350,1.0
209443,4,394,4.0,98.5,1,2,4,16,271,1.0
209448,2,162,4.0,81.0,1,2,3,8,83,1.0
209449,1,130,5.0,130.0,1,2,4,5,351,1.0
209453,2,283,3.5,141.5,1,3,5,7,281,1.0
209464,1,143,5.0,143.0,1,2,4,5,350,1.0
209466,1,111,5.0,111.0,1,2,3,5,350,1.0
209470,3,215,2.6666666666666665,71.66666666666667,1,2,3,8,153,1.0
209476,1,138,5.0,138.0,1,2,4,5,351,1.0
209489,2,178,3.5,89.0,2,2,4,7,318,0.5
209492,5,513,3.6,102.6,1,3,7,18,118,1.0
209515,1,291,11.0,291.0,1,2,5,11,348,1.0
209516,4,478,4.25,119.5,2,2,6,17,148,0.5
209518,4,463,4.25,115.75,1,2,6,17,127,1.0
209521,2,206,3.0,103.0,1,2,3,6,49,1.0
209537,1,173,5.0,173.0,1,1,3,5,348,1.0
209562,1,140,5.0,140.0,1,2,3,5,348,1.0
209576,1,133,4.0,133.0,1,2,4,4,348,1.0
209579,2,221,3.0,110.5,1,3,5,6,269,1.0
209584,2,133,3.5,66.5,1,2,6,7,257,1.0
209597,1,177,5.0,177.0,1,3,4,5,348,1.0
209602,1,162,5.0,162.0,1,2,4,5,348,1.0
209666,1,71,5.0,71.0,1,1,3,5,347,1.0
209695,1,200,7.0,200.0,1,2,5,7,347,1.0
209698,1,135,5.0,135.0,1,2,4,5,347,1.0
209704,1,131,5.0,131.0,1,2,4,5,347,1.0
209705,1,132,5.0,132.0,1,2,4,5,347,1.0
209706,2,256,5.0,128.0,1,2,4,10,211,1.0
209710,1,160,5.0,160.0,1,2,5,5,347,1.0
209711,1,211,7.0,211.0,1,2,6,7,347,1.0
209713,4,560,4.75,140.0,1,4,10,19,7,1.0
209729,2,330,7.0,165.0,1,3,5,14,313,1.0
209731,3,450,7.0,150.0,1,3,11,21,186,1.0
209756,1,239,7.0,239.0,1,3,6,7,347,1.0
209764,1,126,5.0,126.0,1,2,3,5,347,1.0
209765,1,141,5.0,141.0,1,2,3,5,347,1.0
209778,3,365,4.0,121.66666666666667,3,4,9,12,88,0.3333333333333333
209791,3,233,3.0,77.66666666666667,2,2,3,9,97,0.6666666666666666
209793,11,683,2.1818181818181817,62.09090909090909,2,3,9,24,7,0.9090909090909091
209796,1,139,5.0,139.0,1,2,3,5,346,1.0
209800,1,182,8.0,182.0,1,2,4,8,346,1.0
209809,3,434,5.0,144.66666666666666,1,4,10,15,198,1.0
209811,3,382,4.666666666666667,127.33333333333333,1,1,4,14,58,1.0
209819,2,227,4.5,113.5,1,3,6,9,140,1.0
209830,2,275,4.5,137.5,1,3,6,9,287,1.0
209831,2,276,3.0,138.0,1,3,5,6,275,1.0
209850,3,626,7.0,208.66666666666666,1,4,8,21,71,1.0
209856,5,576,3.8,115.2,1,4,6,19,125,1.0
209863,1,103,5.0,103.0,1,2,4,5,346,1.0
209885,5,570,4.4,114.0,2,3,6,22,48,0.0
209910,1,182,8.0,182.0,1,1,3,8,238,0.0
209929,8,499,2.25,62.375,2,3,4,18,61,0.5
209934,1,63,3.0,63.0,1,2,2,3,141,0.0
209986,1,113,5.0,113.0,1,2,4,5,345,1.0
209990,1,102,5.0,102.0,1,2,4,5,345,1.0
210008,1,114,5.0,114.0,1,2,3,5,345,1.0
210009,2,335,6.5,167.5,1,3,6,13,181,1.0
210012,1,138,4.0,138.0,1,1,4,4,345,1.0
210036,1,134,4.0,134.0,1,1,3,4,345,1.0
210039,2,318,4.5,159.0,2,3,5,9,43,0.5
210045,1,133,5.0,133.0,1,2,2,5,345,1.0
210057,8,1214,5.0,151.75,1,3,9,40,77,1.0
210067,7,678,3.2857142857142856,96.85714285714286,3,4,11,23,39,0.7142857142857143
210070,2,215,4.0,107.5,1,2,6,8,343,1.0
210075,6,515,3.0,85.83333333333333,1,3,8,18,46,1.0
210083,1,109,5.0,109.0,1,2,2,5,345,1.0
210088,1,160,6.0,160.0,1,2,5,6,343,1.0
210092,4,712,5.5,178.0,3,3,9,22,128,0.5
210100,2,249,5.0,124.5,2,2,5,10,323,0.5
210106,1,263,9.0,263.0,1,2,4,9,343,1.0
210108,1,162,6.0,162.0,1,2,5,6,343,1.0
210116,3,352,4.666666666666667,117.33333333333333,1,2,8,14,64,1.0
210118,1,229,7.0,229.0,1,2,4,7,344,1.0
210119,1,160,5.0,160.0,1,2,3,5,343,1.0
210123,1,143,5.0,143.0,1,3,5,5,344,1.0
210134,3,336,3.6666666666666665,112.0,2,2,5,11,97,0.6666666666666666
210135,2,197,4.5,98.5,1,2,5,9,210,1.0
210143,1,125,5.0,125.0,1,2,4,5,343,1.0
210147,2,265,3.5,132.5,2,2,4,7,301,0.5
210173,2,263,5.0,131.5,2,2,6,10,174,0.5
210176,1,152,4.0,152.0,1,2,2,4,343,1.0
210179,1,150,5.0,150.0,1,2,5,5,344,1.0
210183,2,159,3.5,79.5,1,2,5,7,233,1.0
210189,5,631,4.2,126.2,1,3,8,21,97,1.0
210191,4,295,3.25,73.75,2,3,5,13,133,0.5
210197,1,159,5.0,159.0,1,2,3,5,343,1.0
210200,7,553,3.142857142857143,79.0,4,4,8,22,17,0.2857142857142857
210201,4,552,5.25,138.0,1,3,10,21,15,1.0
210204,4,842,7.0,210.5,2,2,5,28,121,0.75
210214,5,880,6.8,176.0,1,3,10,34,156,1.0
210220,5,930,5.6,186.0,3,4,11,28,28,0.4
210225,1,152,6.0,152.0,1,2,5,6,344,1.0
210226,1,123,6.0,123.0,1,2,5,6,343,1.0
210242,1,141,5.0,141.0,1,2,3,5,343,1.0
210252,1,99,6.0,99.0,1,3,5,6,344,1.0
210257,1,114,5.0,114.0,1,2,4,5,343,1.0
210260,2,282,4.5,141.0,1,2,7,9,308,1.0
210262,3,130,2.6666666666666665,43.333333333333336,3,2,5,8,160,0.3333333333333333
210265,1,167,5.0,167.0,1,1,3,5,343,1.0
210273,3,155,2.6666666666666665,51.666666666666664,2,2,5,8,37,0.3333333333333333
210275,1,248,7.0,248.0,1,2,4,7,343,1.0
210277,1,231,8.0,231.0,1,2,3,8,343,1.0
210281,4,477,4.0,119.25,1,3,6,16,15,1.0
210284,3,709,8.0,236.33333333333334,2,2,4,24,65,0.3333333333333333
210286,2,539,8.5,269.5,1,3,8,17,253,1.0
210287,3,494,6.333333333333333,164.66666666666666,1,3,7,19,119,1.0
210293,4,369,3.5,92.25,2,2,6,14,76,0.75
210295,1,76,3.0,76.0,1,2,3,3,344,1.0
210308,1,132,5.0,132.0,1,3,5,5,344,1.0
210310,3,292,2.6666666666666665,97.33333333333333,1,4,5,8,97,1.0
210311,4,732,5.75,183.0,1,3,9,23,92,1.0
210313,4,430,3.25,107.5,1,2,7,13,48,1.0
210322,1,301,8.0,301.0,1,2,4,8,343,1.0
210325,7,498,2.4285714285714284,71.14285714285714,1,4,9,17,30,1.0
210337,1,237,7.0,237.0,1,3,6,7,343,1.0
210339,3,269,2.6666666666666665,89.66666666666667,1,1,5,8,121,1.0
210344,2,371,5.0,185.5,2,2,7,10,323,0.5
210346,2,417,7.5,208.5,1,4,8,15,30,1.0
210352,4,700,4.75,175.0,1,3,6,19,13,1.0
210358,1,105,3.0,105.0,1,3,3,3,343,1.0
210368,2,477,7.0,238.5,2,2,6,14,158,0.5
210379,1,125,4.0,125.0,1,1,2,4,341,1.0
210380,1,132,5.0,132.0,1,2,3,3,343,1.0
210398,1,152,5.0,152.0,1,2,3,5,341,1.0
210405,18,983,2.1666666666666665,54.611111111111114,1,3,9,39,10,1.0
210410,2,206,3.5,103.0,2,3,6,7,99,0.5
210414,1,227,8.0,227.0,1,2,3,8,341,1.0
210415,8,795,4.625,99.375,1,4,8,37,10,1.0
210421,1,164,7.0,164.0,1,2,5,7,341,1.0
210423,1,126,5.0,126.0,1,2,4,5,341,1.0
210432,4,475,4.25,118.75,1,3,9,17,262,1.0
210460,2,204,3.5,102.0,2,2,6,7,225,0.5
210462,1,123,5.0,123.0,1,2,3,5,340,1.0
210466,2,225,4.0,112.5,1,2,4,8,189,1.0
210478,4,315,3.0,78.75,1,3,6,12,72,1.0
210488,2,269,4.0,134.5,2,2,4,8,251,0.5
210492,1,128,5.0,128.0,1,2,3,5,343,1.0
210509,2,444,5.5,222.0,1,3,8,11,256,1.0
210523,2,201,4.0,100.5,1,4,6,8,64,1.0
210530,1,130,5.0,130.0,1,3,5,5,340,1.0
210533,1,0,3.0,0.0,1,1,1,3,340,1.0
210544,1,107,4.0,107.0,1,3,4,4,340,1.0
210546,1,167,5.0,167.0,1,3,5,5,340,1.0
210547,1,262,6.0,262.0,1,3,6,6,340,1.0
210551,1,102,5.0,102.0,1,2,4,5,339,1.0
210564,3,445,5.0,148.33333333333334,1,3,6,15,72,1.0
210566,2,269,4.5,134.5,1,3,5,9,36,1.0
210571,2,563,6.5,281.5,2,4,8,13,74,0.5
210573,2,155,2.5,77.5,1,2,4,5,338,1.0
210574,5,492,3.8,98.4,1,3,11,19,29,1.0
210581,1,171,6.0,171.0,1,2,4,6,339,1.0
210590,3,244,3.3333333333333335,81.33333333333333,3,3,6,10,219,0.3333333333333333
210594,2,442,8.0,221.0,1,3,8,16,155,1.0
210602,6,401,3.8333333333333335,66.83333333333333,1,3,6,23,62,1.0
210610,9,819,3.2222222222222223,91.0,1,2,6,29,0,1.0
210621,1,104,5.0,104.0,1,2,3,5,339,1.0
210627,2,198,3.5,99.0,1,3,5,7,163,1.0
210636,2,222,3.5,111.0,1,2,5,7,27,1.0
210637,4,843,7.0,210.75,1,3,7,28,30,1.0
210638,2,338,5.5,169.0,1,2,5,11,196,1.0
210654,8,624,3.0,78.0,1,4,10,24,65,1.0
210657,1,215,7.0,215.0,1,2,5,7,338,1.0
210660,1,250,7.0,250.0,1,3,5,7,338,1.0
210673,1,220,6.0,220.0,1,1,5,6,338,1.0
210675,1,185,7.0,185.0,1,2,4,7,338,1.0
210693,2,225,4.0,112.5,2,2,4,8,296,0.5
210697,4,377,5.0,94.25,2,3,8,20,64,0.75
210703,1,136,4.0,136.0,1,1,2,4,338,1.0
210709,3,540,6.0,180.0,1,3,6,18,86,1.0
210713,1,117,5.0,117.0,1,2,5,5,338,1.0
210715,2,161,2.5,80.5,2,2,3,5,2,0.5
210718,2,227,4.0,113.5,1,3,5,8,176,1.0
210721,7,665,3.142857142857143,95.0,2,3,7,22,2,0.8571428571428571
210727,5,371,3.0,74.2,3,2,7,15,181,0.4
210737,2,136,2.5,68.0,1,2,3,5,189,1.0
210741,2,132,2.5,66.0,1,2,5,5,220,1.0
210743,1,123,6.0,123.0,1,2,4,6,338,1.0
210747,1,148,5.0,148.0,1,2,4,5,338,1.0
210753,2,254,4.0,127.0,1,3,8,8,233,1.0
210760,1,190,7.0,190.0,1,2,6,7,336,1.0
210765,2,341,5.0,170.5,1,3,7,10,146,1.0
210768,4,359,3.0,89.75,1,3,7,12,289,1.0
210769,4,682,7.5,170.5,1,3,9,30,1,1.0
210781,3,401,5.666666666666667,133.66666666666666,1,4,7,17,59,1.0
210782,3,254,3.3333333333333335,84.66666666666667,2,2,5,10,179,0.6666666666666666
210799,3,267,3.0,89.0,1,3,8,9,101,1.0
210800,7,403,1.5714285714285714,57.57142857142857,3,3,8,11,34,0.7142857142857143
210803,3,438,3.6666666666666665,146.0,1,3,7,11,39,1.0
210808,5,421,3.4,84.2,2,3,8,17,119,0.8
210809,3,526,7.333333333333333,175.33333333333334,3,2,5,22,37,0.3333333333333333
210810,2,232,3.0,116.0,1,2,5,6,156,1.0
210811,2,299,5.0,149.5,2,3,5,10,125,0.5
210813,1,121,5.0,121.0,1,3,5,5,336,1.0
210817,1,88,3.0,88.0,1,2,3,3,337,1.0
210819,4,252,2.25,63.0,3,2,6,9,65,0.5
210824,4,546,3.25,136.5,3,4,5,13,37,0.5
210826,2,188,3.0,94.0,1,2,4,6,324,1.0
210841,2,185,3.0,92.5,2,3,4,6,91,0.5
210859,2,223,5.5,111.5,1,2,4,11,168,1.0
210861,2,475,6.0,237.5,2,4,7,12,123,0.5
210862,4,481,4.0,120.25,1,3,8,16,135,1.0
210864,1,165,5.0,165.0,1,3,5,5,336,1.0
210871,2,235,3.5,117.5,2,3,4,7,48,0.5
210875,1,114,7.0,114.0,1,2,5,7,336,1.0
210877,1,114,3.0,114.0,1,2,2,3,337,1.0
210883,2,239,5.5,119.5,1,2,3,11,290,1.0
210887,1,211,7.0,211.0,1,2,4,7,337,1.0
210904,2,285,5.5,142.5,1,3,6,11,61,1.0
210908,1,242,6.0,242.0,1,1,4,6,337,1.0
210910,1,195,6.0,195.0,1,2,4,6,336,1.0
210937,1,120,5.0,120.0,1,2,3,5,336,1.0
210948,3,517,4.666666666666667,172.33333333333334,1,4,10,14,107,1.0
210952,4,414,3.0,103.5,2,3,6,12,98,0.75
210956,1,128,5.0,128.0,1,3,5,5,336,1.0
210960,10,726,2.7,72.6,1,3,7,27,55,1.0
210964,1,109,6.0,109.0,1,2,5,6,337,1.0
210968,2,177,3.0,88.5,2,1,3,6,65,0.5
210979,1,258,7.0,258.0,1,2,6,7,336,1.0
210997,3,238,3.3333333333333335,79.33333333333333,3,3,6,10,21,0.3333333333333333
211004,4,357,3.0,89.25,3,2,5,12,2,0.5
211006,1,136,5.0,136.0,1,2,5,5,336,1.0
211007,1,151,5.0,151.0,1,2,4,5,336,1.0
211010,1,158,5.0,158.0,1,2,3,5,337,1.0
211013,1,185,7.0,185.0,1,2,5,7,336,1.0
211014,2,205,4.5,102.5,1,2,6,9,251,1.0
211025,2,126,2.5,63.0,1,2,5,5,298,1.0
211033,5,399,2.2,79.8,2,2,5,11,311,0.8
211051,2,250,3.5,125.0,1,4,5,7,78,1.0
211056,1,181,6.0,181.0,1,2,5,6,336,1.0
211061,1,144,5.0,144.0,1,2,3,5,336,1.0
211064,4,426,4.5,106.5,1,3,6,18,104,1.0
211067,1,128,5.0,128.0,1,2,3,5,336,1.0
211071,1,206,6.0,206.0,1,2,4,6,336,1.0
211072,1,243,9.0,243.0,1,2,7,9,336,1.0
211077,1,189,5.0,189.0,1,3,5,5,336,1.0
211078,1,127,10.0,127.0,1,3,6,10,336,1.0
211084,1,139,5.0,139.0,1,2,5,5,337,1.0
211088,1,132,5.0,132.0,1,2,4,5,336,1.0
211092,3,474,4.666666666666667,158.0,1,3,7,14,134,1.0
211097,3,431,4.0,143.66666666666666,2,1,4,12,20,0.6666666666666666
211124,8,405,1.75,50.625,3,3,6,14,65,0.25
211131,1,210,7.0,210.0,1,2,4,7,334,1.0
211139,1,200,6.0,200.0,1,3,6,6,334,1.0
211143,3,256,3.3333333333333335,85.33333333333333,1,3,6,10,123,1.0
211146,1,224,8.0,224.0,1,3,7,8,334,1.0
211148,12,1143,3.6666666666666665,95.25,1,4,12,44,99,1.0
211152,1,447,16.0,447.0,1,2,6,16,333,1.0
211162,7,924,4.285714285714286,132.0,1,3,9,30,32,1.0
211170,18,1413,3.111111111111111,78.5,1,3,9,56,71,1.0
211177,2,231,3.5,115.5,1,3,6,7,232,1.0
211183,1,65,3.0,65.0,1,2,3,3,333,1.0
211186,5,414,2.8,82.8,2,3,7,14,1,0.4
211192,3,304,4.333333333333333,101.33333333333333,2,2,4,13,92,0.6666666666666666
211204,3,444,5.0,148.0,1,2,5,15,140,1.0
211210,1,191,6.0,191.0,1,2,4,6,333,1.0
211214,3,775,7.666666666666667,258.3333333333333,2,2,7,23,169,0.3333333333333333
211226,5,373,3.0,74.6,1,4,7,15,65,1.0
211235,1,99,4.0,99.0,1,2,3,4,332,1.0
211266,2,206,3.5,103.0,1,3,6,7,87,1.0
211279,3,444,4.0,148.0,1,3,8,12,262,1.0
211308,1,102,4.0,102.0,1,3,4,4,332,1.0
211320,5,432,2.8,86.4,1,2,4,14,60,1.0
211326,2,368,5.0,184.0,1,3,7,10,203,1.0
211327,4,303,2.75,75.75,3,2,5,11,234,0.5
211330,6,408,2.0,68.0,2,4,6,12,83,0.6666666666666666
211333,5,1079,7.6,215.8,2,3,7,38,14,0.8
211334,1,143,5.0,143.0,1,2,4,5,331,1.0
211337,6,316,2.1666666666666665,52.666666666666664,1,3,7,13,116,1.0
211341,2,235,4.0,117.5,2,2,4,8,158,0.5
211351,1,99,3.0,99.0,1,1,2,3,331,1.0
211356,1,181,6.0,181.0,1,3,5,6,331,1.0
211358,1,163,6.0,163.0,1,3,4,6,331,1.0
211365,5,376,2.8,75.2,2,4,9,14,93,0.2
211367,5,345,2.4,69.0,1,4,8,12,34,1.0
211373,6,524,3.3333333333333335,87.33333333333333,1,3,7,20,119,1.0
211392,3,217,3.0,72.33333333333333,3,3,6,9,210,0.3333333333333333
211394,1,234,7.0,234.0,1,3,5,7,331,1.0
211395,5,328,3.2,65.6,2,3,7,16,217,0.8
211409,1,0,1.0,0.0,1,1,1,1,331,1.0
211411,3,409,4.666666666666667,136.33333333333334,2,3,8,14,45,0.3333333333333333
211425,1,160,6.0,160.0,1,2,4,6,331,1.0
211445,4,527,5.25,131.75,3,3,7,21,50,0.25
211447,1,110,4.0,110.0,1,1,3,4,330,1.0
211451,3,351,3.6666666666666665,117.0,2,3,7,11,125,0.6666666666666666
211460,2,211,3.5,105.5,2,2,6,7,28,0.0
211475,3,447,5.0,149.0,2,2,7,15,196,0.3333333333333333
211478,1,317,10.0,317.0,1,2,5,10,329,1.0
211484,5,516,3.2,103.2,1,4,8,16,58,1.0
211486,2,217,3.5,108.5,1,3,6,7,57,1.0
211501,2,200,3.5,100.0,2,2,3,7,149,0.5
211505,2,188,3.5,94.0,1,2,4,7,220,1.0
211508,11,1795,6.0,163.1818181818182,1,4,10,66,119,1.0
211518,2,109,2.5,54.5,1,2,2,5,204,1.0
211524,2,211,3.5,105.5,1,3,4,7,220,1.0
211531,5,450,2.6,90.0,1,2,5,13,30,1.0
211537,6,1010,7.0,168.33333333333334,4,2,6,42,1,0.3333333333333333
211554,4,430,3.75,107.5,1,3,6,15,115,1.0
211559,1,18,1.0,18.0,1,1,1,1,222,1.0
211562,1,162,6.0,162.0,1,2,4,6,329,1.0
211565,1,230,6.0,230.0,1,3,4,5,329,1.0
211587,4,223,2.75,55.75,1,3,6,11,34,1.0
211592,2,230,4.0,115.0,2,4,5,8,125,0.5
211595,5,318,2.4,63.6,1,4,5,12,38,1.0
211596,1,88,3.0,88.0,1,2,3,3,329,1.0
211597,5,588,4.0,117.6,1,3,8,20,116,1.0
211600,1,274,5.0,274.0,1,2,3,5,329,1.0
211605,5,545,4.6,109.0,2,4,11,23,34,0.8
211609,1,197,7.0,197.0,1,2,4,7,329,1.0
211618,3,153,2.0,51.0,1,4,5,6,29,1.0
211622,1,204,7.0,204.0,1,2,5,7,329,1.0
211624,1,296,13.0,296.0,1,2,3,13,330,1.0
211628,1,129,5.0,129.0,1,2,3,5,329,1.0
211630,1,161,6.0,161.0,1,2,3,6,330,1.0
211631,9,921,3.7777777777777777,102.33333333333333,2,4,11,34,43,0.8888888888888888
211648,2,201,3.5,100.5,1,4,5,7,133,1.0
211667,1,155,5.0,155.0,1,2,3,5,329,1.0
211681,2,217,3.5,108.5,1,3,6,7,98,1.0
211694,1,163,5.0,163.0,1,2,4,5,329,1.0
211701,1,185,6.0,185.0,1,3,5,6,329,1.0
211702,3,291,2.6666666666666665,97.0,2,3,6,8,34,0.6666666666666666
211703,1,131,5.0,131.0,1,2,4,5,329,1.0
211705,1,141,7.0,141.0,1,2,3,7,329,1.0
211714,1,495,17.0,495.0,1,3,6,17,329,1.0
211717,8,844,4.125,105.5,5,4,10,33,65,0.125
211720,1,112,5.0,112.0,1,2,3,5,330,1.0
211722,2,321,6.0,160.5,1,2,5,12,301,1.0
211727,2,323,6.5,161.5,1,4,7,13,140,1.0
211737,3,262,3.0,87.33333333333333,2,2,4,9,231,0.6666666666666666
211748,4,366,4.0,91.5,2,3,7,16,63,0.25
211756,6,566,4.166666666666667,94.33333333333333,2,4,9,25,30,0.8333333333333334
211763,1,175,7.0,175.0,1,2,5,7,329,1.0
211774,1,149,5.0,149.0,1,2,3,5,329,1.0
211785,1,140,5.0,140.0,1,2,4,5,330,1.0
211789,1,210,7.0,210.0,1,2,3,7,330,1.0
211792,1,152,5.0,152.0,1,2,4,5,329,1.0
211796,3,523,8.0,174.33333333333334,1,3,9,24,135,1.0
211799,1,124,4.0,124.0,1,2,4,4,330,1.0
211803,1,131,5.0,131.0,1,2,3,5,330,1.0
211805,1,244,7.0,244.0,1,2,3,7,329,1.0
211807,1,128,6.0,128.0,1,2,3,6,329,1.0
211809,1,150,5.0,150.0,1,2,4,5,329,1.0
211825,1,135,5.0,135.0,1,2,4,5,327,1.0
211828,6,339,1.8333333333333333,56.5,2,3,5,11,52,0.6666666666666666
211832,1,30,2.0,30.0,1,2,2,2,327,1.0
211834,5,760,5.2,152.0,2,3,11,26,21,0.8
211835,5,369,2.2,73.8,1,2,4,11,10,1.0
211838,1,56,3.0,56.0,1,2,3,3,328,1.0
211840,1,306,7.0,306.0,1,2,4,7,327,1.0
211848,1,141,3.0,141.0,1,1,2,3,327,1.0
211852,2,497,7.5,248.5,2,2,7,15,76,0.5
211853,1,148,5.0,148.0,1,3,5,5,327,1.0
211855,2,265,2.5,132.5,2,1,3,5,259,0.5
211859,1,122,5.0,122.0,1,2,3,5,327,1.0
211863,2,235,4.5,117.5,1,2,5,9,132,1.0
211866,3,392,4.0,130.66666666666666,2,3,6,12,245,0.3333333333333333
211872,2,272,4.0,136.0,1,3,7,8,118,1.0
211875,3,390,4.333333333333333,130.0,3,2,6,13,130,0.3333333333333333
211877,1,165,5.0,165.0,1,2,3,5,327,1.0
211882,1,128,5.0,128.0,1,2,4,5,327,1.0
211892,2,320,4.5,160.0,1,2,3,9,326,1.0
211893,3,1329,10.666666666666666,443.0,1,4,9,32,79,1.0
211899,3,264,3.3333333333333335,88.0,2,3,5,10,64,0.3333333333333333
211901,3,355,3.6666666666666665,118.33333333333333,1,3,7,11,212,1.0
211903,1,112,5.0,112.0,1,2,4,5,326,1.0
211912,2,250,4.5,125.0,1,2,5,9,206,1.0
211913,1,126,5.0,126.0,1,2,4,5,326,1.0
211931,10,410,2.6,41.0,1,3,8,26,7,1.0
211943,4,268,2.5,67.0,1,3,4,10,299,1.0
211945,3,529,7.333333333333333,176.33333333333334,2,3,7,22,62,0.3333333333333333
211958,2,340,5.5,170.0,1,4,6,11,164,1.0
211960,5,748,4.2,149.6,1,3,8,21,142,1.0
211971,2,204,4.0,102.0,1,2,4,8,266,1.0
211976,1,91,2.0,91.0,1,1,2,2,325,1.0
211978,1,109,6.0,109.0,1,2,3,6,325,1.0
211996,1,157,5.0,157.0,1,2,4,5,325,1.0
211999,1,178,5.0,178.0,1,2,5,5,325,1.0
212010,4,450,3.5,112.5,4,3,7,14,174,0.25
212012,2,246,4.0,123.0,1,2,4,8,323,1.0
212017,3,209,2.6666666666666665,69.66666666666667,1,3,5,8,86,1.0
212019,2,211,4.0,105.5,2,2,2,8,139,0.5
212021,1,114,5.0,114.0,1,2,3,5,325,1.0
212030,7,694,4.142857142857143,99.14285714285714,5,3,8,29,60,0.14285714285714285
212031,2,270,5.0,135.0,1,2,7,10,260,1.0
212037,1,152,4.0,152.0,1,1,3,4,325,1.0
212045,3,302,3.6666666666666665,100.66666666666667,1,3,5,11,38,1.0
212049,1,144,5.0,144.0,1,3,3,5,325,1.0
212056,6,608,2.6666666666666665,101.33333333333333,1,3,7,16,51,1.0
212058,7,1265,5.142857142857143,180.71428571428572,1,3,11,36,13,1.0
212067,4,474,3.75,118.5,2,3,8,15,91,0.25
212070,1,211,6.0,211.0,1,3,4,6,324,1.0
212078,2,170,3.5,85.0,1,2,5,7,170,1.0
212096,2,104,2.0,52.0,1,2,3,4,324,1.0
212107,4,253,4.0,63.25,1,4,7,16,71,1.0
212109,1,122,5.0,122.0,1,3,4,5,324,1.0
212118,4,331,2.75,82.75,2,2,5,11,85,0.75
212128,3,299,2.6666666666666665,99.66666666666667,1,4,6,8,90,1.0
212130,2,247,4.5,123.5,1,3,5,9,323,1.0
212138,3,224,2.6666666666666665,74.66666666666667,2,3,6,8,155,0.3333333333333333
212139,1,238,7.0,238.0,1,3,5,7,325,1.0
212147,1,101,5.0,101.0,1,2,4,5,322,1.0
212149,1,110,5.0,110.0,1,2,4,5,322,1.0
212162,1,150,6.0,150.0,1,2,3,5,322,1.0
212163,1,158,6.0,158.0,1,3,4,5,323,1.0
212166,1,137,5.0,137.0,1,2,3,5,322,1.0
212180,1,184,7.0,184.0,1,2,4,7,322,1.0
212182,3,324,3.3333333333333335,108.0,1,3,5,10,99,1.0
212185,5,519,3.2,103.8,1,4,8,16,99,1.0
212192,1,131,5.0,131.0,1,2,3,5,323,1.0
212199,1,152,5.0,152.0,1,2,3,5,322,1.0
212213,2,259,3.5,129.5,2,3,5,7,150,0.5
212216,9,528,2.5555555555555554,58.666666666666664,2,4,7,23,7,0.8888888888888888
212224,1,182,6.0,182.0,1,2,3,6,322,1.0
212243,1,320,9.0,320.0,1,1,5,9,322,1.0
212267,3,426,5.0,142.0,1,3,8,15,153,1.0
212277,1,135,5.0,135.0,1,2,4,5,323,1.0
212281,1,156,6.0,156.0,1,3,4,6,322,1.0
212284,1,150,6.0,150.0,1,3,4,6,322,1.0
212285,5,382,3.0,76.4,2,4,6,15,21,0.8
212297,2,197,3.5,98.5,1,3,5,7,294,1.0
212302,1,64,3.0,64.0,1,2,3,3,323,1.0
212306,3,273,3.3333333333333335,91.0,2,3,6,10,18,0.6666666666666666
212328,1,276,7.0,276.0,1,1,7,7,322,1.0
212333,1,132,4.0,132.0,1,1,4,4,323,1.0
212334,2,431,8.0,215.5,2,3,7,16,181,0.5
212341,2,220,3.0,110.0,1,2,4,6,322,1.0
212353,5,380,2.4,76.0,3,2,7,12,30,0.4
212357,1,139,5.0,139.0,1,2,4,5,322,1.0
212365,1,135,5.0,135.0,1,2,4,5,322,1.0
212370,1,148,5.0,148.0,1,2,4,5,323,1.0
212384,1,128,5.0,128.0,1,2,5,5,322,1.0
212390,1,218,8.0,218.0,1,2,6,8,323,1.0
212398,4,460,3.5,115.0,1,3,7,14,233,1.0
212413,3,272,3.6666666666666665,90.66666666666667,1,2,4,11,233,1.0
212419,2,211,3.5,105.5,2,2,5,7,207,0.5
212424,1,110,5.0,110.0,1,2,4,5,323,1.0
212438,1,150,5.0,150.0,1,2,3,5,322,1.0
212451,2,233,4.0,116.5,1,2,4,8,74,1.0
212460,1,75,7.0,75.0,1,3,4,7,320,1.0
212468,4,284,2.75,71.0,2,2,4,11,287,0.75
212475,2,146,3.0,73.0,1,2,3,6,234,1.0
212478,1,105,3.0,105.0,1,2,3,3,320,1.0
212480,6,810,4.333333333333333,135.0,4,3,7,26,11,0.3333333333333333
212482,1,173,5.0,173.0,1,1,2,5,320,1.0
212483,5,348,2.0,69.6,1,4,7,10,39,1.0
212485,3,390,4.666666666666667,130.0,1,3,9,14,62,1.0
212490,2,256,4.0,128.0,1,2,3,8,256,1.0
212504,2,633,9.0,316.5,2,4,11,18,281,0.5
212514,5,464,3.0,92.8,1,2,6,15,78,1.0
212523,7,638,3.5714285714285716,91.14285714285714,2,3,9,25,72,0.8571428571428571
212527,1,148,5.0,148.0,1,2,4,5,319,1.0
212557,4,264,2.75,66.0,1,4,6,11,99,1.0
212569,3,377,4.666666666666667,125.66666666666667,2,4,9,14,90,0.3333333333333333
212570,4,950,7.0,237.5,1,3,11,28,15,1.0
212573,2,176,3.5,88.0,2,3,4,7,48,0.5
212576,2,269,5.0,134.5,2,3,5,10,85,0.5
212600,1,121,5.0,121.0,1,2,4,5,318,1.0
212604,1,168,6.0,168.0,1,2,5,6,318,1.0
212618,3,263,3.6666666666666665,87.66666666666667,1,2,6,11,64,1.0
212628,2,242,4.5,121.0,1,2,4,9,132,1.0
212630,1,275,10.0,275.0,1,3,7,10,318,1.0
212631,2,192,3.5,96.0,1,3,6,7,253,1.0
212633,1,124,5.0,124.0,1,2,4,5,318,1.0
212640,2,225,3.0,112.5,1,3,5,6,315,1.0
212643,1,149,4.0,149.0,1,2,3,4,318,1.0
212655,4,398,4.75,99.5,2,4,7,19,10,0.75
212667,6,632,3.5,105.33333333333333,2,3,8,21,27,0.6666666666666666
212668,1,179,7.0,179.0,1,3,4,7,318,1.0
212676,3,602,8.0,200.66666666666666,1,3,5,24,154,1.0
212685,9,828,3.2222222222222223,92.0,1,4,8,29,36,1.0
212690,1,223,8.0,223.0,1,2,3,8,317,1.0
212697,3,268,3.0,89.33333333333333,1,3,6,9,261,1.0
212698,1,420,12.0,420.0,1,3,8,12,317,1.0
212703,4,360,3.75,90.0,1,3,5,15,1,1.0
212712,2,323,5.5,161.5,1,3,7,11,255,1.0
212713,1,180,7.0,180.0,1,2,5,7,317,1.0
212724,8,1001,5.0,125.125,2,2,9,40,38,0.25
212737,4,709,6.5,177.25,2,3,7,26,63,0.75
212741,6,716,3.5,119.33333333333333,1,3,9,21,60,1.0
212749,2,255,4.0,127.5,1,2,4,8,217,1.0
212752,9,986,3.7777777777777777,109.55555555555556,4,2,6,34,8,0.2222222222222222
212761,2,251,4.5,125.5,2,2,6,9,253,0.5
212762,3,340,3.3333333333333335,113.33333333333333,1,4,6,10,63,1.0
212773,1,261,7.0,261.0,1,3,6,7,316,1.0
212777,5,467,3.0,93.4,1,4,7,15,11,1.0
212780,3,648,8.666666666666666,216.0,2,4,11,26,93,0.6666666666666666
212786,1,194,5.0,194.0,1,3,5,5,316,1.0
212793,1,345,9.0,345.0,1,3,6,9,315,1.0
212816,6,624,3.8333333333333335,104.0,2,3,7,23,62,0.8333333333333334
212818,1,152,7.0,152.0,1,2,5,7,316,1.0
212831,1,270,10.0,270.0,1,3,4,10,316,1.0
212834,3,531,4.666666666666667,177.0,1,3,8,14,133,1.0
212835,1,257,9.0,257.0,1,3,6,9,315,1.0
212838,1,166,5.0,166.0,1,3,4,5,315,1.0
212845,1,90,3.0,90.0,1,2,3,3,315,1.0
212846,3,456,6.0,152.0,2,3,8,18,57,0.6666666666666666
212849,2,290,4.5,145.0,2,2,4,9,174,0.5
212850,1,140,6.0,140.0,1,2,3,6,316,1.0
212851,4,505,3.75,126.25,3,3,9,15,10,0.5
212858,6,638,4.166666666666667,106.33333333333333,1,3,9,25,217,1.0
212861,1,251,7.0,251.0,1,2,5,7,316,1.0
212865,3,443,6.0,147.66666666666666,3,2,6,18,114,0.3333333333333333
212871,2,420,5.5,210.0,1,3,8,11,224,1.0
212873,5,698,4.0,139.6,3,4,11,20,15,0.4
212879,3,184,2.0,61.333333333333336,1,2,3,6,191,1.0
212881,7,743,3.4285714285714284,106.14285714285714,3,4,11,24,45,0.14285714285714285
212883,7,986,4.857142857142857,140.85714285714286,1,3,9,34,1,1.0
212884,4,526,4.5,131.5,1,3,9,18,83,1.0
212889,3,288,3.6666666666666665,96.0,1,3,4,11,133,1.0
212890,1,174,6.0,174.0,1,3,6,6,315,1.0
212891,2,328,5.0,164.0,1,2,7,10,150,1.0
212897,1,104,6.0,104.0,1,2,5,6,315,1.0
212900,1,133,5.0,133.0,1,2,3,5,315,1.0
212904,3,489,4.666666666666667,163.0,1,3,11,14,7,1.0
212925,1,224,7.0,224.0,1,2,3,7,315,1.0
212932,2,334,5.5,167.0,1,3,7,11,198,1.0
212933,1,194,6.0,194.0,1,2,5,6,316,1.0
212958,2,493,6.5,246.5,1,3,6,13,315,1.0
212963,2,281,5.5,140.5,2,2,5,11,303,0.5
212970,1,219,7.0,219.0,1,2,4,7,315,1.0
212973,1,160,6.0,160.0,1,3,6,6,315,1.0
212997,2,164,2.5,82.0,2,3,4,5,234,0.5
212999,1,138,5.0,138.0,1,2,5,5,316,1.0
213001,5,463,3.6,92.6,2,3,10,18,55,0.8
213002,6,341,2.0,56.833333333333336,2,3,8,12,175,0.8333333333333334
213014,1,160,5.0,160.0,1,2,3,5,315,1.0
213015,3,434,3.6666666666666665,144.66666666666666,1,4,6,11,212,1.0
213037,2,197,3.5,98.5,1,3,7,7,52,1.0
213045,1,199,7.0,199.0,1,2,4,7,315,1.0
213066,1,365,12.0,365.0,1,3,5,12,313,1.0
213073,1,125,6.0,125.0,1,2,3,6,313,1.0
213076,1,143,4.0,143.0,1,3,3,4,313,1.0
213082,5,342,2.4,68.4,1,4,7,12,65,1.0
213089,5,308,2.0,61.6,1,2,6,10,41,1.0
213096,1,150,5.0,150.0,1,2,3,5,313,1.0
213102,1,160,5.0,160.0,1,2,5,5,313,1.0
213104,2,205,3.5,102.5,1,2,3,7,229,1.0
213109,2,265,5.0,132.5,2,2,4,10,147,0.5
213112,3,327,5.0,109.0,3,3,7,15,27,0.3333333333333333
213113,6,684,4.5,114.0,3,4,10,27,99,0.5
213116,2,292,4.5,146.0,1,3,5,9,167,1.0
213127,1,162,8.0,162.0,1,2,5,8,312,1.0
213141,1,130,5.0,130.0,1,2,4,5,312,1.0
213144,1,197,6.0,197.0,1,3,4,6,312,1.0
213148,3,337,3.3333333333333335,112.33333333333333,3,1,4,10,69,0.3333333333333333
213152,2,293,4.5,146.5,1,2,5,9,256,1.0
213161,8,883,3.25,110.375,2,4,12,26,43,0.75
213191,4,386,3.5,96.5,3,3,8,14,167,0.5
213193,1,204,5.0,204.0,1,1,3,5,329,1.0
213205,1,152,4.0,152.0,1,1,3,4,334,1.0
213213,2,223,3.5,111.5,1,1,3,7,186,1.0
213234,2,253,5.0,126.5,1,2,7,10,139,1.0
213253,7,1114,4.857142857142857,159.14285714285714,1,4,12,34,101,1.0
213260,6,426,3.8333333333333335,71.0,1,4,7,23,97,1.0
213276,6,270,2.1666666666666665,45.0,1,2,5,13,65,1.0
213286,2,337,5.5,168.5,1,3,6,11,283,1.0
213298,3,376,3.3333333333333335,125.33333333333333,1,2,6,10,53,1.0
213313,2,215,4.0,107.5,2,2,5,8,234,0.5
213322,4,510,4.25,127.5,2,3,9,17,25,0.75
213328,2,278,4.0,139.0,1,3,6,8,155,1.0
213329,2,314,5.0,157.0,2,3,7,10,193,0.5
213354,1,209,6.0,209.0,1,3,5,6,310,1.0
213364,1,146,5.0,146.0,1,2,3,5,310,1.0
213366,1,149,4.0,149.0,1,1,2,4,310,1.0
213367,4,452,3.75,113.0,1,3,9,15,233,1.0
213376,3,479,6.0,159.66666666666666,1,2,6,18,65,1.0
213390,1,105,5.0,105.0,1,2,4,5,310,1.0
213392,4,464,5.25,116.0,1,3,8,21,200,1.0
213396,4,407,2.5,101.75,1,3,5,10,93,1.0
213397,5,1208,7.4,241.6,1,4,12,37,83,1.0
213414,3,223,2.6666666666666665,74.33333333333333,2,2,4,8,20,0.6666666666666666
213416,1,101,5.0,101.0,1,2,4,5,309,1.0
213420,1,177,6.0,177.0,1,1,3,6,309,1.0
213431,3,172,2.3333333333333335,57.333333333333336,1,3,5,7,162,1.0
213433,1,116,5.0,116.0,1,2,3,5,309,1.0
213448,7,1222,5.428571428571429,174.57142857142858,1,4,11,38,69,1.0
213468,6,639,4.166666666666667,106.5,6,3,7,25,97,0.16666666666666666
213469,2,192,5.0,96.0,2,2,3,10,224,0.5
213477,4,388,3.25,97.0,1,4,9,13,43,1.0
213485,1,203,6.0,203.0,1,1,2,6,308,1.0
213491,3,748,8.0,249.33333333333334,1,3,9,24,181,1.0
213492,2,192,3.5,96.0,2,3,5,7,288,0.5
213519,1,131,5.0,131.0,1,2,4,5,308,1.0
213528,1,178,6.0,178.0,1,2,3,6,308,1.0
213532,2,474,6.5,237.0,1,3,9,13,176,1.0
213533,1,196,9.0,196.0,1,2,3,9,308,1.0
213544,1,184,6.0,184.0,1,2,3,6,308,1.0
213547,4,432,3.5,108.0,1,3,8,14,90,1.0
213556,1,297,10.0,297.0,1,3,5,10,308,1.0
213557,1,143,5.0,143.0,1,2,5,5,309,1.0
213558,3,495,5.333333333333333,165.0,2,4,9,16,149,0.6666666666666666
213564,1,168,5.0,168.0,1,2,4,5,308,1.0
213577,2,216,4.5,108.0,1,3,5,9,168,1.0
213584,5,754,4.8,150.8,1,4,8,24,69,1.0
213604,4,1066,8.5,266.5,1,3,9,34,44,1.0
213630,3,390,4.666666666666667,130.0,3,3,7,14,14,0.3333333333333333
213640,1,135,5.0,135.0,1,1,4,5,309,1.0
213646,1,138,5.0,138.0,1,2,3,5,309,1.0
213648,6,746,3.1666666666666665,124.33333333333333,2,4,10,19,50,0.3333333333333333
213652,1,198,7.0,198.0,1,2,3,7,308,1.0
213660,2,170,3.5,85.0,2,2,3,7,167,0.5
213662,1,86,4.0,86.0,1,2,3,4,308,1.0
213672,1,115,4.0,115.0,1,1,3,4,309,1.0
213679,3,221,2.3333333333333335,73.66666666666667,1,3,3,7,147,1.0
213683,2,306,5.5,153.0,1,3,5,11,232,1.0
213702,1,110,4.0,110.0,1,2,3,4,308,1.0
213703,2,248,4.5,124.0,1,2,6,9,139,1.0
213712,2,432,5.5,216.0,1,3,7,11,291,1.0
213727,2,157,3.5,78.5,1,2,5,7,112,1.0
213733,5,433,2.6,86.6,2,3,8,13,63,0.2
213743,3,376,4.666666666666667,125.33333333333333,2,4,8,14,35,0.6666666666666666
213745,1,138,5.0,138.0,1,2,5,5,306,1.0
213777,2,210,4.0,105.0,2,2,5,8,213,0.5
213783,1,212,7.0,212.0,1,2,4,7,306,1.0
213789,2,220,5.0,110.0,1,2,5,10,139,1.0
213807,8,854,3.875,106.75,4,3,6,31,15,0.125
213808,2,234,3.5,117.0,2,3,4,7,246,0.5
213809,2,545,10.0,272.5,2,3,10,20,38,0.5
213813,3,427,5.0,142.33333333333334,2,3,6,15,1,0.6666666666666666
213815,2,253,4.0,126.5,2,2,4,8,287,0.5
213817,2,223,4.0,111.5,1,2,3,8,41,1.0
213833,1,344,8.0,344.0,1,2,5,8,305,1.0
213836,2,163,3.5,81.5,1,2,5,6,305,1.0
213849,1,100,5.0,100.0,1,2,3,5,305,1.0
213855,1,108,5.0,108.0,1,2,3,5,305,1.0
213866,1,195,6.0,195.0,1,3,4,6,305,1.0
213874,1,169,6.0,169.0,1,2,5,6,305,1.0
213878,5,388,2.4,77.6,2,3,8,12,59,0.6
213884,2,166,4.0,83.0,1,2,5,8,295,1.0
213886,4,379,3.5,94.75,1,3,7,14,212,1.0
213896,1,218,7.0,218.0,1,2,5,7,304,1.0
213910,1,127,5.0,127.0,1,2,4,5,304,1.0
213911,1,175,5.0,175.0,1,2,4,5,304,1.0
213916,1,77,3.0,77.0,1,2,3,3,304,1.0
213922,1,146,5.0,146.0,1,2,3,5,303,1.0
213934,1,152,5.0,152.0,1,2,3,5,303,1.0
213935,1,155,5.0,155.0,1,2,4,5,303,1.0
213940,1,141,5.0,141.0,1,2,4,5,303,1.0
213944,1,187,6.0,187.0,1,2,3,6,303,1.0
213954,1,148,5.0,148.0,1,2,4,5,303,1.0
213955,1,95,5.0,95.0,1,3,4,5,303,1.0
213956,5,618,4.6,123.6,3,3,7,23,163,0.2
213969,2,95,3.0,47.5,1,2,3,6,133,1.0
213971,1,157,5.0,157.0,1,2,4,5,303,1.0
213977,1,112,5.0,112.0,1,2,4,5,303,1.0
213979,2,310,5.5,155.0,1,2,5,11,63,1.0
213980,3,403,4.0,134.33333333333334,1,3,6,12,52,1.0
213981,1,120,5.0,120.0,1,2,4,5,303,1.0
213987,1,114,5.0,114.0,1,2,3,5,303,1.0
213999,4,403,2.75,100.75,1,3,5,11,267,1.0
214008,1,115,5.0,115.0,1,2,4,5,303,1.0
214019,8,506,3.0,63.25,2,4,10,24,50,0.875
214028,2,258,5.5,129.0,1,4,6,11,154,1.0
214037,1,169,5.0,169.0,1,2,4,5,302,1.0
214043,1,210,7.0,210.0,1,2,3,7,302,1.0
214044,2,361,7.0,180.5,1,2,5,14,301,1.0
214045,3,378,3.6666666666666665,126.0,3,3,7,11,125,0.3333333333333333
214052,4,360,3.0,90.0,3,3,6,12,132,0.5
214053,1,134,5.0,134.0,1,2,4,5,301,1.0
214057,1,316,11.0,316.0,1,2,7,11,302,1.0
214066,3,570,7.666666666666667,190.0,1,2,6,23,301,1.0
214070,2,72,1.5,36.0,1,2,3,3,218,1.0
214092,2,401,7.0,200.5,1,3,6,14,196,1.0
214094,1,309,10.0,309.0,1,2,4,10,302,1.0
214095,1,226,8.0,226.0,1,2,4,8,301,1.0
214104,1,162,5.0,162.0,1,2,4,5,302,1.0
214117,2,451,7.0,225.5,2,4,9,14,260,0.5
214118,7,496,2.7142857142857144,70.85714285714286,1,3,6,19,8,1.0
214119,6,378,2.1666666666666665,63.0,2,2,5,13,58,0.8333333333333334
214136,6,600,3.1666666666666665,100.0,2,4,8,19,51,0.8333333333333334
214137,5,518,3.8,103.6,1,3,9,19,86,1.0
214146,2,131,2.0,65.5,2,1,2,4,50,0.5
214150,3,232,3.6666666666666665,77.33333333333333,2,2,7,11,217,0.6666666666666666
214161,1,204,6.0,204.0,1,2,4,6,302,1.0
214166,1,162,5.0,162.0,1,2,3,5,301,1.0
214168,1,133,6.0,133.0,1,3,5,6,301,1.0
214181,4,325,2.5,81.25,2,3,7,10,246,0.25
214182,3,283,2.6666666666666665,94.33333333333333,1,1,3,8,288,1.0
214185,2,444,6.0,222.0,2,1,4,12,1,0.5
214190,11,1198,3.909090909090909,108.9090909090909,1,4,14,43,59,1.0
214192,1,72,2.0,72.0,1,1,2,2,301,1.0
214201,1,249,8.0,249.0,1,3,7,8,301,1.0
214209,1,224,6.0,224.0,1,2,5,6,301,1.0
214227,2,101,2.0,50.5,2,3,4,4,113,0.5
214235,1,164,7.0,164.0,1,2,4,7,301,1.0
214237,1,185,6.0,185.0,1,1,3,6,302,1.0
214265,1,161,5.0,161.0,1,2,5,5,301,1.0
214269,2,285,4.0,142.5,2,2,3,8,256,0.5
214280,3,146,3.3333333333333335,48.666666666666664,2,2,4,10,65,0.3333333333333333
214291,7,492,2.4285714285714284,70.28571428571429,3,4,8,17,63,0.14285714285714285
214299,3,321,3.3333333333333335,107.0,2,2,5,10,97,0.6666666666666666
214301,2,366,6.0,183.0,2,2,5,12,108,0.5
214313,5,402,2.6,80.4,2,1,6,13,60,0.8
214327,4,463,3.75,115.75,1,2,7,15,140,1.0
214339,1,119,5.0,119.0,1,2,5,5,299,1.0
214345,2,448,7.0,224.0,2,2,4,14,10,0.5
214355,1,199,7.0,199.0,1,2,3,7,299,1.0
214361,6,722,4.333333333333333,120.33333333333333,1,4,13,26,87,1.0
214362,1,166,5.0,166.0,1,3,5,5,299,1.0
214365,6,795,4.333333333333333,132.5,1,3,8,26,181,1.0
214372,1,142,5.0,142.0,1,2,5,5,298,1.0
214379,1,198,7.0,198.0,1,2,5,7,299,1.0
214380,5,596,4.4,119.2,2,2,5,22,193,0.8
214387,4,502,5.25,125.5,1,3,7,21,206,0.0
214394,1,0,3.0,0.0,1,2,3,3,169,0.0
214400,1,118,5.0,118.0,1,2,2,5,298,1.0
214408,1,288,10.0,288.0,1,2,4,10,298,1.0
214412,4,551,3.75,137.75,2,3,6,15,104,0.75
214418,4,448,3.0,112.0,2,4,6,12,171,0.75
214422,3,409,4.333333333333333,136.33333333333334,2,2,5,13,175,0.6666666666666666
214423,2,384,5.0,192.0,2,3,6,10,280,0.5
214429,1,264,9.0,264.0,1,2,5,9,298,1.0
214436,2,301,5.0,150.5,1,2,7,10,181,1.0
214438,2,216,3.5,108.0,2,4,5,7,126,0.5
214442,1,132,5.0,132.0,1,2,3,5,298,1.0
214450,2,210,4.0,105.0,2,2,4,8,230,0.5
214452,3,441,5.333333333333333,147.0,1,3,5,16,65,1.0
214461,1,119,4.0,119.0,1,1,4,4,15,0.0
214474,1,151,5.0,151.0,1,2,4,5,297,1.0
214479,1,143,5.0,143.0,1,2,2,5,297,1.0
214480,4,460,4.0,115.0,2,3,10,16,72,0.75
214497,1,148,5.0,148.0,1,2,3,5,297,1.0
214508,1,105,5.0,105.0,1,2,4,5,297,1.0
214515,1,111,4.0,111.0,1,2,4,4,297,1.0
214517,1,272,9.0,272.0,1,3,7,9,297,1.0
214532,4,506,3.25,126.5,1,4,5,13,66,1.0
214541,1,163,4.0,163.0,1,3,4,4,296,1.0
214556,1,128,5.0,128.0,1,3,4,5,296,1.0
214558,2,116,2.0,58.0,1,2,3,4,296,1.0
214582,1,115,6.0,115.0,1,2,4,6,294,1.0
214589,1,140,5.0,140.0,1,2,4,5,294,1.0
214590,1,244,8.0,244.0,1,2,5,8,294,1.0
214600,2,249,6.0,124.5,1,3,7,12,60,1.0
214612,1,93,5.0,93.0,1,3,5,5,294,1.0
214619,2,176,3.5,88.0,1,2,4,7,231,1.0
214623,1,66,2.0,66.0,1,1,2,2,14,1.0
214630,1,187,7.0,187.0,1,2,4,7,298,1.0
214636,1,43,3.0,43.0,1,2,2,3,296,1.0
214642,1,106,5.0,106.0,1,2,3,5,296,1.0
214660,1,197,6.0,197.0,1,3,6,6,295,1.0
214677,2,138,2.0,69.0,1,2,4,4,291,1.0
214680,1,233,7.0,233.0,1,3,5,7,294,1.0
214685,2,194,3.5,97.0,2,3,6,7,121,0.5
214691,4,552,5.0,138.0,2,2,7,20,130,0.75
214700,3,395,4.333333333333333,131.66666666666666,2,3,6,13,133,0.6666666666666666
214709,1,143,4.0,143.0,1,3,3,4,294,1.0
214710,2,238,4.5,119.0,2,3,5,9,55,0.5
214719,3,286,2.6666666666666665,95.33333333333333,1,3,6,8,203,1.0
214721,5,384,3.6,76.8,1,3,6,18,8,1.0
214723,1,111,4.0,111.0,1,2,4,4,295,1.0
214730,6,1220,6.666666666666667,203.33333333333334,1,4,10,40,56,1.0
214738,2,206,5.0,103.0,1,3,5,10,194,1.0
214739,3,347,3.6666666666666665,115.66666666666667,2,2,5,11,146,0.6666666666666666
214750,4,361,3.75,90.25,1,3,6,15,98,1.0
214755,1,142,5.0,142.0,1,2,4,5,294,1.0
214776,4,357,3.0,89.25,2,4,7,12,55,0.75
214777,2,220,4.0,110.0,1,3,5,8,283,1.0
214782,7,805,3.857142857142857,115.0,2,4,11,27,22,0.8571428571428571
214783,1,243,7.0,243.0,1,2,4,7,295,1.0
214790,2,184,3.5,92.0,2,2,3,7,285,0.5
214793,1,74,2.0,74.0,1,1,2,2,295,1.0
214794,1,127,5.0,127.0,1,2,4,5,295,1.0
214797,1,143,5.0,143.0,1,2,4,5,295,1.0
214809,3,542,5.666666666666667,180.66666666666666,1,4,9,17,175,1.0
214810,2,434,10.5,217.0,1,3,7,21,65,1.0
214826,3,421,5.333333333333333,140.33333333333334,1,4,8,16,111,1.0
214834,1,165,5.0,165.0,1,2,5,5,295,1.0
214835,1,112,5.0,112.0,1,2,3,5,294,1.0
214836,3,317,3.6666666666666665,105.66666666666667,1,3,6,11,273,1.0
214839,1,131,5.0,131.0,1,2,5,5,295,1.0
214855,3,191,2.3333333333333335,63.666666666666664,1,1,4,7,65,1.0
214857,3,370,3.3333333333333335,123.33333333333333,1,3,8,10,91,1.0
214878,2,332,7.0,166.0,2,2,3,14,264,0.5
214888,5,498,4.0,99.6,3,3,6,20,6,0.6
214894,1,157,5.0,157.0,1,2,5,5,292,1.0
214895,2,126,3.0,63.0,1,2,3,6,167,1.0
214903,1,237,8.0,237.0,1,2,4,8,292,1.0
214909,5,428,2.8,85.6,2,3,7,14,4,0.8
214917,4,679,6.5,169.75,1,4,10,26,83,1.0
214921,1,142,5.0,142.0,1,2,4,5,291,1.0
214931,6,418,3.0,69.66666666666667,2,4,7,18,86,0.16666666666666666
214951,1,155,5.0,155.0,1,2,3,5,291,1.0
214961,4,293,2.25,73.25,2,2,5,9,6,0.75
214969,7,894,4.428571428571429,127.71428571428571,1,4,10,31,52,1.0
214973,1,186,5.0,186.0,1,3,5,5,291,1.0
214977,7,734,3.2857142857142856,104.85714285714286,4,4,10,23,61,0.2857142857142857
214979,1,328,14.0,328.0,1,2,7,14,290,1.0
214982,1,144,5.0,144.0,1,2,5,5,290,1.0
214987,3,518,5.666666666666667,172.66666666666666,1,3,7,17,205,1.0
214988,1,156,5.0,156.0,1,3,3,5,290,1.0
214994,1,202,8.0,202.0,1,2,3,8,290,1.0
214995,2,213,3.5,106.5,2,2,3,7,289,0.5
215008,3,517,6.333333333333333,172.33333333333334,2,3,8,19,189,0.3333333333333333
215011,1,136,5.0,136.0,1,2,3,5,290,1.0
215019,4,413,4.25,103.25,3,3,5,17,41,0.25
215021,1,143,4.0,143.0,1,2,4,4,290,1.0
215032,2,179,3.5,89.5,1,2,4,7,87,1.0
215040,2,274,4.0,137.0,2,3,5,8,1,0.5
215042,2,347,5.0,173.5,2,2,5,10,231,0.5
215045,1,131,5.0,131.0,1,2,4,5,290,1.0
215050,4,327,3.25,81.75,1,3,7,13,65,1.0
215060,4,434,3.25,108.5,1,3,5,13,56,1.0
215063,2,373,5.5,186.5,1,3,9,11,62,1.0
215064,6,456,3.6666666666666665,76.0,2,3,6,22,204,0.3333333333333333
215073,1,233,8.0,233.0,1,3,4,8,289,1.0
215074,5,406,4.2,81.2,1,4,8,21,18,1.0
215078,2,428,7.0,214.0,1,2,5,14,13,1.0
215086,3,215,3.0,71.66666666666667,1,3,6,9,64,1.0
215092,2,275,3.5,137.5,1,3,5,7,289,1.0
215112,1,134,5.0,134.0,1,2,3,5,289,1.0
215114,5,379,1.4,75.8,1,3,5,7,14,1.0
215120,1,136,5.0,136.0,1,2,3,5,289,1.0
215123,3,320,4.0,106.66666666666667,2,2,5,12,79,0.6666666666666666
215132,1,102,5.0,102.0,1,2,3,5,289,1.0
215137,2,211,3.5,105.5,1,2,5,7,162,1.0
215150,3,306,4.0,102.0,2,3,5,12,174,0.3333333333333333
215157,1,136,5.0,136.0,1,2,3,5,287,1.0
215158,1,207,7.0,207.0,1,2,5,7,288,1.0
215163,2,204,4.0,102.0,2,2,4,8,65,0.5
215171,1,174,6.0,174.0,1,2,4,6,287,1.0
215178,1,243,8.0,243.0,1,3,5,8,287,1.0
215182,2,406,6.5,203.0,1,2,5,13,114,1.0
215184,4,500,3.25,125.0,1,3,7,13,10,1.0
215186,1,271,9.0,271.0,1,2,6,9,287,1.0
215194,3,249,3.0,83.0,2,3,6,9,97,0.6666666666666666
215195,1,157,5.0,157.0,1,2,3,5,287,1.0
215198,1,196,8.0,196.0,1,3,5,8,288,1.0
215204,5,305,2.4,61.0,1,2,6,12,77,1.0
215212,1,165,5.0,165.0,1,2,3,5,288,1.0
215222,1,108,5.0,108.0,1,2,2,5,287,1.0
215223,1,139,5.0,139.0,1,2,4,5,288,1.0
215224,1,384,14.0,384.0,1,2,6,14,287,1.0
215226,3,307,3.6666666666666665,102.33333333333333,3,3,7,11,98,0.3333333333333333
215229,1,113,5.0,113.0,1,2,4,5,287,1.0
215238,1,191,6.0,191.0,1,2,5,6,287,1.0
215241,1,131,5.0,131.0,1,2,3,5,288,1.0
215242,5,398,2.6,79.6,1,3,7,13,30,1.0
215247,2,282,4.5,141.0,2,3,7,9,56,0.5
215259,4,710,6.5,177.5,1,2,5,26,139,1.0
215262,2,339,6.0,169.5,1,2,5,12,283,1.0
215270,11,1656,5.909090909090909,150.54545454545453,3,4,12,65,6,0.6363636363636364
215276,1,197,7.0,197.0,1,2,5,7,287,1.0
215285,10,835,2.9,83.5,1,3,10,29,42,1.0
215297,4,601,4.25,150.25,1,4,7,17,95,1.0
215300,3,808,9.333333333333334,269.3333333333333,1,2,5,28,51,1.0
215302,1,146,5.0,146.0,1,2,3,5,287,1.0
215303,2,232,4.0,116.0,2,2,5,8,76,0.5
215314,2,152,2.5,76.0,1,2,4,5,280,1.0
215327,1,180,5.0,180.0,1,2,5,5,287,1.0
215328,3,328,4.0,109.33333333333333,1,2,3,12,125,1.0
215336,1,285,7.0,285.0,1,3,4,7,287,1.0
215338,1,216,7.0,216.0,1,2,3,7,287,1.0
215341,1,154,5.0,154.0,1,2,3,5,288,1.0
215346,1,149,4.0,149.0,1,1,3,4,287,1.0
215375,1,285,9.0,285.0,1,2,6,9,287,1.0
215376,1,113,5.0,113.0,1,2,4,5,287,1.0
215377,2,117,1.5,58.5,1,2,2,3,119,1.0
215399,2,204,3.5,102.0,1,3,7,7,62,1.0
215409,2,424,8.0,212.0,1,3,6,16,205,1.0
215412,4,407,3.75,101.75,1,3,6,15,62,1.0
215416,1,180,6.0,180.0,1,2,4,6,287,1.0
215425,2,224,4.5,112.0,1,3,6,9,226,1.0
215433,3,282,3.6666666666666665,94.0,2,4,7,11,45,0.3333333333333333
215434,1,150,5.0,150.0,1,2,3,5,288,1.0
215435,1,123,3.0,123.0,1,1,3,3,288,1.0
215447,1,132,5.0,132.0,1,2,4,5,285,1.0
215482,2,324,6.0,162.0,1,2,5,12,282,1.0
215490,1,169,5.0,169.0,1,2,3,5,284,1.0
215494,2,450,7.5,225.0,1,3,4,15,77,1.0
215500,1,406,12.0,406.0,1,3,6,12,284,1.0
215505,5,697,4.8,139.4,1,3,6,24,29,1.0
215510,1,169,6.0,169.0,1,2,4,6,284,1.0
215515,1,162,7.0,162.0,1,2,3,7,284,1.0
215518,5,614,4.6,122.8,1,4,10,23,28,1.0
215529,1,160,5.0,160.0,1,2,3,5,284,1.0
215536,7,654,2.4285714285714284,93.42857142857143,1,2,7,17,193,1.0
215548,1,127,5.0,127.0,1,2,5,5,284,1.0
215555,2,283,5.0,141.5,1,2,4,10,280,1.0
215560,3,186,2.3333333333333335,62.0,1,3,5,7,170,1.0
215563,5,597,4.6,119.4,3,2,7,23,1,0.2
215579,3,880,8.333333333333334,293.3333333333333,3,3,10,25,10,0.3333333333333333
215591,1,169,6.0,169.0,1,3,4,6,283,1.0
215593,1,116,5.0,116.0,1,2,3,5,283,1.0
215604,1,202,6.0,202.0,1,2,4,6,283,1.0
215605,2,270,3.5,135.0,1,3,4,7,254,1.0
215657,1,195,7.0,195.0,1,2,4,7,282,1.0
215660,1,115,5.0,115.0,1,2,4,5,282,1.0
215663,1,185,5.0,185.0,1,3,4,5,282,1.0
215664,5,530,3.4,106.0,1,2,4,17,32,1.0
215667,1,280,9.0,280.0,1,2,4,9,282,1.0
215672,1,150,6.0,150.0,1,2,4,6,282,1.0
215674,5,476,2.6,95.2,2,4,7,13,134,0.2
215677,1,63,3.0,63.0,1,2,3,3,282,1.0
215684,1,145,5.0,145.0,1,2,4,5,282,1.0
215698,1,155,5.0,155.0,1,2,4,5,282,1.0
215710,1,132,5.0,132.0,1,2,4,5,280,1.0
215723,1,139,5.0,139.0,1,2,4,5,280,1.0
215726,2,443,8.5,221.5,1,3,8,17,259,1.0
215732,1,371,13.0,371.0,1,2,7,13,281,1.0
215733,3,444,5.333333333333333,148.0,1,4,8,16,98,1.0
215736,2,152,3.0,76.0,1,2,5,6,266,1.0
215741,1,143,4.0,143.0,1,1,3,4,280,1.0
215742,1,174,6.0,174.0,1,2,3,6,280,1.0
215745,1,172,6.0,172.0,1,2,4,6,280,1.0
215754,3,563,5.666666666666667,187.66666666666666,2,3,10,17,139,0.3333333333333333
215761,1,132,5.0,132.0,1,2,5,5,281,1.0
215768,2,212,4.5,106.0,1,3,5,9,163,1.0
215779,3,246,2.6666666666666665,82.0,1,1,3,8,231,1.0
215786,1,139,4.0,139.0,1,1,2,4,280,1.0
215802,6,1101,5.333333333333333,183.5,1,4,7,32,170,1.0
215819,3,258,2.6666666666666665,86.0,2,3,8,8,165,0.6666666666666666
215833,2,223,4.5,111.5,2,3,6,9,258,0.5
215834,10,933,3.6,93.3,2,4,10,36,8,0.8
215835,1,94,3.0,94.0,1,2,2,3,280,1.0
215837,1,146,5.0,146.0,1,2,2,5,280,1.0
215839,1,177,6.0,177.0,1,3,4,6,280,1.0
215865,4,238,2.5,59.5,2,2,3,10,38,0.75
215870,1,65,1.0,65.0,1,1,1,1,280,1.0
215883,1,165,4.0,165.0,1,1,3,4,280,1.0
215886,1,265,9.0,265.0,1,2,3,9,280,1.0
215890,3,201,2.3333333333333335,67.0,2,2,3,7,181,0.6666666666666666
215900,2,270,4.5,135.0,2,3,5,9,153,0.5
215917,1,121,5.0,121.0,1,2,4,5,280,1.0
215933,7,799,4.142857142857143,114.14285714285714,2,3,9,29,50,0.14285714285714285
215954,2,223,3.5,111.5,1,3,6,7,270,1.0
215970,7,784,4.714285714285714,112.0,1,4,9,33,23,1.0
215987,1,238,11.0,238.0,1,3,7,11,280,1.0
215989,1,180,6.0,180.0,1,3,6,6,280,1.0
215991,2,220,4.0,110.0,1,2,4,8,167,1.0
215992,2,224,3.5,112.0,1,2,4,7,113,1.0
216006,1,138,5.0,138.0,1,3,4,5,278,1.0
216019,4,355,3.0,88.75,2,2,6,11,126,0.25
216030,1,173,6.0,173.0,1,2,5,6,280,1.0
216033,1,142,5.0,142.0,1,2,3,5,278,1.0
216035,6,704,4.0,117.33333333333333,1,4,13,24,32,1.0
216045,1,152,7.0,152.0,1,2,5,7,278,1.0
216049,3,262,2.6666666666666665,87.33333333333333,1,3,5,8,20,1.0
216056,3,381,4.333333333333333,127.0,3,3,6,13,37,0.3333333333333333
216057,3,289,3.6666666666666665,96.33333333333333,1,3,5,11,39,1.0
216067,1,136,5.0,136.0,1,3,4,5,278,1.0
216069,1,146,4.0,146.0,1,2,4,4,278,1.0
216079,2,301,5.0,150.5,1,2,5,10,254,1.0
216081,1,187,7.0,187.0,1,2,4,7,277,1.0
216086,9,1025,3.888888888888889,113.88888888888889,2,4,9,35,62,0.5555555555555556
216087,2,204,4.5,102.0,2,3,5,9,105,0.5
216088,4,422,3.75,105.5,2,2,4,15,59,0.75
216100,2,240,3.0,120.0,1,3,5,6,21,1.0
216110,2,167,3.0,83.5,2,3,5,6,53,0.5
216113,1,80,5.0,80.0,1,2,3,5,277,1.0
216117,1,131,4.0,131.0,1,2,4,4,277,1.0
216120,2,234,3.0,117.0,1,3,4,6,179,1.0
216141,1,212,6.0,212.0,1,2,5,6,276,1.0
216150,2,465,7.0,232.5,1,4,8,14,77,1.0
216157,1,214,7.0,214.0,1,2,5,7,276,1.0
216163,5,1015,6.6,203.0,1,4,10,33,107,1.0
216167,1,255,8.0,255.0,1,3,5,8,276,1.0
216176,1,146,5.0,146.0,1,3,5,5,276,1.0
216183,4,272,2.0,68.0,1,2,4,8,203,1.0
216186,1,252,6.0,252.0,1,1,3,6,298,1.0
216197,1,132,4.0,132.0,1,1,4,4,276,1.0
216213,2,211,4.0,105.5,1,3,4,8,118,1.0
216220,1,166,6.0,166.0,1,2,4,6,276,1.0
216232,1,131,5.0,131.0,1,2,3,5,275,1.0
216237,1,103,5.0,103.0,1,2,4,5,275,1.0
216239,4,536,5.5,134.0,2,2,4,22,91,0.75
216241,13,1166,2.8461538461538463,89.6923076923077,3,4,10,37,70,0.46153846153846156
216242,1,112,5.0,112.0,1,2,3,5,275,1.0
216245,1,231,8.0,231.0,1,2,5,8,275,1.0
216249,8,1175,4.5,146.875,4,4,9,36,4,0.5
216251,2,209,3.5,104.5,2,2,4,7,275,0.5
216265,2,267,4.0,133.5,1,2,5,8,245,1.0
216271,3,307,3.6666666666666665,102.33333333333333,1,3,5,11,160,1.0
216275,6,292,1.8333333333333333,48.666666666666664,2,3,6,11,65,0.6666666666666666
216288,4,536,4.25,134.0,1,3,10,17,174,1.0
216312,1,141,5.0,141.0,1,2,5,5,275,1.0
216335,1,78,3.0,78.0,1,2,3,3,56,1.0
216342,1,490,16.0,490.0,1,2,5,16,274,1.0
216344,2,248,3.5,124.0,2,2,4,7,130,0.5
216349,1,157,4.0,157.0,1,2,4,4,274,1.0
216354,1,186,5.0,186.0,1,3,4,5,273,1.0
216360,8,715,3.0,89.375,2,2,6,24,2,0.875
216367,3,569,8.333333333333334,189.66666666666666,2,4,7,25,105,0.6666666666666666
216383,2,177,3.5,88.5,1,3,5,7,72,1.0
216384,3,286,3.0,95.33333333333333,2,2,4,9,265,0.6666666666666666
216386,1,138,5.0,138.0,1,2,3,5,273,1.0
216390,1,202,7.0,202.0,1,2,4,7,273,1.0
216394,2,210,4.5,105.0,2,2,6,9,259,0.5
216399,1,223,6.0,223.0,1,1,4,6,273,1.0
216417,4,403,4.0,100.75,3,3,8,16,37,0.25
216425,7,766,3.4285714285714284,109.42857142857143,1,4,10,24,87,1.0
216429,1,134,5.0,134.0,1,3,5,5,273,1.0
216432,1,110,5.0,110.0,1,2,3,5,273,1.0
216435,1,162,6.0,162.0,1,2,4,6,273,1.0
216441,3,337,3.3333333333333335,112.33333333333333,3,3,5,10,167,0.3333333333333333
216446,4,288,3.0,72.0,1,2,4,12,62,1.0
216447,1,219,8.0,219.0,1,2,5,8,273,1.0
216448,10,897,3.7,89.7,1,4,10,37,37,1.0
216468,3,331,3.3333333333333335,110.33333333333333,1,3,7,10,143,1.0
216476,2,182,2.5,91.0,1,3,5,5,273,1.0
216478,1,152,5.0,152.0,1,2,3,5,274,1.0
216479,1,207,7.0,207.0,1,2,5,7,274,1.0
216480,1,132,5.0,132.0,1,2,3,5,273,1.0
216481,1,139,5.0,139.0,1,2,3,5,273,1.0
216487,1,157,5.0,157.0,1,2,4,5,273,1.0
216490,1,221,7.0,221.0,1,1,4,7,273,1.0
216513,2,208,3.5,104.0,1,2,6,7,270,1.0
216516,1,267,6.0,267.0,1,2,4,6,273,1.0
216521,2,167,3.0,83.5,2,2,5,6,224,0.5
216535,1,217,8.0,217.0,1,2,4,8,273,1.0
216542,1,135,4.0,135.0,1,2,2,4,273,1.0
216546,3,311,4.666666666666667,103.66666666666667,2,2,6,14,15,0.6666666666666666
216552,1,117,4.0,117.0,1,3,3,4,273,1.0
216554,1,161,6.0,161.0,1,2,5,6,274,1.0
216557,1,78,2.0,78.0,1,1,2,2,273,1.0
216563,1,416,13.0,416.0,1,2,5,13,274,1.0
216582,1,127,5.0,127.0,1,2,4,5,274,1.0
216584,3,377,4.666666666666667,125.66666666666667,1,3,5,14,7,1.0
216587,3,231,2.6666666666666665,77.0,1,2,4,8,225,1.0
216594,1,175,6.0,175.0,1,3,4,6,273,1.0
216595,3,291,3.0,97.0,3,2,3,9,11,0.3333333333333333
216609,5,618,4.6,123.6,2,4,10,23,4,0.8
216612,1,129,5.0,129.0,1,2,4,5,273,1.0
216615,3,423,4.333333333333333,141.0,1,4,9,13,11,1.0
216622,2,178,3.5,89.0,2,2,4,7,210,0.5
216630,1,214,8.0,214.0,1,2,4,8,272,1.0
216639,3,421,4.0,140.33333333333334,2,3,7,12,203,0.6666666666666666
216657,2,288,5.0,144.0,1,2,5,9,268,1.0
216663,1,357,10.0,357.0,1,3,6,10,271,1.0
216664,1,225,7.0,225.0,1,2,4,7,272,1.0
216669,6,385,2.6666666666666665,64.16666666666667,4,3,7,16,169,0.16666666666666666
216677,4,343,2.0,85.75,1,4,6,8,99,1.0
216680,5,651,4.6,130.2,2,3,8,23,229,0.4
216681,2,225,3.0,112.5,1,3,4,6,248,1.0
216688,4,546,5.0,136.5,1,4,8,20,101,1.0
216708,1,172,5.0,172.0,1,3,5,5,270,1.0
216712,3,474,6.0,158.0,1,3,7,18,2,1.0
216713,5,387,2.2,77.4,2,3,6,11,141,0.8
216715,1,146,5.0,146.0,1,3,5,5,270,1.0
216724,1,263,12.0,263.0,1,3,6,12,270,1.0
216728,2,243,4.5,121.5,1,3,7,9,259,1.0
216739,1,265,3.0,265.0,1,1,2,3,270,1.0
216742,5,761,5.0,152.2,3,3,8,25,36,0.4
216744,2,347,5.5,173.5,1,2,6,11,35,1.0
216745,3,343,4.666666666666667,114.33333333333333,2,2,8,14,99,0.6666666666666666
216753,1,132,5.0,132.0,1,2,3,5,270,1.0
216765,3,304,3.3333333333333335,101.33333333333333,1,3,6,10,44,1.0
216781,4,641,5.0,160.25,2,3,5,20,6,0.75
216784,1,204,7.0,204.0,1,2,5,7,270,1.0
216787,1,171,5.0,171.0,1,3,4,5,270,1.0
216798,1,109,3.0,109.0,1,2,3,3,269,1.0
216804,3,248,3.3333333333333335,82.66666666666667,2,2,4,10,153,0.6666666666666666
216805,4,506,4.25,126.5,1,3,7,17,79,1.0
216822,1,121,5.0,121.0,1,2,4,5,269,1.0
216824,1,133,4.0,133.0,1,2,3,4,269,1.0
216833,2,306,4.0,153.0,1,3,6,8,37,1.0
216839,3,364,4.333333333333333,121.33333333333333,2,2,5,13,224,0.6666666666666666
216842,3,394,3.6666666666666665,131.33333333333334,1,4,6,11,58,1.0
216856,1,315,9.0,315.0,1,2,6,9,269,1.0
216858,1,174,6.0,174.0,1,2,5,6,269,1.0
216862,3,466,3.6666666666666665,155.33333333333334,1,2,3,11,93,1.0
216880,1,161,6.0,161.0,1,3,4,6,269,1.0
216891,2,193,3.0,96.5,1,3,6,6,231,1.0
216901,5,328,3.0,65.6,1,3,7,15,65,1.0
216903,2,250,4.5,125.0,1,3,6,9,240,1.0
216911,6,576,2.8333333333333335,96.0,1,4,10,17,157,1.0
216912,1,155,5.0,155.0,1,3,5,5,268,1.0
216913,24,2690,4.666666666666667,112.08333333333333,1,4,14,112,38,1.0
216921,4,382,3.5,95.5,2,2,6,14,51,0.75
216933,2,215,3.5,107.5,1,3,5,7,257,1.0
216942,2,273,4.5,136.5,1,3,6,9,58,1.0
216944,2,585,9.0,292.5,2,4,9,18,108,0.5
216959,1,121,4.0,121.0,1,1,3,4,268,1.0
216960,1,228,6.0,228.0,1,3,5,6,268,1.0
216968,2,273,5.0,136.5,1,4,6,10,165,1.0
216974,1,229,7.0,229.0,1,3,6,7,268,1.0
216978,3,244,2.6666666666666665,81.33333333333333,2,3,6,8,171,0.6666666666666666
216982,3,911,9.0,303.6666666666667,2,3,6,27,3,0.6666666666666666
216983,2,126,3.0,63.0,1,2,3,6,266,1.0
216986,1,84,5.0,84.0,1,2,2,5,266,1.0
216990,8,961,5.0,120.125,1,4,10,40,7,1.0
217015,1,204,4.0,204.0,1,3,4,4,266,1.0
217022,2,510,8.0,255.0,2,3,8,16,210,0.5
217026,2,277,4.0,138.5,1,3,6,8,168,1.0
217029,1,246,8.0,246.0,1,2,3,8,267,1.0
217055,1,201,7.0,201.0,1,2,4,7,266,1.0
217069,1,199,11.0,199.0,1,3,4,11,267,1.0
217073,1,126,4.0,126.0,1,1,3,4,267,1.0
217095,1,274,7.0,274.0,1,3,6,7,267,1.0
217103,1,46,1.0,46.0,1,1,1,1,97,1.0
217107,2,254,5.0,127.0,2,2,5,10,162,0.5
217118,2,233,4.5,116.5,1,2,6,9,14,1.0
217127,3,500,6.0,166.66666666666666,2,3,6,18,241,0.3333333333333333
217132,1,160,7.0,160.0,1,3,5,7,266,1.0
217133,1,155,5.0,155.0,1,3,5,5,267,1.0
217137,3,336,3.6666666666666665,112.0,1,2,6,11,140,1.0
217141,2,254,4.5,127.0,2,3,5,9,46,0.5
217145,4,717,5.75,179.25,3,3,7,23,14,0.25
217147,3,305,3.3333333333333335,101.66666666666667,1,3,6,10,66,1.0
217153,1,177,5.0,177.0,1,3,4,5,267,1.0
217166,1,191,7.0,191.0,1,2,6,7,267,1.0
217173,6,946,4.5,157.66666666666666,1,3,9,27,123,1.0
217174,2,132,3.0,66.0,1,2,3,6,118,1.0
217181,2,317,4.5,158.5,1,2,4,9,267,1.0
217205,1,195,6.0,195.0,1,3,5,6,266,1.0
217208,1,104,5.0,104.0,1,2,5,5,266,1.0
217210,2,447,5.5,223.5,1,3,6,11,105,1.0
217228,1,161,4.0,161.0,1,2,4,4,267,1.0
217230,1,160,7.0,160.0,1,2,4,7,267,1.0
217239,2,250,5.5,125.0,1,3,6,11,227,1.0
217248,1,94,5.0,94.0,1,2,4,5,266,1.0
217250,6,335,2.6666666666666665,55.833333333333336,1,3,7,16,15,1.0
217253,5,480,3.2,96.0,3,2,4,16,35,0.6
217259,4,318,3.25,79.5,1,4,8,13,56,1.0
217270,2,244,3.5,122.0,1,2,5,7,162,1.0
217273,5,283,2.2,56.6,2,3,6,11,36,0.2
217274,4,326,3.25,81.5,1,2,6,13,25,1.0
217280,2,197,3.5,98.5,1,2,5,7,224,1.0
217283,1,32,2.0,32.0,1,1,1,2,29,1.0
217285,1,235,7.0,235.0,1,3,6,7,267,1.0
217290,1,202,6.0,202.0,1,3,6,6,266,1.0
217291,1,222,7.0,222.0,1,2,4,7,267,1.0
217304,1,146,5.0,146.0,1,2,3,5,266,1.0
217305,3,412,4.666666666666667,137.33333333333334,1,4,6,14,3,1.0
217306,2,230,4.0,115.0,1,2,4,8,262,1.0
217320,3,346,4.0,115.33333333333333,1,3,6,12,161,1.0
217337,10,759,2.6,75.9,3,3,7,26,29,0.8
217341,4,607,4.25,151.75,2,4,9,17,247,0.75
217352,3,293,2.3333333333333335,97.66666666666667,3,3,7,7,144,0.3333333333333333
217367,2,422,5.5,211.0,1,3,6,10,256,1.0
217368,3,296,2.3333333333333335,98.66666666666667,2,3,6,7,201,0.6666666666666666
217370,1,174,5.0,174.0,1,3,5,5,266,1.0
217374,2,179,3.5,89.5,2,2,3,7,136,0.5
217380,4,503,4.0,125.75,1,4,8,16,46,1.0
217381,2,349,4.5,174.5,1,3,5,9,58,1.0
217389,3,313,3.0,104.33333333333333,1,4,8,9,99,1.0
217397,1,146,4.0,146.0,1,1,2,4,265,1.0
217405,5,527,3.6,105.4,1,2,6,18,56,1.0
217411,2,182,3.0,91.0,2,1,4,6,62,0.5
217413,1,169,5.0,169.0,1,2,4,5,265,1.0
217414,4,422,3.5,105.5,2,2,7,14,211,0.75
217422,11,674,2.272727272727273,61.27272727272727,1,3,11,25,56,1.0
217426,1,159,5.0,159.0,1,3,3,5,264,1.0
217445,2,276,4.5,138.0,1,3,5,9,70,1.0
217447,2,174,3.0,87.0,2,2,5,6,230,0.5
217448,1,164,5.0,164.0,1,3,4,5,263,1.0
217449,2,247,3.5,123.5,1,1,4,7,128,1.0
217452,1,267,8.0,267.0,1,2,6,8,263,1.0
217462,4,572,6.0,143.0,1,3,6,24,58,1.0
217463,1,92,5.0,92.0,1,2,3,5,263,1.0
217464,1,106,4.0,106.0,1,2,4,4,199,1.0
217471,1,143,5.0,143.0,1,2,5,5,263,1.0
217475,1,120,4.0,120.0,1,2,3,4,263,1.0
217478,5,326,2.2,65.2,1,2,5,11,70,1.0
217494,4,405,3.75,101.25,1,3,9,15,58,1.0
217496,1,115,2.0,115.0,1,2,2,2,263,1.0
217503,1,145,5.0,145.0,1,2,3,5,263,1.0
217505,2,240,4.5,120.0,1,2,4,9,252,1.0
217510,3,235,2.6666666666666665,78.33333333333333,2,2,4,8,71,0.6666666666666666
217523,1,127,4.0,127.0,1,2,4,4,263,1.0
217540,1,172,5.0,172.0,1,2,5,5,263,1.0
217541,4,572,4.0,143.0,1,3,8,16,93,1.0
217542,2,192,3.0,96.0,1,2,4,6,60,1.0
217563,2,282,5.0,141.0,2,2,5,10,139,0.5
217569,6,678,3.1666666666666665,113.0,2,3,9,19,99,0.8333333333333334
217570,3,389,4.333333333333333,129.66666666666666,1,3,5,13,55,1.0
217573,1,186,5.0,186.0,1,2,4,5,136,1.0
217591,4,610,5.25,152.5,1,4,8,21,73,1.0
217602,5,447,2.6,89.4,1,3,6,13,88,1.0
217605,4,770,5.75,192.5,1,3,10,23,87,1.0
217608,2,268,4.5,134.0,1,2,5,9,59,1.0
217621,1,171,5.0,171.0,1,2,4,5,262,1.0
217627,2,218,3.5,109.0,1,2,6,7,196,1.0
217629,2,307,5.5,153.5,1,2,5,11,74,1.0
217633,1,56,2.0,56.0,1,1,2,2,45,0.0
217636,3,304,3.6666666666666665,101.33333333333333,1,3,5,11,50,1.0
217645,1,297,5.0,297.0,1,2,4,5,262,1.0
217650,1,38,2.0,38.0,1,1,2,2,234,0.0
217655,3,222,2.3333333333333335,74.0,1,3,7,7,8,1.0
217663,2,321,7.0,160.5,1,1,6,14,59,1.0
217679,1,177,7.0,177.0,1,2,3,7,261,1.0
217690,1,103,4.0,103.0,1,2,3,4,261,1.0
217693,2,483,6.0,241.5,2,3,6,12,222,0.5
217695,1,146,5.0,146.0,1,2,4,5,261,1.0
217705,1,116,4.0,116.0,1,2,4,4,261,1.0
217706,2,119,3.0,59.5,2,3,4,6,233,0.5
217709,4,351,3.5,87.75,2,4,9,14,35,0.75
217711,3,281,3.6666666666666665,93.66666666666667,2,3,7,11,149,0.6666666666666666
217720,1,134,5.0,134.0,1,2,5,5,261,1.0
217727,2,426,6.0,213.0,2,3,7,12,63,0.5
217738,1,134,3.0,134.0,1,2,2,3,261,1.0
217739,2,276,5.0,138.0,1,4,7,10,100,1.0
217748,1,422,10.0,422.0,1,3,5,10,261,1.0
217749,7,868,3.142857142857143,124.0,4,4,6,22,34,0.5714285714285714
217752,4,442,4.25,110.5,2,4,8,17,56,0.25
217754,1,189,8.0,189.0,1,2,4,8,261,1.0
217758,1,185,5.0,185.0,1,3,4,5,261,1.0
217772,1,220,5.0,220.0,1,2,4,5,261,1.0
217773,3,191,3.3333333333333335,63.666666666666664,3,3,6,10,113,0.3333333333333333
217775,1,241,6.0,241.0,1,3,5,6,261,1.0
217786,1,170,8.0,170.0,1,3,6,8,261,1.0
217787,1,136,5.0,136.0,1,2,4,5,259,1.0
217788,1,112,5.0,112.0,1,2,4,5,260,1.0
217794,2,372,6.0,186.0,1,3,5,12,35,1.0
217795,1,128,5.0,128.0,1,3,4,5,260,1.0
217805,3,413,4.666666666666667,137.66666666666666,3,2,6,14,48,0.3333333333333333
217815,1,194,6.0,194.0,1,2,4,6,260,1.0
217820,2,256,3.5,128.0,2,4,6,7,72,0.5
217823,1,582,16.0,582.0,1,3,7,16,259,1.0
217841,2,165,3.5,82.5,2,2,5,7,153,0.5
217843,2,360,8.0,180.0,1,4,10,16,60,1.0
217847,7,1165,5.142857142857143,166.42857142857142,1,4,12,36,46,1.0
217853,1,161,5.0,161.0,1,2,4,5,259,1.0
217860,1,128,4.0,128.0,1,2,3,4,259,1.0
217877,1,81,2.0,81.0,1,2,2,2,259,1.0
217879,1,207,6.0,207.0,1,3,5,6,260,1.0
217885,1,149,5.0,149.0,1,2,4,5,259,1.0
217887,1,123,5.0,123.0,1,2,3,5,260,1.0
217892,2,266,5.5,133.0,1,3,6,11,11,1.0
217896,6,473,2.3333333333333335,78.83333333333333,3,1,8,14,80,0.6666666666666666
217913,1,103,4.0,103.0,1,2,4,4,259,1.0
217918,1,143,6.0,143.0,1,2,5,6,260,1.0
217928,1,180,6.0,180.0,1,2,4,6,260,1.0
217937,1,205,5.0,205.0,1,2,5,5,260,1.0
217951,2,154,4.0,77.0,1,2,4,8,247,1.0
217985,4,309,3.75,77.25,1,3,4,15,21,1.0
217987,2,259,5.0,129.5,1,2,5,10,232,1.0
217995,1,74,3.0,74.0,1,2,3,3,260,1.0
218000,2,428,6.0,214.0,2,2,6,12,125,0.5
218007,1,133,6.0,133.0,1,2,5,6,259,1.0
218009,1,144,5.0,144.0,1,2,4,5,259,1.0
218012,6,607,4.0,101.16666666666667,2,3,10,24,105,0.6666666666666666
218024,1,246,6.0,246.0,1,2,4,6,259,1.0
218035,2,213,3.0,106.5,2,3,5,6,162,0.5
218037,2,286,5.0,143.0,1,4,7,10,203,1.0
218041,2,210,5.5,105.0,2,2,4,11,151,0.5
218047,3,305,3.6666666666666665,101.66666666666667,2,2,6,11,64,0.6666666666666666
218049,2,250,4.0,125.0,1,3,4,8,113,1.0
218050,1,142,5.0,142.0,1,2,5,5,260,1.0
218061,1,143,5.0,143.0,1,2,4,5,260,1.0
218067,1,221,6.0,221.0,1,3,5,6,259,1.0
218082,2,333,8.5,166.5,1,3,6,17,206,1.0
218086,4,418,4.75,104.5,1,2,5,19,62,1.0
218088,2,263,4.5,131.5,2,2,4,9,249,0.5
218103,4,152,1.25,38.0,1,3,3,5,62,1.0
218104,6,393,2.3333333333333335,65.5,3,3,7,14,228,0.6666666666666666
218112,1,136,5.0,136.0,1,2,4,5,259,1.0
218117,1,129,4.0,129.0,1,2,3,4,259,1.0
218121,1,154,5.0,154.0,1,2,3,5,260,1.0
218129,1,139,5.0,139.0,1,2,4,5,259,1.0
218134,1,128,6.0,128.0,1,2,4,6,258,1.0
218137,4,462,4.25,115.5,1,3,7,17,61,1.0
218140,2,263,5.5,131.5,2,2,5,11,14,0.5
218145,3,332,4.0,110.66666666666667,2,1,2,12,51,0.6666666666666666
218151,1,139,5.0,139.0,1,2,4,5,257,1.0
218153,2,242,4.5,121.0,1,2,5,9,143,1.0
218158,1,127,5.0,127.0,1,2,3,5,257,1.0
218163,1,164,5.0,164.0,1,1,2,5,258,1.0
218164,2,635,7.0,317.5,2,4,8,14,55,0.5
218174,6,577,3.1666666666666665,96.16666666666667,4,4,8,19,172,0.16666666666666666
218187,2,282,4.5,141.0,2,3,6,9,109,0.5
218188,1,159,5.0,159.0,1,2,3,5,258,1.0
218199,3,290,3.3333333333333335,96.66666666666667,2,4,8,10,37,0.3333333333333333
218208,3,258,4.0,86.0,1,2,4,12,199,1.0
218210,1,155,4.0,155.0,1,2,4,4,257,1.0
218219,1,128,4.0,128.0,1,1,3,4,257,1.0
218231,2,280,6.0,140.0,1,2,5,12,211,1.0
218236,4,265,2.25,66.25,1,2,7,9,111,1.0
218241,2,198,5.0,99.0,1,2,4,10,211,1.0
218250,2,193,3.0,96.5,1,3,5,6,60,1.0
218254,6,467,3.0,77.83333333333333,2,4,7,18,46,0.8333333333333334
218258,1,177,5.0,177.0,1,3,5,5,257,1.0
218264,1,118,3.0,118.0,1,1,3,3,258,1.0
218276,1,134,5.0,134.0,1,2,5,5,258,1.0
218292,2,220,3.5,110.0,2,3,5,7,246,0.5
218301,2,313,5.0,156.5,1,3,6,10,247,1.0
218322,1,173,8.0,173.0,1,2,5,8,258,1.0
218323,1,128,5.0,128.0,1,2,3,5,258,1.0
218326,2,260,4.0,130.0,2,2,6,8,240,0.5
218343,1,293,9.0,293.0,1,3,6,9,257,1.0
218353,1,187,6.0,187.0,1,2,3,6,257,1.0
218355,1,127,6.0,127.0,1,2,3,6,256,1.0
218365,2,143,2.5,71.5,2,3,4,5,30,0.5
218372,3,466,5.333333333333333,155.33333333333334,1,2,7,16,62,1.0
218389,1,48,5.0,48.0,1,2,3,5,256,1.0
218390,2,479,5.5,239.5,1,1,3,11,256,1.0
218391,4,677,6.25,169.25,1,4,9,25,55,1.0
218393,1,157,6.0,157.0,1,2,4,6,256,1.0
218394,1,68,2.0,68.0,1,1,2,2,256,1.0
218406,4,226,2.5,56.5,1,2,5,10,137,1.0
218412,3,314,3.0,104.66666666666667,1,4,7,9,86,1.0
218421,1,185,4.0,185.0,1,2,3,4,256,1.0
218428,4,171,2.25,42.75,3,2,5,9,155,0.5
218434,4,344,3.0,86.0,1,4,7,12,111,1.0
218441,1,148,5.0,148.0,1,2,4,5,256,1.0
218459,1,202,6.0,202.0,1,2,5,6,255,1.0
218461,4,245,2.75,61.25,3,2,4,11,228,0.5
218464,3,623,8.666666666666666,207.66666666666666,1,3,8,26,60,1.0
218469,1,144,5.0,144.0,1,2,5,5,255,1.0
218471,1,94,6.0,94.0,1,2,4,6,255,1.0
218473,1,94,5.0,94.0,1,2,3,5,255,1.0
218474,1,187,7.0,187.0,1,2,4,7,255,1.0
218481,1,146,5.0,146.0,1,2,4,5,255,1.0
218484,2,306,6.5,153.0,1,2,5,13,148,1.0
218499,3,349,4.666666666666667,116.33333333333333,1,3,5,14,51,1.0
218506,2,291,4.5,145.5,1,3,5,9,160,1.0
218509,2,134,2.5,67.0,1,2,5,5,255,1.0
218513,1,263,8.0,263.0,1,3,5,8,255,1.0
218520,1,143,5.0,143.0,1,2,4,5,255,1.0
218523,1,145,4.0,145.0,1,2,3,4,255,1.0
218527,1,244,7.0,244.0,1,3,6,7,255,1.0
218530,1,152,5.0,152.0,1,2,3,5,255,1.0
218541,1,189,7.0,189.0,1,2,5,7,255,1.0
218542,3,402,3.0,134.0,1,4,6,9,62,1.0
218567,1,169,6.0,169.0,1,2,5,6,257,1.0
218573,2,193,4.5,96.5,1,2,4,9,229,1.0
218579,2,235,8.0,117.5,1,2,3,16,73,1.0
218587,2,344,5.0,172.0,1,2,3,9,251,1.0
218599,2,376,5.0,188.0,2,3,6,10,247,0.5
218600,1,186,5.0,186.0,1,3,5,5,254,1.0
218609,3,379,4.333333333333333,126.33333333333333,2,4,7,13,125,0.3333333333333333
218615,3,552,6.333333333333333,184.0,1,4,11,19,8,1.0
218624,1,136,5.0,136.0,1,2,5,5,254,1.0
218626,5,603,4.8,120.6,1,3,7,24,55,1.0
218641,4,322,2.75,80.5,3,3,6,11,62,0.25
218653,1,206,5.0,206.0,1,3,5,5,254,1.0
218655,1,158,5.0,158.0,1,3,4,5,254,1.0
218666,5,538,2.8,107.6,3,4,7,14,0,0.6
218671,1,254,7.0,254.0,1,3,6,7,254,1.0
218677,1,174,6.0,174.0,1,2,4,6,254,1.0
218684,3,386,5.0,128.66666666666666,1,3,8,15,97,1.0
218687,1,133,6.0,133.0,1,2,4,6,254,1.0
218717,1,140,7.0,140.0,1,2,3,7,252,1.0
218718,6,765,4.833333333333333,127.5,3,4,8,29,57,0.6666666666666666
218740,2,196,3.0,98.0,2,3,5,6,231,0.5
218742,1,243,8.0,243.0,1,2,7,8,252,1.0
218745,1,159,5.0,159.0,1,2,4,5,252,1.0
218746,1,184,5.0,184.0,1,2,3,5,253,1.0
218751,1,188,7.0,188.0,1,3,6,7,253,1.0
218755,1,163,5.0,163.0,1,2,4,5,252,1.0
218761,1,416,7.0,416.0,1,2,3,7,253,1.0
218766,2,174,4.0,87.0,1,2,6,8,129,1.0
218770,1,142,7.0,142.0,1,2,5,7,252,1.0
218786,2,473,7.5,236.5,2,3,7,15,6,0.5
218788,2,264,4.0,132.0,1,1,2,8,253,1.0
218809,1,139,7.0,139.0,1,2,3,7,253,1.0
218814,2,275,6.0,137.5,1,2,6,12,34,1.0
218833,3,255,2.6666666666666665,85.0,3,2,4,8,27,0.3333333333333333
218846,2,219,3.5,109.5,1,3,3,7,118,1.0
218848,3,421,5.0,140.33333333333334,1,3,8,15,146,1.0
218850,1,287,10.0,287.0,1,2,7,10,252,1.0
218855,1,214,7.0,214.0,1,2,3,7,253,1.0
218864,4,236,2.25,59.0,1,2,7,9,217,1.0
218865,2,427,6.0,213.5,1,3,7,12,212,1.0
218869,2,286,4.0,143.0,2,3,7,8,45,0.5
218871,1,154,5.0,154.0,1,2,3,5,252,1.0
218872,1,211,5.0,211.0,1,2,5,5,253,1.0
218883,1,66,3.0,66.0,1,1,1,3,252,1.0
218901,1,143,4.0,143.0,1,2,4,4,252,1.0
218904,1,172,4.0,172.0,1,1,4,4,13,0.0
218909,2,164,3.0,82.0,2,3,6,6,174,0.5
218927,2,279,6.5,139.5,1,2,5,13,231,1.0
218932,1,271,11.0,271.0,1,2,7,11,253,1.0
218944,1,182,7.0,182.0,1,3,4,7,252,1.0
218959,1,179,7.0,179.0,1,3,4,7,253,1.0
218966,1,300,6.0,300.0,1,3,6,6,253,1.0
218968,1,199,7.0,199.0,1,3,4,7,253,1.0
218970,3,316,4.666666666666667,105.33333333333333,1,4,8,14,52,1.0
218997,2,409,6.5,204.5,2,3,7,13,132,0.5
218999,1,138,4.0,138.0,1,1,3,4,252,1.0
219001,1,137,5.0,137.0,1,2,5,5,253,1.0
219004,2,361,5.5,180.5,1,3,7,11,212,1.0
219016,1,132,6.0,132.0,1,3,4,6,252,1.0
219019,1,141,5.0,141.0,1,2,5,5,252,1.0
219021,1,190,7.0,190.0,1,2,4,7,252,1.0
219022,1,116,6.0,116.0,1,2,3,6,252,1.0
219026,1,156,5.0,156.0,1,3,5,5,251,1.0
219031,1,112,5.0,112.0,1,2,3,5,251,1.0
219039,1,166,5.0,166.0,1,2,3,5,251,1.0
219042,4,647,5.5,161.75,1,3,8,22,156,1.0
219043,5,271,1.8,54.2,1,4,8,9,11,1.0
219050,4,450,3.75,112.5,1,2,7,15,13,1.0
219055,1,151,5.0,151.0,1,2,4,5,251,1.0
219056,3,357,5.333333333333333,119.0,1,2,6,16,97,1.0
219066,2,233,5.0,116.5,2,3,5,10,232,0.5
219080,1,274,10.0,274.0,1,3,4,10,249,1.0
219084,1,130,5.0,130.0,1,2,4,5,249,1.0
219097,1,150,5.0,150.0,1,3,5,5,249,1.0
219103,2,196,3.5,98.0,1,2,3,7,247,1.0
219104,3,275,2.6666666666666665,91.66666666666667,1,2,6,8,34,1.0
219108,2,316,5.0,158.0,1,4,8,10,20,1.0
219110,2,300,4.5,150.0,1,2,4,9,249,1.0
219117,1,157,6.0,157.0,1,2,4,6,249,1.0
219130,1,163,6.0,163.0,1,2,5,6,248,1.0
219151,1,385,9.0,385.0,1,2,4,9,253,1.0
219156,4,491,4.0,122.75,3,2,5,16,9,0.25
219157,2,227,4.5,113.5,1,2,5,9,233,1.0
219158,1,396,13.0,396.0,1,2,5,13,248,1.0
219163,1,63,2.0,63.0,1,1,2,2,248,1.0
219168,1,161,6.0,161.0,1,2,5,6,248,1.0
219172,4,1410,10.25,352.5,1,4,11,41,20,1.0
219213,1,150,6.0,150.0,1,2,4,6,247,1.0
219224,2,291,4.5,145.5,2,3,5,9,28,0.5
219225,3,389,3.0,129.66666666666666,1,3,5,9,63,1.0
219244,2,560,9.0,280.0,1,4,5,18,21,1.0
219246,1,137,5.0,137.0,1,2,3,5,247,1.0
219257,3,585,7.0,195.0,1,4,10,21,133,1.0
219271,1,190,9.0,190.0,1,2,4,9,246,1.0
219274,2,239,4.5,119.5,1,3,4,9,210,1.0
219276,2,280,8.0,140.0,1,3,5,16,160,1.0
219280,1,180,8.0,180.0,1,2,3,8,246,1.0
219290,1,339,12.0,339.0,1,3,7,12,246,1.0
219291,3,290,4.0,96.66666666666667,1,2,6,12,36,1.0
219298,1,658,25.0,658.0,1,2,6,25,245,1.0
219320,2,182,4.0,91.0,1,2,4,8,146,1.0
219326,2,189,5.5,94.5,2,3,5,11,182,0.5
219330,2,414,5.5,207.0,1,3,5,11,69,1.0
219333,2,216,3.0,108.0,1,2,4,6,84,1.0
219338,1,122,4.0,122.0,1,1,2,4,245,1.0
219343,1,121,4.0,121.0,1,1,3,4,245,1.0
219346,1,136,4.0,136.0,1,3,4,4,246,1.0
219354,1,168,6.0,168.0,1,2,5,6,245,1.0
219355,2,217,3.5,108.5,1,2,4,7,229,1.0
219364,5,300,3.2,60.0,1,4,8,16,135,1.0
219365,1,97,7.0,97.0,1,2,3,7,246,1.0
219376,1,131,6.0,131.0,1,2,4,6,245,1.0
219377,1,120,4.0,120.0,1,2,3,4,246,1.0
219382,1,238,8.0,238.0,1,2,4,8,245,1.0
219383,3,258,3.6666666666666665,86.0,1,3,6,11,63,1.0
219392,3,217,3.3333333333333335,72.33333333333333,1,2,4,10,240,1.0
219397,2,192,4.0,96.0,1,3,7,8,234,1.0
219405,1,136,4.0,136.0,1,2,4,4,245,1.0
219409,1,142,5.0,142.0,1,2,5,5,246,1.0
219411,3,370,5.666666666666667,123.33333333333333,1,3,6,17,84,1.0
219415,1,196,6.0,196.0,1,2,4,6,246,1.0
219418,2,262,4.0,131.0,1,2,3,8,240,1.0
219433,1,45,3.0,45.0,1,2,3,3,234,1.0
219439,3,307,3.6666666666666665,102.33333333333333,2,3,6,11,63,0.3333333333333333
219449,4,510,4.0,127.5,2,4,9,16,37,0.25
219450,1,53,10.0,53.0,1,2,3,10,241,1.0
219451,1,335,10.0,335.0,1,3,7,10,241,1.0
219459,1,150,6.0,150.0,1,2,4,6,241,1.0
219461,2,267,5.5,133.5,1,3,6,11,17,1.0
219462,1,136,7.0,136.0,1,2,5,7,241,1.0
219472,1,37,6.0,37.0,1,2,4,6,241,1.0
219488,2,174,4.0,87.0,1,2,4,8,183,1.0
219492,1,61,5.0,61.0,1,2,3,5,241,1.0
219499,1,82,6.0,82.0,1,2,4,6,241,1.0
219506,2,487,7.5,243.5,1,2,8,15,240,1.0
219515,1,393,16.0,393.0,1,2,7,16,240,1.0
219523,6,282,2.3333333333333335,47.0,1,2,4,14,58,1.0
219524,1,116,5.0,116.0,1,2,4,5,240,1.0
219525,2,195,4.5,97.5,2,2,4,9,102,0.5
219526,2,139,5.0,69.5,2,3,5,10,116,0.5
219531,1,169,4.0,169.0,1,1,3,4,241,1.0
219549,1,167,8.0,167.0,1,2,4,8,240,1.0
219556,2,220,4.5,110.0,1,2,7,9,227,1.0
219560,3,449,9.333333333333334,149.66666666666666,2,4,9,28,155,0.3333333333333333
219574,1,91,6.0,91.0,1,2,2,6,240,1.0
219579,1,171,5.0,171.0,1,1,3,5,240,1.0
219591,1,154,6.0,154.0,1,2,3,6,238,1.0
219601,3,728,8.0,242.66666666666666,1,3,8,24,153,1.0
219629,3,324,4.666666666666667,108.0,2,3,5,14,6,0.6666666666666666
219630,1,189,5.0,189.0,1,3,5,5,238,1.0
219640,1,151,4.0,151.0,1,2,4,4,238,1.0
219641,4,580,5.25,145.0,2,2,9,21,83,0.75
219643,1,184,6.0,184.0,1,2,3,6,238,1.0
219645,2,292,6.0,146.0,1,2,3,12,140,1.0
219649,1,138,6.0,138.0,1,2,4,6,238,1.0
219651,2,255,5.5,127.5,1,4,5,11,126,1.0
219653,1,55,6.0,55.0,1,2,3,6,239,1.0
219657,1,239,11.0,239.0,1,3,6,11,239,1.0
219660,1,128,5.0,128.0,1,2,3,5,238,1.0
219676,1,146,6.0,146.0,1,2,5,6,238,1.0
219677,1,175,6.0,175.0,1,2,3,6,238,1.0
219689,1,123,6.0,123.0,1,3,4,6,238,1.0
219693,1,168,6.0,168.0,1,3,4,6,238,1.0
219701,1,198,9.0,198.0,1,2,3,9,238,1.0
219702,5,336,3.2,67.2,4,4,5,16,0,0.4
219723,5,409,4.2,81.8,1,3,6,21,104,1.0
219726,4,722,6.25,180.5,1,4,10,25,65,1.0
219727,1,172,6.0,172.0,1,2,4,6,239,1.0
219739,3,299,4.0,99.66666666666667,2,2,4,12,62,0.3333333333333333
219746,3,250,4.0,83.33333333333333,2,2,7,12,161,0.6666666666666666
219753,2,387,6.5,193.5,2,4,6,13,157,0.5
219764,1,255,8.0,255.0,1,2,5,8,236,1.0
219768,1,99,4.0,99.0,1,2,3,4,236,1.0
219772,4,374,3.25,93.5,1,3,6,13,56,1.0
219778,1,257,9.0,257.0,1,2,3,9,235,1.0
219781,2,93,3.0,46.5,1,2,4,6,100,1.0
219787,1,279,12.0,279.0,1,3,6,12,234,1.0
219801,1,116,6.0,116.0,1,2,4,6,234,1.0
219820,6,339,2.3333333333333335,56.5,3,3,7,14,65,0.3333333333333333
219827,1,0,2.0,0.0,1,1,1,2,234,1.0
219833,2,287,8.5,143.5,1,3,7,17,231,1.0
219834,10,993,3.6,99.3,1,4,12,36,41,1.0
219838,1,132,6.0,132.0,1,2,3,6,233,1.0
219839,2,266,4.5,133.0,1,3,6,9,49,1.0
219842,1,337,14.0,337.0,1,2,6,14,233,1.0
219850,1,96,5.0,96.0,1,3,4,5,233,1.0
219857,6,274,2.1666666666666665,45.666666666666664,3,3,4,13,7,0.6666666666666666
219865,3,295,3.6666666666666665,98.33333333333333,2,2,5,11,109,0.3333333333333333
219866,3,484,6.0,161.33333333333334,2,4,9,18,52,0.3333333333333333
219877,2,148,4.5,74.0,1,2,6,9,169,1.0
219880,2,187,4.0,93.5,1,2,4,8,228,1.0
219881,4,475,5.25,118.75,1,3,9,21,2,1.0
219884,2,162,3.5,81.0,1,3,5,7,189,1.0
219885,2,124,4.5,62.0,2,2,4,9,210,0.5
219888,1,125,6.0,125.0,1,2,3,6,231,1.0
219889,3,174,3.0,58.0,1,3,4,9,147,1.0
219900,2,127,3.0,63.5,1,2,5,6,115,1.0
219903,8,1410,6.625,176.25,1,4,13,53,20,1.0
219905,4,410,3.75,102.5,2,4,9,15,37,0.5
219909,7,802,4.285714285714286,114.57142857142857,1,3,6,30,1,1.0
219912,1,117,5.0,117.0,1,2,4,5,232,1.0
219922,4,323,2.5,80.75,1,3,5,10,52,1.0
219945,3,354,3.6666666666666665,118.0,1,3,7,11,118,1.0
219954,1,314,12.0,314.0,1,2,5,12,232,1.0
219962,1,253,10.0,253.0,1,2,7,10,229,1.0
219964,1,84,6.0,84.0,1,2,3,6,230,1.0
219984,2,208,3.5,104.0,1,2,6,7,90,1.0
219992,2,230,5.0,115.0,2,2,6,10,163,0.5
220000,2,257,4.5,128.5,1,3,5,9,221,1.0
220003,3,386,4.333333333333333,128.66666666666666,1,3,6,13,65,1.0
220017,3,274,4.0,91.33333333333333,2,3,5,12,30,0.6666666666666666
220019,1,323,12.0,323.0,1,3,5,12,228,1.0
220024,2,170,3.5,85.0,1,2,4,7,58,1.0
220030,1,123,5.0,123.0,1,2,4,5,227,1.0
220042,1,109,6.0,109.0,1,2,3,6,227,1.0
220046,2,311,4.5,155.5,1,3,7,9,217,1.0
220050,5,393,3.2,78.6,1,4,9,16,48,1.0
220065,1,181,7.0,181.0,1,2,5,7,226,1.0
220069,3,271,4.0,90.33333333333333,1,3,6,12,102,1.0
220103,1,131,6.0,131.0,1,2,3,6,225,1.0
220107,1,108,5.0,108.0,1,2,4,5,224,1.0
220116,1,94,6.0,94.0,1,2,3,6,224,1.0
220117,3,174,3.0,58.0,2,3,6,9,150,0.6666666666666666
220121,1,111,8.0,111.0,1,2,5,8,224,1.0
220122,4,372,3.5,93.0,1,2,7,14,125,1.0
220130,1,103,6.0,103.0,1,2,4,6,225,1.0
220136,2,115,3.0,57.5,1,2,4,6,2,1.0
220140,1,229,10.0,229.0,1,3,5,10,225,1.0
220148,1,139,6.0,139.0,1,3,5,6,225,1.0
220151,4,316,2.5,79.0,1,3,6,10,109,1.0
220154,2,320,7.0,160.0,1,3,9,14,193,1.0
220157,1,123,10.0,123.0,1,2,6,10,225,1.0
220161,3,313,4.666666666666667,104.33333333333333,1,4,7,14,50,1.0
220174,2,190,3.5,95.0,1,2,2,7,214,1.0
220178,1,138,6.0,138.0,1,2,4,6,225,1.0
220179,2,232,4.5,116.0,1,2,6,9,34,1.0
220183,3,402,7.0,134.0,1,4,8,21,83,1.0
220191,1,111,8.0,111.0,1,2,3,8,225,1.0
220192,1,120,6.0,120.0,1,3,4,6,225,1.0
220196,5,742,4.6,148.4,2,4,10,23,46,0.8
220204,4,224,2.0,56.0,2,3,6,8,65,0.5
220220,1,93,5.0,93.0,1,2,5,5,222,1.0
220221,2,217,4.0,108.5,1,3,6,8,31,1.0
220226,2,361,8.0,180.5,1,3,6,16,71,1.0
220229,2,357,9.0,178.5,1,2,4,18,175,1.0
220232,1,185,7.0,185.0,1,2,4,7,221,1.0
220244,1,416,14.0,416.0,1,2,7,14,221,1.0
220246,3,445,5.666666666666667,148.33333333333334,1,4,10,17,169,1.0
220255,3,181,3.3333333333333335,60.333333333333336,1,4,6,10,44,1.0
220259,3,393,5.666666666666667,131.0,1,3,6,17,42,1.0
220269,5,488,4.2,97.6,1,3,7,21,50,1.0
220276,1,149,9.0,149.0,1,2,4,9,220,1.0
220282,2,342,5.5,171.0,2,4,8,11,114,0.5
220293,4,338,3.0,84.5,1,4,7,12,149,1.0
220294,2,250,4.0,125.0,1,2,6,8,37,1.0
220295,4,545,5.75,136.25,2,3,9,23,42,0.5
220297,1,265,11.0,265.0,1,2,4,11,220,1.0
220304,2,184,5.0,92.0,1,2,5,10,220,1.0
220305,1,174,6.0,174.0,1,1,4,6,220,1.0
220308,1,374,13.0,374.0,1,2,5,13,219,1.0
220314,2,277,6.0,138.5,1,3,4,12,174,1.0
220328,2,131,3.5,65.5,1,2,3,7,162,1.0
220334,4,328,3.75,82.0,1,2,6,15,86,1.0
220337,1,133,6.0,133.0,1,2,4,6,219,1.0
220343,1,121,4.0,121.0,1,1,2,4,217,1.0
220346,1,86,7.0,86.0,1,2,3,7,217,1.0
220353,5,346,2.2,69.2,2,4,7,11,28,0.8
220357,8,773,3.875,96.625,2,4,10,31,6,0.125
220360,2,186,4.0,93.0,1,2,3,8,65,1.0
220362,2,264,5.0,132.0,1,3,8,10,203,1.0
220366,7,575,3.5714285714285716,82.14285714285714,4,4,11,25,38,0.2857142857142857
220379,1,304,11.0,304.0,1,3,8,11,218,1.0
220382,1,94,3.0,94.0,1,2,3,3,217,1.0
220386,1,147,5.0,147.0,1,2,3,5,217,1.0
220389,1,211,9.0,211.0,1,2,3,9,217,1.0
220397,1,191,10.0,191.0,1,2,5,10,217,1.0
220401,1,132,5.0,132.0,1,2,3,5,218,1.0
220402,1,242,10.0,242.0,1,2,5,10,217,1.0
220405,2,318,6.5,159.0,1,4,8,13,203,1.0
220410,5,670,5.2,134.0,1,3,10,26,62,1.0
220424,1,148,4.0,148.0,1,1,3,4,217,1.0
220426,5,496,4.4,99.2,1,2,7,22,62,1.0
220427,2,137,2.5,68.5,2,2,5,5,46,0.5
220444,1,180,5.0,180.0,1,2,5,5,215,1.0
220447,1,246,10.0,246.0,1,3,7,10,214,1.0
220455,2,179,4.5,89.5,1,3,5,9,31,1.0
220466,2,890,15.5,445.0,1,4,12,31,38,1.0
220478,1,162,6.0,162.0,1,2,4,6,214,1.0
220480,1,99,6.0,99.0,1,1,1,6,214,1.0
220483,8,692,3.25,86.5,1,4,9,26,112,1.0
220490,1,66,4.0,66.0,1,2,3,4,214,1.0
220496,4,255,3.0,63.75,1,3,7,12,65,1.0
220509,2,159,4.0,79.5,1,3,5,8,157,1.0
220512,2,164,3.5,82.0,1,3,6,7,28,1.0
220515,2,198,3.5,99.0,1,1,2,7,150,1.0
220517,3,420,5.666666666666667,140.0,1,2,7,17,72,1.0
220530,1,245,10.0,245.0,1,2,3,10,212,1.0
220534,1,136,6.0,136.0,1,2,2,6,212,1.0
220535,2,303,7.5,151.5,1,4,8,15,130,1.0
220536,1,122,5.0,122.0,1,2,4,5,212,1.0
220540,1,220,9.0,220.0,1,3,5,9,212,1.0
220541,1,181,9.0,181.0,1,2,5,9,212,1.0
220543,2,224,6.0,112.0,1,4,8,12,127,1.0
220544,2,279,6.5,139.5,1,2,6,13,142,1.0
220545,1,235,8.0,235.0,1,1,5,8,212,1.0
220553,2,162,4.0,81.0,2,2,5,8,212,0.5
220557,2,326,5.0,163.0,1,2,4,10,123,1.0
220567,2,399,5.5,199.5,1,3,6,11,196,1.0
220592,1,163,9.0,163.0,1,2,5,9,210,1.0
220598,2,414,6.5,207.0,2,3,6,13,141,0.5
220602,1,100,6.0,100.0,1,2,4,6,211,1.0
220607,2,297,5.0,148.5,2,2,5,10,63,0.5
220608,7,1485,5.714285714285714,212.14285714285714,1,4,9,40,83,1.0
220610,1,169,10.0,169.0,1,2,4,10,211,1.0
220615,1,193,7.0,193.0,1,2,4,7,210,1.0
220620,1,436,12.0,436.0,1,2,4,12,210,1.0
220635,2,286,4.0,143.0,1,2,3,8,120,1.0
220636,1,279,10.0,279.0,1,2,4,10,211,1.0
220644,1,148,5.0,148.0,1,2,3,5,210,1.0
220653,2,317,6.0,158.5,2,3,6,12,88,0.5
220655,8,627,2.625,78.375,1,4,8,21,34,1.0
220657,2,169,5.5,84.5,1,3,5,11,43,1.0
220658,2,265,6.0,132.5,1,2,6,12,141,1.0
220660,2,285,5.5,142.5,2,3,6,11,11,0.5
220663,2,157,3.0,78.5,1,2,4,6,83,1.0
220690,2,247,6.5,123.5,1,2,6,13,48,1.0
220699,3,418,5.666666666666667,139.33333333333334,2,2,5,17,56,0.6666666666666666
220707,2,509,7.5,254.5,1,3,9,15,137,1.0
220709,1,95,6.0,95.0,1,3,5,6,207,1.0
220726,2,445,6.0,222.5,1,3,7,12,112,1.0
220744,8,667,3.0,83.375,2,2,9,24,62,0.75
220758,1,100,7.0,100.0,1,2,5,7,206,1.0
220760,5,439,3.2,87.8,3,2,3,16,100,0.6
220772,5,532,3.4,106.4,3,3,8,17,31,0.0
220776,4,509,4.75,127.25,2,4,6,19,34,0.75
220778,6,945,6.166666666666667,157.5,2,4,11,37,27,0.8333333333333334
220780,2,211,4.5,105.5,1,3,7,9,34,1.0
220796,3,441,5.333333333333333,147.0,2,4,8,16,41,0.6666666666666666
220814,4,414,3.25,103.5,1,3,7,13,128,1.0
220839,1,211,5.0,211.0,1,2,5,5,205,1.0
220842,3,365,6.666666666666667,121.66666666666667,1,4,8,20,62,1.0
220843,3,248,4.333333333333333,82.66666666666667,3,3,7,13,146,0.3333333333333333
220846,2,121,5.0,60.5,2,2,4,10,120,0.5
220850,1,177,7.0,177.0,1,2,4,7,204,1.0
220851,1,144,7.0,144.0,1,2,3,7,204,1.0
220852,1,167,7.0,167.0,1,3,5,7,203,1.0
220856,1,202,7.0,202.0,1,3,6,7,204,1.0
220859,1,118,4.0,118.0,1,1,2,4,203,1.0
220877,5,407,3.6,81.4,1,3,7,18,66,1.0
220883,1,166,8.0,166.0,1,2,5,8,203,1.0
220886,2,404,7.0,202.0,2,3,7,14,101,0.5
220887,4,285,3.25,71.25,1,3,6,13,69,1.0
220888,1,297,10.0,297.0,1,2,5,10,204,1.0
220892,2,314,4.5,157.0,1,4,5,9,174,1.0
220895,1,193,8.0,193.0,1,2,4,8,203,1.0
220898,1,178,8.0,178.0,1,3,5,8,204,1.0
220901,1,157,4.0,157.0,1,2,4,4,203,1.0
220921,1,112,7.0,112.0,1,2,4,7,204,1.0
220925,1,101,5.0,101.0,1,3,4,5,204,1.0
220935,3,293,3.0,97.66666666666667,2,1,4,9,91,0.6666666666666666
220946,3,335,4.666666666666667,111.66666666666667,3,2,5,14,18,0.3333333333333333
220947,2,238,4.0,119.0,1,3,5,8,203,1.0
220950,2,214,5.5,107.0,1,2,4,11,38,1.0
220956,2,125,4.5,62.5,1,2,3,9,154,1.0
220965,2,187,3.5,93.5,1,3,5,7,51,1.0
220977,6,733,5.333333333333333,122.16666666666667,1,4,12,32,27,1.0
220983,1,94,6.0,94.0,1,2,5,6,203,1.0
220988,3,424,5.0,141.33333333333334,2,3,8,15,37,0.3333333333333333
220992,3,300,4.333333333333333,100.0,1,3,8,13,118,1.0
220993,2,456,8.0,228.0,1,2,7,16,170,1.0
220994,1,122,8.0,122.0,1,2,4,8,203,1.0
221000,2,255,6.0,127.5,2,2,3,12,153,0.5
221004,1,115,5.0,115.0,1,2,4,5,203,1.0
221011,1,150,7.0,150.0,1,3,5,7,203,1.0
221016,1,83,4.0,83.0,1,3,4,4,203,1.0
221023,6,426,2.8333333333333335,71.0,1,4,8,17,90,1.0
221025,5,627,5.4,125.4,2,4,9,27,29,0.8
221027,1,361,10.0,361.0,1,3,7,10,203,1.0
221043,1,231,9.0,231.0,1,3,5,9,203,1.0
221045,1,133,7.0,133.0,1,2,3,7,204,1.0
221048,2,396,6.0,198.0,1,2,4,12,49,1.0
221049,1,216,9.0,216.0,1,2,4,9,203,1.0
221059,4,423,4.0,105.75,1,4,8,16,76,1.0
221062,1,222,9.0,222.0,1,2,5,9,204,1.0
221072,2,150,3.5,75.0,1,2,3,7,204,1.0
221086,2,165,3.5,82.5,1,2,5,7,201,1.0
221088,1,111,5.0,111.0,1,2,4,5,201,1.0
221091,1,136,5.0,136.0,1,2,4,5,201,1.0
221095,2,197,4.0,98.5,1,2,5,8,199,1.0
221102,2,225,4.5,112.5,1,2,4,9,196,1.0
221117,1,206,10.0,206.0,1,2,5,10,201,1.0
221119,8,903,3.625,112.875,2,4,10,29,7,0.75
221124,1,133,4.0,133.0,1,3,4,4,201,1.0
221127,2,111,3.5,55.5,1,2,4,7,200,1.0
221128,2,214,5.5,107.0,2,2,6,11,111,0.5
221132,1,128,4.0,128.0,1,2,3,4,200,1.0
221138,3,161,3.3333333333333335,53.666666666666664,2,2,6,10,156,0.6666666666666666
221142,1,96,5.0,96.0,1,1,1,5,200,1.0
221144,10,1203,4.2,120.3,2,4,10,42,29,0.6
221146,1,132,7.0,132.0,1,2,4,7,200,1.0
221168,5,338,2.6,67.6,2,3,7,13,31,0.6
221171,1,186,6.0,186.0,1,3,5,6,200,1.0
221174,1,204,8.0,204.0,1,3,6,8,200,1.0
221184,3,466,5.333333333333333,155.33333333333334,2,3,7,16,135,0.6666666666666666
221191,6,568,3.1666666666666665,94.66666666666667,1,4,8,19,31,1.0
221196,1,135,6.0,135.0,1,2,4,6,200,1.0
221219,4,595,4.25,148.75,3,3,9,17,91,0.25
221229,1,165,4.0,165.0,1,2,4,4,199,1.0
221241,2,512,9.5,256.0,1,2,6,19,64,1.0
221245,3,398,4.0,132.66666666666666,1,2,6,12,15,1.0
221248,1,258,9.0,258.0,1,3,5,9,199,1.0
221261,5,410,3.8,82.0,1,3,8,19,93,1.0
221273,1,110,6.0,110.0,1,2,4,6,199,1.0
221282,6,625,4.0,104.16666666666667,2,4,7,24,45,0.8333333333333334
221283,2,238,5.0,119.0,1,3,5,10,78,1.0
221289,1,203,10.0,203.0,1,2,4,10,198,1.0
221303,2,194,3.5,97.0,2,2,4,7,145,0.5
221309,1,141,7.0,141.0,1,2,3,7,198,1.0
221314,7,444,2.2857142857142856,63.42857142857143,2,4,6,16,45,0.8571428571428571
221327,2,111,3.0,55.5,1,2,3,6,198,1.0
221332,1,387,21.0,387.0,1,2,3,21,198,1.0
221341,4,487,4.0,121.75,2,3,6,16,39,0.5
221347,1,123,6.0,123.0,1,3,4,6,198,1.0
221357,1,111,6.0,111.0,1,2,3,6,196,1.0
221360,4,461,4.75,115.25,2,4,8,19,111,0.75
221363,1,107,6.0,107.0,1,2,2,6,196,1.0
221379,2,246,5.0,123.0,1,2,3,10,65,1.0
221385,2,399,6.0,199.5,2,4,8,12,99,0.5
221391,2,617,10.5,308.5,2,3,7,21,34,0.5
221396,2,405,7.0,202.5,2,3,5,14,112,0.5
221406,2,219,5.0,109.5,1,3,5,10,146,1.0
221414,3,232,2.6666666666666665,77.33333333333333,1,2,5,8,130,1.0
221415,1,143,7.0,143.0,1,2,5,7,196,1.0
221416,1,284,12.0,284.0,1,2,5,12,196,1.0
221436,2,455,9.0,227.5,1,4,6,18,153,1.0
221445,2,241,6.0,120.5,1,3,7,12,97,1.0
221447,3,509,5.0,169.66666666666666,1,3,6,15,139,1.0
221458,1,141,4.0,141.0,1,1,2,4,197,1.0
221465,1,145,9.0,145.0,1,2,4,9,196,1.0
221470,2,170,3.5,85.0,2,2,5,7,132,0.5
221474,1,112,4.0,112.0,1,2,4,4,196,1.0
221476,3,329,3.3333333333333335,109.66666666666667,2,3,5,10,182,0.6666666666666666
221477,1,133,7.0,133.0,1,2,3,7,196,1.0
221482,1,128,5.0,128.0,1,2,4,5,196,1.0
221486,1,124,6.0,124.0,1,3,4,6,196,1.0
221491,1,142,7.0,142.0,1,2,3,7,196,1.0
221494,2,236,5.0,118.0,1,3,7,10,142,1.0
221504,1,172,8.0,172.0,1,2,3,8,197,1.0
221508,1,271,11.0,271.0,1,2,5,11,196,1.0
221517,1,127,6.0,127.0,1,2,4,6,196,1.0
221522,1,157,6.0,157.0,1,2,4,6,196,1.0
221530,1,269,12.0,269.0,1,2,3,12,196,1.0
221536,2,130,3.0,65.0,1,3,5,6,182,1.0
221537,1,192,7.0,192.0,1,3,6,7,196,1.0
221544,4,604,4.75,151.0,2,4,8,19,39,0.75
221553,1,217,8.0,217.0,1,3,6,8,196,1.0
221556,1,142,7.0,142.0,1,2,4,7,196,1.0
221558,1,210,9.0,210.0,1,4,5,9,196,1.0
221567,1,387,11.0,387.0,1,3,6,11,196,1.0
221572,1,95,6.0,95.0,1,2,3,6,196,1.0
221575,2,308,5.0,154.0,2,2,5,10,13,0.5
221582,1,137,5.0,137.0,1,2,3,5,196,1.0
221588,1,137,6.0,137.0,1,2,3,6,196,1.0
221595,2,201,4.5,100.5,1,3,6,9,28,1.0
221600,1,323,11.0,323.0,1,2,4,11,196,1.0
221615,4,380,3.75,95.0,3,2,5,15,44,0.25
221620,1,226,8.0,226.0,1,3,4,8,194,1.0
221629,1,241,8.0,241.0,1,2,5,8,194,1.0
221632,2,213,4.5,106.5,1,2,5,9,174,1.0
221634,1,112,6.0,112.0,1,2,5,6,194,1.0
221639,1,151,5.0,151.0,1,3,4,5,194,1.0
221643,2,141,3.0,70.5,1,2,5,6,97,1.0
221645,3,365,3.6666666666666665,121.66666666666667,1,3,5,11,8,1.0
221649,1,335,11.0,335.0,1,3,5,11,193,1.0
221656,2,178,4.5,89.0,1,2,4,9,160,1.0
221658,2,289,5.0,144.5,1,3,6,10,1,1.0
221667,1,260,9.0,260.0,1,3,7,9,193,1.0
221670,4,629,4.75,157.25,2,3,8,19,4,0.75
221674,5,373,3.0,74.6,2,3,6,15,21,0.6
221684,1,119,6.0,119.0,1,2,3,6,193,1.0
221691,8,477,2.75,59.625,1,3,7,22,72,1.0
221695,2,164,4.5,82.0,2,3,5,9,37,0.5
221704,1,239,10.0,239.0,1,2,3,10,193,1.0
221717,2,279,6.5,139.5,1,3,4,13,113,1.0
221724,1,156,6.0,156.0,1,2,4,6,192,1.0
221725,1,145,6.0,145.0,1,2,3,6,192,1.0
221731,1,172,7.0,172.0,1,3,4,7,192,1.0
221742,1,176,6.0,176.0,1,3,4,6,192,1.0
221748,1,203,9.0,203.0,1,2,6,9,192,1.0
221763,1,161,8.0,161.0,1,2,2,8,192,1.0
221770,1,223,8.0,223.0,1,3,7,8,192,1.0
221776,1,260,10.0,260.0,1,3,7,10,192,1.0
221811,2,128,3.5,64.0,1,2,4,7,78,1.0
221812,1,139,5.0,139.0,1,2,3,5,191,1.0
221822,2,199,5.0,99.5,1,2,3,10,168,1.0
221836,1,92,6.0,92.0,1,2,3,6,191,1.0
221839,1,211,8.0,211.0,1,3,6,8,191,1.0
221841,3,240,3.3333333333333335,80.0,1,3,5,10,101,1.0
221848,2,290,5.0,145.0,2,4,7,10,42,0.5
221849,1,233,7.0,233.0,1,3,5,7,191,1.0
221852,4,223,3.25,55.75,1,3,5,13,93,1.0
221855,1,124,7.0,124.0,1,2,3,7,191,1.0
221856,2,264,5.0,132.0,1,2,4,10,189,1.0
221858,1,151,4.0,151.0,1,1,2,4,191,1.0
221866,6,748,4.666666666666667,124.66666666666667,1,4,9,28,7,1.0
221867,2,318,4.5,159.0,1,3,4,9,176,1.0
221881,11,910,2.1818181818181817,82.72727272727273,2,4,7,24,0,0.36363636363636365
221883,3,220,3.0,73.33333333333333,1,2,5,9,86,1.0
221889,1,225,10.0,225.0,1,3,6,10,189,1.0
221894,3,225,3.6666666666666665,75.0,3,2,5,11,125,0.3333333333333333
221903,3,402,5.0,134.0,2,4,7,15,23,0.3333333333333333
221913,1,106,7.0,106.0,1,2,3,7,189,1.0
221914,3,690,8.0,230.0,2,3,8,24,56,0.3333333333333333
221915,1,173,4.0,173.0,1,2,4,4,189,1.0
221917,4,365,3.75,91.25,2,2,6,15,61,0.75
221930,3,269,3.3333333333333335,89.66666666666667,1,3,6,10,31,1.0
221933,4,511,3.75,127.75,1,4,8,15,111,1.0
221941,1,270,9.0,270.0,1,3,5,9,189,1.0
221946,2,289,5.0,144.5,2,2,3,10,61,0.5
221952,1,207,6.0,207.0,1,1,4,6,189,1.0
221953,1,123,4.0,123.0,1,2,4,4,189,1.0
221954,3,290,3.3333333333333335,96.66666666666667,1,3,6,10,77,1.0
221956,2,154,4.0,77.0,1,3,4,8,190,1.0
221957,3,208,3.3333333333333335,69.33333333333333,2,2,3,10,57,0.6666666666666666
221983,2,387,8.0,193.5,2,3,7,16,56,0.5
221992,1,395,10.0,395.0,1,3,7,10,190,1.0
221997,1,98,7.0,98.0,1,2,3,7,189,1.0
221999,1,453,15.0,453.0,1,3,5,15,190,1.0
222003,3,205,3.3333333333333335,68.33333333333333,1,2,4,10,153,1.0
222005,1,166,7.0,166.0,1,2,5,7,189,1.0
222006,1,222,7.0,222.0,1,2,3,7,189,1.0
222010,1,153,6.0,153.0,1,2,5,6,190,1.0
222023,3,202,2.6666666666666665,67.33333333333333,2,3,5,8,9,0.3333333333333333
222030,1,232,8.0,232.0,1,3,6,8,189,1.0
222037,4,306,3.0,76.5,1,3,7,12,55,1.0
222039,2,299,4.5,149.5,1,3,5,9,116,1.0
222040,2,278,4.5,139.0,1,2,5,9,189,1.0
222044,2,247,4.5,123.5,1,3,6,9,104,1.0
222046,3,236,3.3333333333333335,78.66666666666667,1,4,7,10,125,1.0
222052,1,222,8.0,222.0,1,3,4,8,189,1.0
222073,3,208,3.3333333333333335,69.33333333333333,1,2,5,10,62,1.0
222085,2,388,5.0,194.0,1,2,6,10,116,1.0
222087,1,130,7.0,130.0,1,2,5,7,190,1.0
222088,3,232,4.0,77.33333333333333,1,2,5,12,118,1.0
222094,1,137,6.0,137.0,1,2,3,6,190,1.0
222099,1,263,8.0,263.0,1,3,6,8,189,1.0
222101,1,124,6.0,124.0,1,2,3,6,190,1.0
222104,1,130,6.0,130.0,1,2,3,6,189,1.0
222114,1,222,9.0,222.0,1,2,5,9,189,1.0
222119,2,140,3.0,70.0,1,2,4,6,189,1.0
222125,3,328,4.0,109.33333333333333,1,2,5,12,109,1.0
222127,2,240,4.5,120.0,1,3,6,9,163,1.0
222133,3,340,4.0,113.33333333333333,1,2,6,12,69,1.0
222134,1,160,6.0,160.0,1,2,5,6,187,1.0
222137,1,116,3.0,116.0,1,2,2,3,187,1.0
222140,2,267,4.5,133.5,1,3,7,9,186,1.0
222190,1,237,6.0,237.0,1,2,4,6,186,1.0
222192,2,180,4.0,90.0,2,2,5,8,65,0.5
222199,2,220,3.5,110.0,1,3,4,7,183,1.0
222207,1,154,6.0,154.0,1,3,4,6,186,1.0
222214,3,205,3.3333333333333335,68.33333333333333,1,2,6,10,116,1.0
222217,4,258,2.5,64.5,1,3,6,10,59,1.0
222235,2,301,6.5,150.5,1,3,6,13,61,1.0
222239,4,371,5.25,92.75,1,4,8,21,58,1.0
222249,4,361,3.5,90.25,2,3,7,14,59,0.75
222268,2,231,3.5,115.5,1,2,3,7,183,1.0
222277,1,204,9.0,204.0,1,2,4,9,185,1.0
222290,3,302,3.6666666666666665,100.66666666666667,3,2,5,11,40,0.3333333333333333
222292,3,311,3.0,103.66666666666667,1,2,5,9,115,1.0
222300,3,284,3.3333333333333335,94.66666666666667,1,4,5,10,37,1.0
222301,1,121,6.0,121.0,1,3,4,6,185,1.0
222327,1,189,9.0,189.0,1,2,3,9,183,1.0
222335,1,204,6.0,204.0,1,2,6,6,183,1.0
222336,1,189,7.0,189.0,1,2,4,7,183,1.0
222337,1,207,8.0,207.0,1,2,6,8,183,1.0
222338,6,528,3.1666666666666665,88.0,3,3,8,19,24,0.3333333333333333
222358,3,279,4.0,93.0,1,4,6,12,44,1.0
222359,1,135,5.0,135.0,1,3,5,5,183,1.0
222380,1,112,6.0,112.0,1,2,5,6,183,1.0
222384,1,167,5.0,167.0,1,1,2,5,183,1.0
222387,6,702,3.5,117.0,1,4,11,21,93,1.0
222388,1,128,6.0,128.0,1,2,3,6,183,1.0
222390,1,126,7.0,126.0,1,2,3,7,183,1.0
222399,1,118,7.0,118.0,1,2,3,7,182,1.0
222400,1,169,8.0,169.0,1,2,4,8,181,1.0
222406,4,292,2.5,73.0,1,4,7,10,36,1.0
222416,1,145,5.0,145.0,1,3,4,5,181,1.0
222419,1,252,11.0,252.0,1,2,5,11,181,1.0
222431,1,137,6.0,137.0,1,2,5,6,181,1.0
222443,1,122,7.0,122.0,1,2,3,7,181,1.0
222449,1,196,9.0,196.0,1,3,7,9,181,1.0
222452,3,467,6.333333333333333,155.66666666666666,2,3,6,19,101,0.3333333333333333
222453,1,228,10.0,228.0,1,2,4,10,182,1.0
222507,4,468,5.5,117.0,2,4,8,22,57,0.5
222527,3,367,4.333333333333333,122.33333333333333,1,2,3,13,62,1.0
222528,1,134,4.0,134.0,1,1,3,4,181,1.0
222548,1,91,4.0,91.0,1,2,4,4,181,1.0
222562,1,213,9.0,213.0,1,2,4,9,181,1.0
222576,3,248,4.0,82.66666666666667,3,4,7,12,99,0.3333333333333333
222590,3,327,4.0,109.0,2,3,8,12,98,0.6666666666666666
222591,1,133,4.0,133.0,1,1,4,4,181,1.0
222606,1,95,6.0,95.0,1,2,2,6,183,1.0
222617,1,220,8.0,220.0,1,3,5,8,181,1.0
222618,1,139,6.0,139.0,1,2,3,6,181,1.0
222619,1,173,5.0,173.0,1,1,3,5,182,1.0
222625,1,133,7.0,133.0,1,2,5,7,182,1.0
222629,2,293,3.5,146.5,1,4,5,7,176,1.0
222634,3,296,3.0,98.66666666666667,1,3,6,9,78,1.0
222649,3,227,3.3333333333333335,75.66666666666667,1,3,5,10,125,1.0
222650,3,322,4.0,107.33333333333333,1,4,6,12,49,1.0
222652,2,310,4.0,155.0,1,3,6,8,9,1.0
222656,1,239,7.0,239.0,1,3,6,7,181,1.0
222659,3,307,3.6666666666666665,102.33333333333333,1,3,6,11,60,1.0
222678,1,133,7.0,133.0,1,2,3,7,182,1.0
222679,1,197,8.0,197.0,1,2,5,8,181,1.0
222695,1,131,6.0,131.0,1,2,3,6,182,1.0
222699,1,105,5.0,105.0,1,2,3,5,182,1.0
222707,1,114,6.0,114.0,1,2,4,6,179,1.0
222709,3,322,4.0,107.33333333333333,1,2,5,12,2,1.0
222723,2,259,4.0,129.5,1,2,6,8,72,1.0
222756,1,189,8.0,189.0,1,2,5,8,179,1.0
222768,3,407,6.333333333333333,135.66666666666666,1,4,10,19,93,1.0
222773,3,199,4.333333333333333,66.33333333333333,1,3,4,13,62,1.0
222783,2,243,5.5,121.5,2,2,5,11,79,0.5
222786,1,237,9.0,237.0,1,4,7,9,178,1.0
222791,5,548,4.4,109.6,1,3,8,22,65,1.0
222794,5,644,4.2,128.8,2,4,9,21,94,0.2
222801,2,376,4.5,188.0,1,2,7,9,58,1.0
222806,1,141,7.0,141.0,1,3,4,7,178,1.0
222808,1,145,6.0,145.0,1,2,3,6,178,1.0
222809,1,132,7.0,132.0,1,2,3,7,178,1.0
222820,3,479,5.0,159.66666666666666,2,3,6,15,57,0.6666666666666666
222829,1,137,7.0,137.0,1,2,4,7,178,1.0
222832,2,178,5.0,89.0,1,2,3,10,51,1.0
222848,1,134,7.0,134.0,1,2,4,7,177,1.0
222855,1,154,7.0,154.0,1,2,4,7,177,1.0
222860,3,289,4.666666666666667,96.33333333333333,1,2,5,14,24,1.0
222862,1,87,7.0,87.0,1,2,2,7,177,1.0
222864,2,324,6.5,162.0,1,3,6,13,143,1.0
222876,2,336,6.0,168.0,1,3,6,12,65,1.0
222886,5,411,2.6,82.2,1,2,6,13,58,1.0
222896,2,227,4.0,113.5,1,2,6,8,176,1.0
222918,2,303,6.5,151.5,1,2,7,13,50,1.0
222938,2,187,4.5,93.5,1,3,6,9,28,1.0
222941,1,142,5.0,142.0,1,2,5,5,176,1.0
222943,2,324,4.0,162.0,2,4,7,8,105,0.5
222946,3,289,2.6666666666666665,96.33333333333333,1,1,5,8,57,1.0
222953,2,232,4.0,116.0,2,4,6,8,87,0.5
222968,1,169,6.0,169.0,1,2,4,6,176,1.0
222973,1,226,9.0,226.0,1,2,3,9,176,1.0
222990,2,215,4.5,107.5,1,2,6,9,65,1.0
223013,1,132,6.0,132.0,1,2,4,6,176,1.0
223023,1,184,5.0,184.0,1,2,4,5,176,1.0
223030,2,203,4.5,101.5,2,3,5,9,149,0.5
223049,1,108,7.0,108.0,1,2,3,7,174,1.0
223054,2,195,5.0,97.5,1,3,4,10,41,1.0
223062,1,126,6.0,126.0,1,2,5,6,175,1.0
223072,1,242,8.0,242.0,1,3,5,8,175,1.0
223074,1,145,4.0,145.0,1,1,2,4,174,1.0
223076,1,128,7.0,128.0,1,2,5,7,175,1.0
223078,1,103,6.0,103.0,1,2,3,6,174,1.0
223082,1,184,7.0,184.0,1,2,5,7,175,1.0
223084,1,177,8.0,177.0,1,3,5,8,174,1.0
223093,1,136,5.0,136.0,1,2,5,5,174,1.0
223100,1,171,7.0,171.0,1,3,5,7,175,1.0
223105,1,122,6.0,122.0,1,2,5,6,174,1.0
223108,1,133,5.0,133.0,1,3,5,5,174,1.0
223117,1,143,6.0,143.0,1,3,3,6,174,1.0
223119,1,141,6.0,141.0,1,2,4,6,174,1.0
223120,1,119,6.0,119.0,1,2,4,6,175,1.0
223129,1,239,8.0,239.0,1,1,4,8,174,1.0
223133,1,132,8.0,132.0,1,2,4,8,175,1.0
223137,1,121,4.0,121.0,1,3,4,4,174,1.0
223140,1,167,5.0,167.0,1,2,3,5,175,1.0
223146,2,234,5.0,117.0,1,3,6,10,125,1.0
223163,2,300,5.0,150.0,1,2,5,10,65,1.0
223169,3,430,5.333333333333333,143.33333333333334,1,3,8,16,63,1.0
223170,2,335,7.0,167.5,1,4,9,14,1,1.0
223185,1,138,4.0,138.0,1,2,4,4,175,1.0
223204,4,337,3.0,84.25,1,4,8,12,65,1.0
223207,1,117,5.0,117.0,1,3,4,5,174,1.0
223215,2,177,4.5,88.5,1,3,5,9,132,1.0
223217,4,552,4.25,138.0,1,4,9,17,13,1.0
223219,8,542,2.125,67.75,2,3,7,17,6,0.75
223220,2,164,2.5,82.0,1,3,4,5,76,1.0
223229,1,258,10.0,258.0,1,3,6,10,175,1.0
223237,1,137,7.0,137.0,1,2,3,7,174,1.0
223238,1,121,6.0,121.0,1,2,5,6,175,1.0
223244,2,249,5.0,124.5,1,3,5,10,112,1.0
223246,3,590,8.666666666666666,196.66666666666666,2,4,9,26,114,0.6666666666666666
223255,1,190,8.0,190.0,1,3,4,8,175,1.0
223259,2,541,11.5,270.5,1,4,9,23,118,1.0
223262,1,242,8.0,242.0,1,3,5,8,174,1.0
223263,3,378,6.0,126.0,1,3,5,18,98,1.0
223266,1,227,8.0,227.0,1,3,5,8,174,1.0
223267,1,132,7.0,132.0,1,2,3,7,174,1.0
223269,1,187,8.0,187.0,1,2,4,8,174,1.0
223270,1,110,7.0,110.0,1,3,4,7,174,1.0
223276,2,206,4.0,103.0,1,2,4,8,90,1.0
223292,2,166,5.0,83.0,1,2,5,10,65,1.0
223296,1,143,6.0,143.0,1,2,4,6,175,1.0
223309,4,368,3.5,92.0,2,4,8,14,44,0.5
223318,1,199,9.0,199.0,1,2,5,9,174,1.0
223319,1,118,7.0,118.0,1,2,3,7,175,1.0
223339,2,320,7.0,160.0,1,2,4,14,133,1.0
223346,1,265,12.0,265.0,1,4,6,12,174,1.0
223349,3,447,5.0,149.0,1,4,7,15,72,1.0
223356,1,196,9.0,196.0,1,2,5,9,175,1.0
223365,1,127,7.0,127.0,1,2,3,7,174,1.0
223371,1,131,5.0,131.0,1,2,4,5,175,1.0
223373,1,146,7.0,146.0,1,2,3,7,175,1.0
223377,2,320,5.5,160.0,1,2,3,11,175,1.0
223378,1,159,5.0,159.0,1,3,5,5,174,1.0
223387,1,182,8.0,182.0,1,2,3,8,172,1.0
223389,1,213,10.0,213.0,1,2,3,10,172,1.0
223391,2,290,6.0,145.0,1,2,6,12,171,1.0
223392,1,148,6.0,148.0,1,3,4,6,172,1.0
223398,3,384,5.0,128.0,1,2,6,15,151,1.0
223406,2,878,9.5,439.0,1,2,6,19,172,1.0
223412,2,237,5.0,118.5,1,2,4,10,121,1.0
223425,1,206,8.0,206.0,1,2,4,8,172,1.0
223434,3,293,3.3333333333333335,97.66666666666667,1,3,5,10,65,1.0
223441,1,85,7.0,85.0,1,2,3,7,172,1.0
223443,1,180,7.0,180.0,1,3,4,7,172,1.0
223467,2,517,8.0,258.5,2,1,3,16,164,0.5
223469,2,214,4.0,107.0,2,3,7,8,64,0.5
223483,1,187,8.0,187.0,1,3,5,8,171,1.0
223490,1,222,7.0,222.0,1,1,3,7,171,1.0
223492,7,608,2.2857142857142856,86.85714285714286,1,3,7,16,101,1.0
223498,1,157,5.0,157.0,1,2,5,5,171,1.0
223502,4,433,4.0,108.25,1,2,8,16,47,1.0
223514,1,143,6.0,143.0,1,3,4,6,171,1.0
223525,5,606,5.2,121.2,2,4,10,26,0,0.6
223529,1,117,7.0,117.0,1,3,5,7,171,1.0
223534,4,429,3.75,107.25,1,2,5,15,1,1.0
223536,4,462,4.0,115.5,2,3,7,16,94,0.25
223570,1,278,12.0,278.0,1,4,6,12,170,1.0
223572,1,208,6.0,208.0,1,3,5,6,170,1.0
223573,2,278,4.0,139.0,1,2,5,8,97,1.0
223582,1,155,7.0,155.0,1,3,4,7,170,1.0
223583,1,148,6.0,148.0,1,2,2,6,170,1.0
223589,3,326,4.333333333333333,108.66666666666667,2,4,9,13,123,0.6666666666666666
223591,1,148,5.0,148.0,1,2,4,5,170,1.0
223594,5,462,3.2,92.4,1,3,7,16,63,1.0
223610,1,187,7.0,187.0,1,3,6,7,170,1.0
223615,1,178,7.0,178.0,1,3,4,7,170,1.0
223618,2,239,6.0,119.5,1,2,3,12,167,1.0
223636,3,578,4.666666666666667,192.66666666666666,1,3,8,14,9,1.0
223645,6,387,2.1666666666666665,64.5,4,3,8,13,8,0.16666666666666666
223653,1,170,5.0,170.0,1,2,4,5,169,1.0
223659,1,98,7.0,98.0,1,2,3,7,169,1.0
223667,1,140,6.0,140.0,1,2,4,6,169,1.0
223672,1,122,7.0,122.0,1,2,4,7,169,1.0
223675,1,174,8.0,174.0,1,3,5,8,169,1.0
223696,1,210,8.0,210.0,1,2,4,8,169,1.0
223701,2,234,6.0,117.0,1,3,7,12,109,1.0
223706,1,123,6.0,123.0,1,2,4,6,169,1.0
223712,1,407,14.0,407.0,1,3,8,14,169,1.0
223720,2,204,4.5,102.0,1,2,5,9,113,1.0
223722,1,146,8.0,146.0,1,2,3,8,169,1.0
223744,1,111,7.0,111.0,1,2,4,7,167,1.0
223754,2,240,4.0,120.0,1,2,5,8,151,1.0
223756,3,478,5.0,159.33333333333334,2,4,9,15,35,0.3333333333333333
223767,2,354,8.0,177.0,1,2,3,16,153,1.0
223771,2,249,4.5,124.5,1,3,7,9,52,1.0
223775,2,185,3.5,92.5,1,2,5,7,167,1.0
223781,1,122,5.0,122.0,1,2,3,5,168,1.0
223788,1,139,5.0,139.0,1,2,3,5,167,1.0
223789,3,173,3.0,57.666666666666664,1,2,6,9,55,1.0
223796,1,114,5.0,114.0,1,2,4,5,168,1.0
223800,2,198,4.5,99.0,1,2,3,9,167,1.0
223801,2,333,7.0,166.5,2,3,3,14,146,0.5
223802,3,343,3.6666666666666665,114.33333333333333,1,4,7,11,31,1.0
223821,2,341,5.0,170.5,1,4,7,10,111,1.0
223822,2,240,4.5,120.0,1,2,4,9,107,1.0
223825,1,194,10.0,194.0,1,2,5,10,167,1.0
223832,4,371,3.5,92.75,2,4,6,14,57,0.75
223835,2,188,5.5,94.0,1,3,5,11,83,1.0
223840,1,232,7.0,232.0,1,2,4,7,167,1.0
223841,1,265,7.0,265.0,1,1,3,7,167,1.0
223845,2,231,5.0,115.5,2,2,5,10,94,0.5
223849,1,197,8.0,197.0,1,2,5,8,167,1.0
223852,17,1024,2.588235294117647,60.23529411764706,4,3,10,44,39,0.7647058823529411
223858,1,204,6.0,204.0,1,2,5,6,167,1.0
223863,2,246,3.5,123.0,1,2,5,7,76,1.0
223866,2,277,4.5,138.5,1,2,4,9,167,1.0
223871,3,385,4.333333333333333,128.33333333333334,2,3,4,13,81,0.3333333333333333
223875,1,143,9.0,143.0,1,2,6,9,167,1.0
223883,2,216,5.0,108.0,1,2,4,10,162,1.0
223886,2,191,4.0,95.5,1,3,5,8,168,1.0
223889,3,433,5.0,144.33333333333334,2,4,8,15,87,0.6666666666666666
223903,3,292,3.6666666666666665,97.33333333333333,1,4,6,11,91,1.0
223911,1,160,7.0,160.0,1,2,5,7,167,1.0
223916,2,363,6.0,181.5,1,2,4,12,115,1.0
223922,2,189,3.5,94.5,1,2,3,7,8,1.0
223936,1,213,8.0,213.0,1,2,4,8,167,1.0
223946,2,204,4.0,102.0,2,3,5,8,107,0.5
223951,1,201,6.0,201.0,1,1,2,6,167,1.0
223954,1,101,7.0,101.0,1,2,3,7,168,1.0
223955,1,136,6.0,136.0,1,2,4,6,167,1.0
223965,1,172,5.0,172.0,1,2,4,5,168,1.0
223967,1,137,5.0,137.0,1,2,3,5,167,1.0
223981,1,102,6.0,102.0,1,2,4,6,168,1.0
223983,1,208,6.0,208.0,1,2,3,6,168,1.0
223989,1,258,9.0,258.0,1,2,3,9,168,1.0
223990,2,516,8.5,258.0,1,4,8,17,57,1.0
223992,2,143,3.0,71.5,1,2,4,6,64,1.0
223993,1,183,6.0,183.0,1,2,4,6,167,1.0
224000,2,234,5.0,117.0,1,3,7,10,72,1.0
224003,1,130,4.0,130.0,1,1,3,4,167,1.0
224004,1,182,9.0,182.0,1,2,5,9,168,1.0
224008,1,137,6.0,137.0,1,2,3,6,167,1.0
224010,1,208,9.0,208.0,1,2,5,9,167,1.0
224013,2,401,7.5,200.5,1,4,6,15,90,1.0
224018,2,260,7.0,130.0,2,3,5,14,62,0.5
224023,1,152,8.0,152.0,1,3,5,8,168,1.0
224024,1,135,8.0,135.0,1,2,3,8,168,1.0
224033,1,133,7.0,133.0,1,2,3,7,168,1.0
224041,3,302,3.3333333333333335,100.66666666666667,1,3,6,10,28,1.0
224043,1,168,5.0,168.0,1,3,4,5,167,1.0
224049,4,447,4.75,111.75,1,3,8,19,121,1.0
224058,3,274,3.3333333333333335,91.33333333333333,1,4,6,10,87,1.0
224063,2,189,4.5,94.5,1,2,4,9,65,1.0
224064,1,192,8.0,192.0,1,3,5,8,168,1.0
224082,1,320,9.0,320.0,1,3,5,9,167,1.0
224093,1,158,6.0,158.0,1,2,5,6,165,1.0
224094,1,173,6.0,173.0,1,2,5,6,165,1.0
224105,2,220,3.0,110.0,1,2,3,6,164,1.0
224107,2,246,4.0,123.0,1,2,3,8,149,1.0
224109,1,138,6.0,138.0,1,2,5,6,165,1.0
224113,3,347,5.0,115.66666666666667,2,2,4,15,116,0.6666666666666666
224114,2,169,4.5,84.5,1,2,4,9,62,1.0
224117,1,163,8.0,163.0,1,2,4,8,165,1.0
224124,5,508,3.8,101.6,4,4,6,19,58,0.2
224129,3,286,4.0,95.33333333333333,1,2,4,12,76,1.0
224131,5,638,3.8,127.6,2,3,6,19,91,0.2
224147,1,144,4.0,144.0,1,1,3,4,164,1.0
224148,14,686,1.7142857142857142,49.0,2,3,5,24,0,0.7857142857142857
224166,2,312,6.0,156.0,1,3,5,12,49,1.0
224169,1,147,4.0,147.0,1,1,3,4,164,1.0
224175,1,112,4.0,112.0,1,1,3,4,164,1.0
224183,1,220,7.0,220.0,1,2,5,7,164,1.0
224200,3,404,4.333333333333333,134.66666666666666,2,2,5,13,120,0.6666666666666666
224203,12,1245,4.25,103.75,7,4,13,51,21,0.08333333333333333
224206,1,146,5.0,146.0,1,2,3,5,163,1.0
224224,1,146,5.0,146.0,1,3,4,5,163,1.0
224228,2,186,3.0,93.0,1,2,4,6,94,1.0
224238,1,135,7.0,135.0,1,2,4,7,163,1.0
224240,2,287,5.0,143.5,1,3,5,10,86,1.0
224272,1,166,7.0,166.0,1,2,5,7,162,1.0
224277,1,111,5.0,111.0,1,2,5,5,162,1.0
224288,4,342,3.0,85.5,3,3,5,12,56,0.25
224289,2,1945,32.0,972.5,2,3,10,64,30,0.5
224292,3,394,5.333333333333333,131.33333333333334,1,2,4,16,61,1.0
224293,1,234,11.0,234.0,1,2,3,11,162,1.0
224294,1,136,4.0,136.0,1,1,4,4,162,1.0
224295,2,317,7.0,158.5,1,2,4,14,86,1.0
224296,3,318,4.333333333333333,106.0,1,2,5,13,2,1.0
224299,6,691,3.6666666666666665,115.16666666666667,3,2,7,22,17,0.6666666666666666
224307,2,219,5.0,109.5,2,2,3,10,161,0.5
224311,3,294,3.6666666666666665,98.0,1,3,6,11,41,1.0
224317,2,270,5.5,135.0,2,2,5,11,8,0.5
224337,1,137,7.0,137.0,1,2,5,7,162,1.0
224338,2,264,4.0,132.0,2,2,6,8,17,0.5
224340,1,99,4.0,99.0,1,2,4,4,162,1.0
224351,1,263,9.0,263.0,1,2,6,9,162,1.0
224367,1,84,5.0,84.0,1,2,3,5,162,1.0
224376,1,414,16.0,414.0,1,3,8,16,162,1.0
224409,1,286,9.0,286.0,1,2,3,9,160,1.0
224417,2,362,8.0,181.0,2,4,8,16,45,0.5
224444,1,105,7.0,105.0,1,2,3,7,160,1.0
224458,1,148,7.0,148.0,1,2,3,7,160,1.0
224475,2,208,3.0,104.0,2,1,5,6,70,0.5
224481,1,182,6.0,182.0,1,3,5,6,160,1.0
224486,2,279,4.5,139.5,1,4,4,9,65,1.0
224525,2,354,6.5,177.0,1,3,7,13,142,1.0
224526,1,238,9.0,238.0,1,2,5,9,160,1.0
224543,2,232,4.5,116.0,2,3,7,9,125,0.5
224549,3,231,3.6666666666666665,77.0,3,3,4,11,98,0.3333333333333333
224557,2,219,3.5,109.5,2,2,5,7,21,0.5
224565,1,202,9.0,202.0,1,2,4,9,161,1.0
224570,3,173,3.0,57.666666666666664,1,2,4,9,14,1.0
224572,4,357,3.0,89.25,1,2,5,12,63,1.0
224582,5,505,3.2,101.0,4,4,8,16,28,0.2
224608,2,210,3.5,105.0,1,3,5,7,93,1.0
224612,1,197,6.0,197.0,1,2,5,6,161,1.0
224613,4,260,2.5,65.0,1,4,7,10,65,1.0
224617,4,536,4.5,134.0,1,2,6,18,6,1.0
224626,3,452,4.666666666666667,150.66666666666666,1,2,5,14,69,1.0
224632,1,172,7.0,172.0,1,2,3,7,160,1.0
224639,2,203,9.5,101.5,2,2,6,10,100,0.5
224651,1,109,7.0,109.0,1,2,3,7,160,1.0
224662,2,216,5.5,108.0,1,3,7,11,99,1.0
224673,1,88,5.0,88.0,1,2,2,5,158,1.0
224682,3,244,3.6666666666666665,81.33333333333333,1,2,5,11,56,1.0
224684,2,212,4.0,106.0,1,3,4,8,134,1.0
224687,1,143,7.0,143.0,1,2,4,7,158,1.0
224693,1,106,4.0,106.0,1,2,3,4,158,1.0
224698,1,171,8.0,171.0,1,2,4,8,158,1.0
224699,1,158,6.0,158.0,1,3,3,6,158,1.0
224705,1,125,6.0,125.0,1,2,4,6,158,1.0
224709,1,182,6.0,182.0,1,3,4,6,158,1.0
224712,1,112,4.0,112.0,1,3,4,4,158,1.0
224716,3,333,3.6666666666666665,111.0,1,3,8,11,52,1.0
224717,2,74,1.5,37.0,2,2,3,3,86,0.5
224726,1,118,6.0,118.0,1,2,4,6,158,1.0
224727,2,126,3.5,63.0,1,3,4,7,31,1.0
224732,1,149,6.0,149.0,1,2,3,6,158,1.0
224734,2,370,6.0,185.0,2,4,9,12,37,0.5
224741,1,151,7.0,151.0,1,3,4,7,158,1.0
224746,1,114,6.0,114.0,1,2,3,6,157,1.0
224748,2,188,4.0,94.0,1,3,6,8,121,1.0
224752,2,316,5.0,158.0,2,3,6,10,8,0.5
224759,2,265,4.5,132.5,2,2,5,9,14,0.5
224766,2,252,3.5,126.0,1,2,6,7,65,1.0
224772,6,731,3.5,121.83333333333333,2,4,11,21,58,0.8333333333333334
224785,2,227,5.5,113.5,1,2,3,11,147,1.0
224788,1,123,6.0,123.0,1,2,3,6,157,1.0
224789,1,212,7.0,212.0,1,2,3,7,157,1.0
224798,2,310,5.0,155.0,2,2,7,10,134,0.5
224802,1,114,4.0,114.0,1,2,4,4,157,1.0
224804,1,171,5.0,171.0,1,3,4,5,157,1.0
224811,4,557,5.25,139.25,1,3,9,21,63,1.0
224821,2,179,4.5,89.5,1,3,7,9,77,1.0
224823,1,173,7.0,173.0,1,3,5,7,157,1.0
224826,1,142,4.0,142.0,1,1,4,4,157,1.0
224834,2,212,5.5,106.0,1,2,4,11,114,1.0
224836,3,275,3.6666666666666665,91.66666666666667,1,2,7,11,59,1.0
224843,3,485,5.333333333333333,161.66666666666666,1,4,7,16,48,1.0
224854,1,141,5.0,141.0,1,4,4,5,160,1.0
224860,1,157,7.0,157.0,1,2,3,7,157,1.0
224866,1,115,7.0,115.0,1,3,4,7,157,1.0
224874,2,209,4.0,104.5,1,2,4,8,125,1.0
224885,1,217,9.0,217.0,1,3,5,9,156,1.0
224895,4,278,3.0,69.5,2,3,4,12,76,0.75
224902,4,344,4.0,86.0,1,2,4,16,85,1.0
224904,2,355,7.5,177.5,1,2,4,15,148,1.0
224907,1,312,9.0,312.0,1,4,8,9,156,1.0
224909,1,186,7.0,186.0,1,2,3,7,156,1.0
224913,1,152,4.0,152.0,1,2,3,4,156,1.0
224914,1,149,4.0,149.0,1,3,3,4,156,1.0
224915,2,205,5.0,102.5,1,3,4,10,62,1.0
224923,1,141,6.0,141.0,1,2,3,6,156,1.0
224929,4,295,2.75,73.75,2,4,7,11,143,0.5
224939,1,115,6.0,115.0,1,2,4,6,156,1.0
224948,2,148,3.5,74.0,2,2,3,7,120,0.5
224962,1,173,8.0,173.0,1,2,4,8,155,1.0
224969,1,352,9.0,352.0,1,2,5,9,155,1.0
224970,1,193,7.0,193.0,1,2,4,7,155,1.0
224971,4,354,3.5,88.5,1,4,9,14,93,1.0
224977,1,125,7.0,125.0,1,2,4,7,155,1.0
224995,1,174,6.0,174.0,1,2,3,6,155,1.0
225004,1,164,4.0,164.0,1,1,1,4,155,1.0
225014,1,124,4.0,124.0,1,2,3,4,155,1.0
225015,1,108,6.0,108.0,1,3,4,6,155,1.0
225021,1,188,5.0,188.0,1,2,3,5,155,1.0
225024,2,381,5.5,190.5,1,3,5,11,151,1.0
225031,2,401,8.0,200.5,1,2,6,16,137,1.0
225032,4,1043,5.75,260.75,1,3,9,23,11,1.0
225055,2,200,3.5,100.0,1,3,4,7,77,1.0
225062,1,243,6.0,243.0,1,2,3,6,154,1.0
225070,1,158,6.0,158.0,1,3,5,6,154,1.0
225085,1,165,6.0,165.0,1,2,6,6,155,1.0
225091,1,210,6.0,210.0,1,2,6,6,154,1.0
225097,1,170,6.0,170.0,1,2,3,6,154,1.0
225099,4,390,3.5,97.5,1,4,7,14,92,1.0
225102,1,204,5.0,204.0,1,3,4,5,154,1.0
225104,1,210,9.0,210.0,1,2,3,9,154,1.0
225113,3,382,6.333333333333333,127.33333333333333,1,4,10,19,1,1.0
225121,5,555,3.6,111.0,1,3,6,18,118,1.0
225124,1,204,7.0,204.0,1,2,5,7,154,1.0
225126,1,338,10.0,338.0,1,2,6,10,154,1.0
225149,1,139,5.0,139.0,1,2,3,5,154,1.0
225160,2,237,4.5,118.5,2,4,6,9,125,0.5
225164,1,227,6.0,227.0,1,2,2,6,151,1.0
225165,1,166,6.0,166.0,1,2,3,6,153,1.0
225222,1,215,7.0,215.0,1,2,5,7,153,1.0
225225,3,347,4.333333333333333,115.66666666666667,3,3,9,13,55,0.3333333333333333
225229,2,168,3.0,84.0,2,1,3,6,58,0.5
225230,2,228,4.0,114.0,2,2,5,8,55,0.5
225232,3,285,3.3333333333333335,95.0,2,3,6,10,125,0.6666666666666666
225238,1,227,10.0,227.0,1,2,5,10,153,1.0
225248,1,134,7.0,134.0,1,2,3,7,153,1.0
225250,1,194,4.0,194.0,1,2,3,4,153,1.0
225255,2,191,2.5,95.5,1,3,4,5,62,1.0
225263,5,433,2.6,86.6,2,4,7,13,1,0.6
225273,1,155,5.0,155.0,1,3,5,5,153,1.0
225283,1,148,7.0,148.0,1,3,3,7,151,1.0
225284,1,228,8.0,228.0,1,2,5,8,153,1.0
225285,1,149,5.0,149.0,1,2,4,5,153,1.0
225292,3,309,3.6666666666666665,103.0,1,4,6,11,126,1.0
225301,1,128,5.0,128.0,1,2,4,5,151,1.0
225302,1,137,5.0,137.0,1,3,5,5,151,1.0
225307,1,211,6.0,211.0,1,1,4,6,151,1.0
225309,1,200,6.0,200.0,1,1,3,6,153,1.0
225310,1,165,7.0,165.0,1,2,3,7,153,1.0
225327,1,286,8.0,286.0,1,4,5,8,153,1.0
225329,1,109,4.0,109.0,1,2,4,4,153,1.0
225336,2,137,3.0,68.5,2,3,4,6,64,0.5
225345,1,203,6.0,203.0,1,1,2,6,153,1.0
225351,3,213,3.0,71.0,1,2,4,9,32,1.0
225372,1,167,5.0,167.0,1,2,3,5,153,1.0
225379,1,149,6.0,149.0,1,3,4,6,151,1.0
225380,1,286,10.0,286.0,1,3,5,10,151,1.0
225385,1,215,9.0,215.0,1,3,4,9,151,1.0
225397,1,138,5.0,138.0,1,2,3,5,151,1.0
225401,2,190,3.0,95.0,2,2,3,6,150,0.5
225407,5,561,3.6,112.2,1,2,5,18,104,1.0
225412,1,316,12.0,316.0,1,2,4,12,153,1.0
225416,4,591,3.75,147.75,2,3,9,15,41,0.25
225425,1,186,7.0,186.0,1,2,5,7,153,1.0
225438,1,104,4.0,104.0,1,2,3,4,153,1.0
225445,6,500,2.3333333333333335,83.33333333333333,2,3,7,14,53,0.8333333333333334
225459,2,209,4.5,104.5,1,3,5,9,137,1.0
225465,1,241,7.0,241.0,1,2,5,7,153,1.0
225479,2,187,4.0,93.5,1,2,5,8,49,1.0
225490,13,1214,3.076923076923077,93.38461538461539,1,4,12,40,2,1.0
225510,2,308,6.0,154.0,2,3,6,12,65,0.5
225518,4,337,4.5,84.25,1,3,8,18,49,1.0
225519,3,253,3.0,84.33333333333333,2,3,5,9,135,0.6666666666666666
225555,1,129,6.0,129.0,1,2,4,6,150,1.0
225558,1,89,5.0,89.0,1,2,4,5,150,1.0
225564,1,170,5.0,170.0,1,3,5,5,150,1.0
225576,3,376,4.0,125.33333333333333,2,3,5,12,0,0.3333333333333333
225590,1,98,3.0,98.0,1,1,3,3,150,1.0
225599,1,115,5.0,115.0,1,2,3,5,150,1.0
225607,2,190,3.0,95.0,2,2,3,6,112,0.5
225609,2,223,4.5,111.5,1,2,7,9,64,1.0
225613,1,155,6.0,155.0,1,2,3,6,150,1.0
225630,1,143,5.0,143.0,1,3,5,5,150,1.0
225634,1,142,6.0,142.0,1,2,3,6,150,1.0
225642,1,129,5.0,129.0,1,3,5,5,149,1.0
225651,1,129,6.0,129.0,1,3,4,6,149,1.0
225661,2,259,6.5,129.5,2,3,8,13,65,0.5
225663,1,134,5.0,134.0,1,2,3,5,149,1.0
225664,1,184,7.0,184.0,1,2,5,7,149,1.0
225666,2,183,4.5,91.5,1,3,3,9,29,1.0
225668,5,539,3.8,107.8,2,4,7,19,45,0.8
225680,4,410,3.5,102.5,2,3,6,14,18,0.75
225692,1,155,5.0,155.0,1,3,5,5,149,1.0
225693,1,169,6.0,169.0,1,2,5,6,149,1.0
225701,1,114,6.0,114.0,1,2,3,6,149,1.0
225714,3,171,2.6666666666666665,57.0,2,2,6,8,63,0.6666666666666666
225718,4,610,5.25,152.5,2,2,8,21,50,0.75
225724,1,380,11.0,380.0,1,3,6,11,149,1.0
225728,1,363,10.0,363.0,1,2,5,10,149,1.0
225733,3,277,3.0,92.33333333333333,1,3,6,9,20,1.0
225739,2,380,5.5,190.0,1,1,5,11,73,1.0
225742,2,413,6.0,206.5,1,2,5,12,81,1.0
225747,1,208,7.0,208.0,1,2,4,7,149,1.0
225752,1,330,11.0,330.0,1,4,6,11,149,1.0
225753,1,131,5.0,131.0,1,3,5,5,149,1.0
225755,1,183,5.0,183.0,1,3,4,5,149,1.0
225765,1,65,3.0,65.0,1,2,3,3,149,1.0
225773,1,177,7.0,177.0,1,2,4,7,149,1.0
225774,1,276,9.0,276.0,1,2,6,9,149,1.0
225779,2,290,4.5,145.0,2,3,4,9,15,0.5
225783,2,281,5.0,140.5,1,3,6,10,41,1.0
225785,2,193,5.0,96.5,1,3,6,10,147,1.0
225794,2,192,4.0,96.0,1,2,6,8,125,1.0
225800,4,418,2.25,104.5,2,4,6,9,71,0.75
225826,3,327,4.666666666666667,109.0,1,2,6,14,70,1.0
225833,1,182,5.0,182.0,1,3,5,5,148,1.0
225846,2,228,3.5,114.0,1,2,4,7,109,1.0
225847,2,164,3.5,82.0,2,3,6,7,65,0.5
225849,2,175,3.5,87.5,2,2,4,7,42,0.5
225851,1,130,6.0,130.0,1,2,5,6,148,1.0
225863,2,204,3.0,102.0,1,3,5,6,79,1.0
225873,1,256,7.0,256.0,1,3,5,7,148,1.0
225896,3,459,6.0,153.0,1,3,4,18,113,1.0
225899,1,186,6.0,186.0,1,2,3,6,148,1.0
225903,1,197,6.0,197.0,1,3,4,6,148,1.0
225904,1,271,9.0,271.0,1,3,5,9,148,1.0
225920,1,200,5.0,200.0,1,2,4,5,148,1.0
225923,2,194,4.5,97.0,1,4,8,9,94,1.0
225938,1,123,5.0,123.0,1,2,5,5,146,1.0
225940,4,588,5.25,147.0,2,2,7,21,91,0.5
225954,1,144,5.0,144.0,1,2,3,5,146,1.0
225955,2,246,4.0,123.0,2,2,6,8,132,0.5
225958,1,135,5.0,135.0,1,2,4,5,147,1.0
225973,4,345,3.0,86.25,1,2,4,12,1,1.0
225976,2,220,4.5,110.0,1,2,4,9,94,1.0
225980,1,253,9.0,253.0,1,4,5,9,147,1.0
225982,2,203,3.5,101.5,2,2,3,7,48,0.5
225985,1,145,6.0,145.0,1,2,4,6,147,1.0
225987,1,134,5.0,134.0,1,3,5,5,147,1.0
225988,1,321,9.0,321.0,1,3,5,9,147,1.0
225996,3,689,7.0,229.66666666666666,1,3,8,21,41,1.0
225997,2,637,10.0,318.5,2,3,6,20,44,0.5
225998,6,577,3.8333333333333335,96.16666666666667,1,4,12,23,65,1.0
226006,1,325,8.0,325.0,1,2,6,8,146,1.0
226018,1,168,5.0,168.0,1,2,5,5,147,1.0
226025,3,258,3.0,86.0,1,3,7,9,8,1.0
226076,1,204,6.0,204.0,1,2,3,6,147,1.0
226077,2,221,3.5,110.5,1,2,4,7,69,1.0
226082,1,135,5.0,135.0,1,2,4,5,146,1.0
226086,2,303,5.5,151.5,1,2,4,11,13,1.0
226095,1,132,5.0,132.0,1,2,4,5,146,1.0
226107,1,134,4.0,134.0,1,1,3,4,147,1.0
226121,1,189,9.0,189.0,1,2,6,9,146,1.0
226135,1,126,5.0,126.0,1,2,3,5,146,1.0
226145,1,149,4.0,149.0,1,2,4,4,146,1.0
226148,1,180,6.0,180.0,1,3,5,6,146,1.0
226163,1,164,5.0,164.0,1,2,2,5,147,1.0
226164,1,167,6.0,167.0,1,3,5,6,146,1.0
226170,2,316,5.0,158.0,2,3,6,10,146,0.5
226184,1,155,6.0,155.0,1,3,4,6,147,1.0
226197,2,366,6.0,183.0,1,2,6,12,61,1.0
226216,1,155,6.0,155.0,1,2,5,6,146,1.0
226222,2,227,4.5,113.5,1,3,4,9,41,1.0
226227,2,402,5.0,201.0,1,3,4,10,135,1.0
226231,1,356,11.0,356.0,1,3,6,11,146,1.0
226232,4,771,5.0,192.75,1,4,11,20,85,1.0
226252,2,431,7.5,215.5,1,3,7,15,56,1.0
226258,4,278,2.25,69.5,1,3,6,9,36,1.0
226261,1,217,7.0,217.0,1,3,5,7,146,1.0
226264,1,256,8.0,256.0,1,3,5,8,147,1.0
226266,4,455,4.75,113.75,1,4,8,19,42,1.0
226270,1,101,6.0,101.0,1,2,4,6,146,1.0
226272,2,249,5.0,124.5,1,3,6,10,109,1.0
226277,1,452,14.0,452.0,1,4,7,14,147,1.0
226282,1,200,5.0,200.0,1,2,2,5,146,1.0
226287,1,163,6.0,163.0,1,2,4,6,146,1.0
226297,3,601,7.0,200.33333333333334,1,4,9,21,6,1.0
226302,1,193,7.0,193.0,1,2,5,7,147,1.0
226303,1,218,6.0,218.0,1,2,5,6,146,1.0
226323,1,136,5.0,136.0,1,2,4,5,144,1.0
226329,4,909,8.5,227.25,2,3,8,34,93,0.5
226332,2,333,5.0,166.5,1,3,7,10,65,1.0
226336,1,182,6.0,182.0,1,3,5,6,145,1.0
226343,1,170,5.0,170.0,1,2,3,5,143,1.0
226359,2,253,4.5,126.5,1,2,5,9,60,1.0
226364,1,177,7.0,177.0,1,2,3,7,143,1.0
226373,3,410,3.6666666666666665,136.66666666666666,2,3,6,11,85,0.6666666666666666
226376,1,127,4.0,127.0,1,1,2,4,143,1.0
226380,1,145,5.0,145.0,1,2,4,5,143,1.0
226395,2,287,4.5,143.5,1,2,6,9,70,1.0
226397,1,184,9.0,184.0,1,2,4,9,143,1.0
226402,2,417,7.0,208.5,1,3,11,14,57,1.0
226404,2,247,3.5,123.5,1,3,6,7,120,1.0
226405,1,164,5.0,164.0,1,2,3,5,143,1.0
226409,3,334,3.3333333333333335,111.33333333333333,1,4,6,10,87,1.0
226414,1,257,9.0,257.0,1,3,5,9,143,1.0
226435,1,151,5.0,151.0,1,2,5,5,143,1.0
226444,1,152,6.0,152.0,1,2,4,6,143,1.0
226445,1,188,6.0,188.0,1,2,3,6,143,1.0
226453,2,571,6.0,285.5,1,3,5,12,92,1.0
226460,2,322,5.5,161.0,1,2,4,11,135,1.0
226461,1,220,8.0,220.0,1,2,5,8,142,1.0
226464,1,208,7.0,208.0,1,3,4,7,142,1.0
226465,1,190,7.0,190.0,1,2,3,7,142,1.0
226468,2,561,7.5,280.5,1,3,7,15,129,1.0
226473,1,188,5.0,188.0,1,2,3,5,142,1.0
226476,2,223,4.5,111.5,1,2,5,9,142,1.0
226477,1,200,7.0,200.0,1,2,4,7,142,1.0
226482,2,396,5.5,198.0,1,2,6,11,65,1.0
226489,1,155,5.0,155.0,1,3,4,5,142,1.0
226490,1,206,6.0,206.0,1,3,4,6,142,1.0
226501,1,126,5.0,126.0,1,2,4,5,142,1.0
226502,1,139,5.0,139.0,1,3,5,5,142,1.0
226508,1,118,4.0,118.0,1,1,2,4,142,1.0
226509,2,447,5.5,223.5,2,4,6,11,132,0.5
226516,1,166,6.0,166.0,1,2,5,6,142,1.0
226518,1,258,8.0,258.0,1,2,3,8,142,1.0
226545,1,285,8.0,285.0,1,3,5,8,142,1.0
226546,1,168,5.0,168.0,1,2,3,5,142,1.0
226558,3,498,5.666666666666667,166.0,3,3,7,17,87,0.3333333333333333
226562,1,203,8.0,203.0,1,3,3,8,142,1.0
226564,1,194,6.0,194.0,1,3,5,6,142,1.0
226568,1,126,3.0,126.0,1,3,3,3,142,1.0
226574,2,316,4.0,158.0,1,3,6,8,139,1.0
226578,1,197,7.0,197.0,1,2,5,7,141,1.0
226590,1,152,5.0,152.0,1,2,3,5,141,1.0
226592,1,276,7.0,276.0,1,2,5,7,141,1.0
226600,1,166,6.0,166.0,1,3,4,6,141,1.0
226602,1,201,6.0,201.0,1,3,5,6,141,1.0
226604,2,287,5.5,143.5,1,3,4,11,59,1.0
226607,1,272,7.0,272.0,1,3,5,7,141,1.0
226613,2,292,5.5,146.0,2,2,6,11,81,0.5
226615,1,84,3.0,84.0,1,2,2,3,141,1.0
226627,4,905,8.0,226.25,1,4,7,32,24,1.0
226639,1,149,5.0,149.0,1,2,5,5,141,1.0
226656,1,140,5.0,140.0,1,2,5,5,141,1.0
226668,1,257,8.0,257.0,1,3,6,8,141,1.0
226669,2,284,4.0,142.0,2,3,7,8,120,0.5
226683,4,353,3.0,88.25,1,3,4,12,63,1.0
226697,1,189,7.0,189.0,1,3,6,7,141,1.0
226701,1,260,6.0,260.0,1,3,6,6,141,1.0
226716,1,216,6.0,216.0,1,3,5,6,141,1.0
226718,1,186,6.0,186.0,1,3,5,6,141,1.0
226721,3,515,5.333333333333333,171.66666666666666,2,3,8,16,24,0.6666666666666666
226723,2,192,3.5,96.0,2,3,4,7,58,0.5
226732,3,327,3.6666666666666665,109.0,3,3,7,11,29,0.3333333333333333
226735,2,287,5.5,143.5,1,3,5,11,53,1.0
226737,1,309,10.0,309.0,1,2,6,10,139,1.0
226742,2,278,5.5,139.0,1,2,6,11,62,1.0
226745,1,169,5.0,169.0,1,1,4,5,137,1.0
226754,2,223,3.5,111.5,2,2,6,7,37,0.5
226758,2,268,4.0,134.0,1,3,6,8,36,1.0
226760,1,195,7.0,195.0,1,2,3,7,137,1.0
226765,1,171,5.0,171.0,1,3,5,5,139,1.0
226767,1,158,6.0,158.0,1,2,3,6,139,1.0
226770,1,133,5.0,133.0,1,2,4,5,137,1.0
226778,1,152,5.0,152.0,1,3,5,5,137,1.0
226782,1,168,6.0,168.0,1,2,5,6,137,1.0
226786,4,513,4.75,128.25,2,4,6,19,13,0.5
226794,1,139,4.0,139.0,1,1,4,4,137,1.0
226808,5,566,3.4,113.2,2,4,12,17,27,0.2
226816,1,186,5.0,186.0,1,3,5,5,137,1.0
226825,1,190,6.0,190.0,1,2,5,6,137,1.0
226834,1,196,7.0,196.0,1,2,3,7,137,1.0
226845,1,264,8.0,264.0,1,3,4,8,136,1.0
226856,3,290,3.0,96.66666666666667,2,1,4,9,118,0.6666666666666666
226863,1,284,6.0,284.0,1,3,5,6,136,1.0
226864,2,213,4.5,106.5,1,3,3,9,45,1.0
226868,1,193,7.0,193.0,1,3,3,7,136,1.0
226870,1,240,6.0,240.0,1,2,4,6,139,1.0
226873,1,138,4.0,138.0,1,2,3,4,136,1.0
226874,11,1563,4.181818181818182,142.0909090909091,1,4,10,46,7,1.0
226886,1,172,7.0,172.0,1,3,5,7,136,1.0
226898,1,185,7.0,185.0,1,3,4,7,139,1.0
226904,1,131,5.0,131.0,1,2,4,5,136,1.0
226910,1,217,7.0,217.0,1,2,5,7,136,1.0
226918,1,100,5.0,100.0,1,2,4,5,136,1.0
226921,1,119,5.0,119.0,1,2,3,5,136,1.0
226929,2,169,3.5,84.5,2,3,4,7,35,0.5
226944,2,142,3.0,71.0,1,2,5,6,136,1.0
226946,1,289,8.0,289.0,1,2,6,8,136,1.0
226950,3,236,3.3333333333333335,78.66666666666667,1,3,5,10,50,1.0
226972,2,310,4.5,155.0,1,3,5,9,135,1.0
226986,1,125,5.0,125.0,1,3,4,5,135,1.0
226988,2,132,2.0,66.0,1,1,2,4,135,1.0
226996,1,123,5.0,123.0,1,2,4,5,135,1.0
227008,2,319,5.5,159.5,2,2,5,11,60,0.5
227018,2,248,5.0,124.0,2,3,7,10,45,0.5
227027,2,130,2.0,65.0,1,2,4,4,76,1.0
227028,1,134,5.0,134.0,1,3,4,5,136,1.0
227039,2,257,3.0,128.5,2,4,6,6,49,0.5
227041,5,632,4.0,126.4,1,3,5,20,6,1.0
227058,3,173,2.6666666666666665,57.666666666666664,1,3,6,8,102,1.0
227062,2,308,6.0,154.0,1,2,8,12,133,1.0
227075,2,381,5.5,190.5,1,4,7,11,79,1.0
227085,1,146,4.0,146.0,1,2,3,4,135,1.0
227089,4,555,4.0,138.75,3,3,8,16,60,0.25
227090,1,156,5.0,156.0,1,3,5,5,135,1.0
227100,3,284,3.3333333333333335,94.66666666666667,2,3,7,10,77,0.6666666666666666
227115,1,132,5.0,132.0,1,2,3,5,135,1.0
227122,1,313,8.0,313.0,1,3,7,8,134,1.0
227125,1,213,6.0,213.0,1,4,5,6,134,1.0
227127,3,265,3.3333333333333335,88.33333333333333,1,3,5,10,65,1.0
227130,1,142,6.0,142.0,1,3,5,6,134,1.0
227135,1,99,6.0,99.0,1,2,4,6,134,1.0
227148,2,228,4.0,114.0,1,3,5,8,41,1.0
227156,1,140,5.0,140.0,1,2,5,5,134,1.0
227162,2,331,4.0,165.5,2,3,5,8,1,0.5
227164,3,517,6.0,172.33333333333334,3,4,7,18,87,0.3333333333333333
227166,1,147,5.0,147.0,1,3,5,5,134,1.0
227167,1,157,5.0,157.0,1,3,4,5,134,1.0
227180,2,197,3.5,98.5,1,3,6,7,27,1.0
227181,3,290,3.6666666666666665,96.66666666666667,2,4,7,11,1,0.6666666666666666
227185,1,241,10.0,241.0,1,1,4,10,139,1.0
227186,1,215,9.0,215.0,1,2,5,9,139,1.0
227192,1,185,6.0,185.0,1,3,4,6,134,1.0
227211,2,390,6.0,195.0,2,3,5,12,53,0.5
227229,1,124,4.0,124.0,1,1,2,4,134,1.0
227236,1,194,7.0,194.0,1,2,5,7,134,1.0
227238,1,124,5.0,124.0,1,3,4,5,134,1.0
227240,2,220,3.0,110.0,1,1,3,6,91,1.0
227259,1,179,6.0,179.0,1,2,4,6,134,1.0
227266,1,117,6.0,117.0,1,2,3,6,134,1.0
227267,1,258,4.0,258.0,1,2,3,4,134,1.0
227270,1,154,6.0,154.0,1,2,3,6,134,1.0
227271,3,293,3.6666666666666665,97.66666666666667,1,3,6,11,65,1.0
227275,1,161,5.0,161.0,1,2,4,5,134,1.0
227278,1,161,5.0,161.0,1,2,4,5,134,1.0
227282,1,342,8.0,342.0,1,3,6,8,134,1.0
227291,1,128,5.0,128.0,1,2,3,5,132,1.0
227304,1,246,8.0,246.0,1,3,6,8,132,1.0
227307,1,143,5.0,143.0,1,2,4,5,133,1.0
227312,2,629,11.0,314.5,1,3,8,22,61,1.0
227316,2,426,7.5,213.0,1,3,5,15,9,1.0
227317,1,107,5.0,107.0,1,2,4,5,132,1.0
227321,3,378,4.0,126.0,1,3,6,12,65,1.0
227327,1,213,6.0,213.0,1,1,3,6,132,1.0
227332,3,379,4.666666666666667,126.33333333333333,2,2,7,14,32,0.6666666666666666
227337,2,318,6.5,159.0,1,2,8,13,64,1.0
227339,2,245,4.0,122.5,2,2,4,8,1,0.5
227351,5,557,4.0,111.4,3,3,9,20,35,0.6
227358,1,121,5.0,121.0,1,2,3,5,132,1.0
227362,1,139,5.0,139.0,1,2,3,5,132,1.0
227367,1,204,7.0,204.0,1,2,3,7,133,1.0
227369,1,78,5.0,78.0,1,3,4,5,133,1.0
227396,2,184,3.0,92.0,2,3,4,6,119,0.5
227400,6,598,3.1666666666666665,99.66666666666667,1,3,7,19,30,1.0
227405,1,129,3.0,129.0,1,2,3,3,133,1.0
227413,1,156,6.0,156.0,1,1,3,6,132,1.0
227417,2,247,4.0,123.5,1,2,3,8,130,1.0
227422,3,468,4.0,156.0,1,3,7,12,14,1.0
227424,1,274,8.0,274.0,1,2,4,8,132,1.0
227428,3,414,4.666666666666667,138.0,1,2,6,14,83,1.0
227437,1,225,7.0,225.0,1,2,5,7,132,1.0
227460,1,141,5.0,141.0,1,2,4,5,133,1.0
227462,1,159,5.0,159.0,1,2,3,5,132,1.0
227468,1,144,6.0,144.0,1,2,3,6,133,1.0
227470,3,249,3.3333333333333335,83.0,3,2,3,10,51,0.3333333333333333
227476,2,337,4.5,168.5,1,3,7,9,130,1.0
227507,2,299,3.5,149.5,1,3,6,7,129,1.0
227538,2,313,5.0,156.5,2,3,6,10,76,0.5
227542,1,150,5.0,150.0,1,2,4,5,133,1.0
227549,3,342,4.0,114.0,2,3,6,12,111,0.3333333333333333
227550,8,734,2.75,91.75,2,3,6,22,22,0.75
227551,1,240,9.0,240.0,1,2,5,9,132,1.0
227564,3,498,5.666666666666667,166.0,1,4,8,17,41,1.0
227566,1,165,6.0,165.0,1,3,5,6,133,1.0
227588,1,146,4.0,146.0,1,2,2,4,132,1.0
227589,4,419,3.0,104.75,1,3,9,12,50,1.0
227590,1,228,8.0,228.0,1,3,4,8,132,1.0
227594,2,349,5.5,174.5,1,3,5,11,106,1.0
227602,2,332,5.0,166.0,1,2,4,10,8,1.0
227604,2,170,3.5,85.0,1,3,5,7,52,1.0
227605,1,358,11.0,358.0,1,3,7,11,132,1.0
227612,1,198,6.0,198.0,1,1,5,6,132,1.0
227630,3,251,3.0,83.66666666666667,2,3,5,9,34,0.6666666666666666
227632,2,433,6.0,216.5,1,3,6,12,69,1.0
227634,1,174,5.0,174.0,1,3,4,5,132,1.0
227637,2,204,3.5,102.0,1,2,4,7,132,1.0
227638,1,214,5.0,214.0,1,3,4,5,133,1.0
227639,2,243,3.5,121.5,1,3,6,7,111,1.0
227645,1,194,5.0,194.0,1,1,2,5,132,1.0
227649,1,122,5.0,122.0,1,3,4,5,132,1.0
227651,1,128,4.0,128.0,1,1,3,4,133,1.0
227654,1,181,6.0,181.0,1,2,5,6,132,1.0
227657,2,246,4.5,123.0,1,3,6,9,41,1.0
227675,1,117,4.0,117.0,1,2,3,4,132,1.0
227684,1,138,7.0,138.0,1,2,4,7,132,1.0
227692,1,199,7.0,199.0,1,3,7,7,132,1.0
227702,1,112,5.0,112.0,1,2,4,5,132,1.0
227707,1,138,7.0,138.0,1,2,3,7,132,1.0
227711,1,158,5.0,158.0,1,2,3,5,132,1.0
227717,1,157,5.0,157.0,1,2,3,5,132,1.0
227722,2,226,3.5,113.0,1,3,4,7,28,1.0
227728,2,273,4.0,136.5,1,3,6,8,137,1.0
227734,1,125,5.0,125.0,1,2,3,5,139,1.0
227749,4,279,3.0,69.75,2,3,6,12,49,0.5
227755,1,122,5.0,122.0,1,2,4,5,139,1.0
227764,2,208,3.5,104.0,1,2,6,7,21,1.0
227775,1,94,2.0,94.0,1,1,2,2,139,1.0
227793,1,236,5.0,236.0,1,3,3,5,140,1.0
227797,1,65,1.0,65.0,1,1,1,1,139,1.0
227798,1,171,5.0,171.0,1,2,4,5,139,1.0
227803,1,201,8.0,201.0,1,2,4,8,139,1.0
227806,1,177,5.0,177.0,1,3,4,5,139,1.0
227814,1,103,3.0,103.0,1,1,3,3,140,1.0
227816,2,249,5.5,124.5,1,3,6,11,64,1.0
227829,1,172,6.0,172.0,1,2,5,6,139,1.0
227835,1,126,5.0,126.0,1,2,4,5,140,1.0
227838,3,676,7.333333333333333,225.33333333333334,1,4,7,22,11,1.0
227839,1,151,6.0,151.0,1,2,3,6,139,1.0
227841,1,106,5.0,106.0,1,2,5,5,139,1.0
227851,2,227,4.0,113.5,1,2,6,8,48,1.0
227876,1,111,5.0,111.0,1,2,3,5,140,1.0
227886,1,232,7.0,232.0,1,3,5,7,139,1.0
227890,1,98,3.0,98.0,1,1,3,3,139,1.0
227892,1,136,5.0,136.0,1,2,3,5,140,1.0
227901,1,215,8.0,215.0,1,3,6,8,139,1.0
227904,2,356,5.5,178.0,1,2,4,11,7,1.0
227922,1,144,4.0,144.0,1,2,3,4,140,1.0
227941,2,182,3.0,91.0,2,3,4,6,38,0.5
227942,1,135,5.0,135.0,1,2,3,5,140,1.0
227943,1,422,12.0,422.0,1,4,7,12,139,1.0
227975,3,328,3.6666666666666665,109.33333333333333,1,3,7,11,39,1.0
227977,1,215,8.0,215.0,1,2,4,8,140,1.0
227990,3,352,3.6666666666666665,117.33333333333333,1,2,8,11,105,1.0
227996,1,174,8.0,174.0,1,3,4,8,139,1.0
228001,1,219,8.0,219.0,1,2,4,8,140,1.0
228010,5,330,3.0,66.0,3,2,7,15,48,0.2
228013,1,221,8.0,221.0,1,2,4,8,139,1.0
228044,1,68,2.0,68.0,1,1,2,2,127,1.0
228049,3,34,1.0,11.333333333333334,1,2,2,3,65,1.0
228056,1,163,6.0,163.0,1,2,4,6,130,1.0
228057,1,164,5.0,164.0,1,3,5,5,130,1.0
228066,1,221,6.0,221.0,1,2,3,6,130,1.0
228072,1,198,7.0,198.0,1,2,6,7,130,1.0
228074,1,144,5.0,144.0,1,2,3,5,130,1.0
228079,2,215,4.0,107.5,2,3,4,8,98,0.5
228084,1,130,4.0,130.0,1,2,4,4,130,1.0
228099,1,143,5.0,143.0,1,3,4,5,130,1.0
228102,2,397,6.5,198.5,1,3,7,13,13,1.0
228107,1,99,5.0,99.0,1,2,4,5,130,1.0
228128,2,222,3.5,111.0,1,2,4,7,129,1.0
228131,1,149,5.0,149.0,1,2,4,5,129,1.0
228133,2,306,5.0,153.0,1,2,3,10,121,1.0
228141,2,185,2.5,92.5,1,2,4,5,118,1.0
228142,2,304,4.5,152.0,2,2,6,9,3,0.5
228144,2,266,4.0,133.0,2,3,5,8,35,0.5
228153,1,147,6.0,147.0,1,3,5,6,129,1.0
228162,1,153,4.0,153.0,1,2,2,4,129,1.0
228166,1,143,4.0,143.0,1,1,3,4,129,1.0
228193,1,172,4.0,172.0,1,2,4,4,129,1.0
228204,4,293,2.5,73.25,1,3,7,10,88,1.0
228222,3,241,3.6666666666666665,80.33333333333333,1,2,6,11,65,1.0
228235,2,238,4.0,119.0,2,3,5,8,37,0.5
228246,1,105,4.0,105.0,1,1,2,4,128,1.0
228248,1,124,6.0,124.0,1,3,6,6,128,1.0
228249,1,223,9.0,223.0,1,2,4,9,128,1.0
228263,2,262,4.5,131.0,1,3,7,9,127,1.0
228273,1,129,6.0,129.0,1,2,3,6,128,1.0
228279,3,264,2.6666666666666665,88.0,1,1,4,8,41,1.0
228280,2,309,4.5,154.5,1,2,5,9,119,1.0
228283,4,381,3.0,95.25,2,3,6,12,6,0.75
228292,3,456,3.0,152.0,3,3,5,9,67,0.3333333333333333
228295,1,213,7.0,213.0,1,2,3,7,128,1.0
228309,2,119,2.5,59.5,1,3,3,5,100,1.0
228316,1,342,11.0,342.0,1,2,5,11,128,1.0
228324,3,270,3.6666666666666665,90.0,1,2,5,11,38,1.0
228328,1,119,4.0,119.0,1,2,3,4,128,1.0
228331,1,131,4.0,131.0,1,2,3,4,128,1.0
228332,1,203,7.0,203.0,1,2,5,7,128,1.0
228335,3,147,2.0,49.0,1,2,4,6,60,1.0
228339,1,122,5.0,122.0,1,2,3,5,128,1.0
228343,1,161,6.0,161.0,1,2,3,6,128,1.0
228347,1,188,5.0,188.0,1,3,5,5,128,1.0
228359,1,212,7.0,212.0,1,2,4,7,128,1.0
228361,1,276,7.0,276.0,1,3,4,7,128,1.0
228364,1,167,6.0,167.0,1,2,4,6,128,1.0
228366,1,96,5.0,96.0,1,2,3,5,128,1.0
228373,1,155,5.0,155.0,1,2,3,5,127,1.0
228392,1,276,8.0,276.0,1,3,7,8,127,1.0
228403,2,230,4.0,115.0,1,4,8,8,52,1.0
228416,1,143,4.0,143.0,1,2,3,4,127,1.0
228418,2,238,4.5,119.0,1,3,4,9,113,1.0
228443,1,169,6.0,169.0,1,3,5,6,127,1.0
228446,4,332,3.0,83.0,1,2,5,12,1,1.0
228454,3,514,5.666666666666667,171.33333333333334,1,3,5,17,38,1.0
228455,1,152,5.0,152.0,1,2,3,5,127,1.0
228475,1,221,8.0,221.0,1,3,4,8,127,1.0
228481,1,204,6.0,204.0,1,3,4,6,127,1.0
228483,2,428,7.5,214.0,2,4,9,15,3,0.5
228484,3,289,4.0,96.33333333333333,1,4,6,12,24,1.0
228485,4,338,3.0,84.5,1,4,7,12,45,1.0
228497,1,148,6.0,148.0,1,2,4,6,127,1.0
228498,1,81,2.0,81.0,1,2,2,2,127,1.0
228507,2,196,3.0,98.0,2,3,4,6,72,0.5
228520,1,204,7.0,204.0,1,3,4,7,125,1.0
228525,2,297,5.0,148.5,2,2,3,10,94,0.5
228536,5,405,2.6,81.0,2,3,3,13,6,0.8
228547,1,144,5.0,144.0,1,2,4,5,125,1.0
228552,2,364,7.5,182.0,1,2,4,15,58,1.0
228556,1,266,8.0,266.0,1,3,5,8,126,1.0
228557,1,257,7.0,257.0,1,4,6,7,125,1.0
228579,2,315,6.0,157.5,2,2,3,12,31,0.5
228593,1,85,5.0,85.0,1,2,3,5,126,1.0
228596,1,279,7.0,279.0,1,2,5,7,125,1.0
228600,2,343,6.0,171.5,1,2,5,12,76,1.0
228605,1,198,5.0,198.0,1,3,5,5,126,1.0
228623,1,163,4.0,163.0,1,2,4,4,126,1.0
228627,2,316,4.5,158.0,1,3,6,9,62,1.0
228630,1,134,4.0,134.0,1,1,3,4,125,1.0
228632,5,505,3.8,101.0,1,3,9,19,1,1.0
228634,2,296,6.0,148.0,1,4,6,12,91,1.0
228636,1,162,5.0,162.0,1,2,4,5,125,1.0
228648,2,301,5.0,150.5,1,3,5,10,77,1.0
228662,1,301,10.0,301.0,1,2,3,10,125,1.0
228672,1,262,6.0,262.0,1,4,4,6,125,1.0
228680,1,181,6.0,181.0,1,3,4,6,125,1.0
228688,1,142,5.0,142.0,1,2,5,5,125,1.0
228696,4,376,2.5,94.0,3,3,5,10,17,0.25
228697,2,221,3.5,110.5,1,3,5,7,9,1.0
228701,2,342,5.5,171.0,1,3,6,11,27,1.0
228704,1,175,7.0,175.0,1,2,4,7,125,1.0
228708,1,142,5.0,142.0,1,2,4,5,126,1.0
228718,1,728,21.0,728.0,1,3,7,21,125,1.0
228719,2,270,4.5,135.0,1,2,7,9,34,1.0
228730,1,152,5.0,152.0,1,2,4,5,126,1.0
228731,1,69,2.0,69.0,1,1,2,2,126,1.0
228740,1,147,7.0,147.0,1,4,4,7,126,1.0
228743,1,155,5.0,155.0,1,3,4,5,125,1.0
228749,1,152,4.0,152.0,1,1,2,4,126,1.0
228755,1,135,4.0,135.0,1,2,3,4,125,1.0
228758,2,281,5.5,140.5,1,2,8,11,64,1.0
228759,1,137,5.0,137.0,1,3,4,5,126,1.0
228766,1,214,6.0,214.0,1,1,4,6,125,1.0
228777,2,248,3.5,124.0,1,2,4,7,111,1.0
228781,1,139,5.0,139.0,1,2,4,5,125,1.0
228785,3,260,3.6666666666666665,86.66666666666667,2,3,4,11,2,0.6666666666666666
228789,3,346,3.6666666666666665,115.33333333333333,2,3,7,11,98,0.3333333333333333
228791,1,221,6.0,221.0,1,2,3,6,126,1.0
228792,1,131,4.0,131.0,1,1,4,4,125,1.0
228803,1,142,5.0,142.0,1,2,3,5,125,1.0
228804,2,187,4.0,93.5,1,2,2,8,118,1.0
228806,2,395,3.5,197.5,1,3,5,7,91,1.0
228811,1,244,7.0,244.0,1,2,3,7,125,1.0
228819,1,186,6.0,186.0,1,2,5,6,125,1.0
228827,2,221,4.5,110.5,1,2,4,9,55,1.0
228847,2,242,3.5,121.0,1,1,2,7,69,1.0
228869,2,205,3.5,102.5,1,2,4,7,30,1.0
228872,1,128,7.0,128.0,1,2,4,7,125,1.0
228875,2,489,8.5,244.5,1,2,6,17,56,1.0
228883,2,233,6.5,116.5,1,3,6,13,81,1.0
228885,1,215,7.0,215.0,1,3,6,7,125,1.0
228886,1,143,5.0,143.0,1,2,5,5,126,1.0
228887,1,142,6.0,142.0,1,2,4,6,125,1.0
228896,4,278,2.25,69.5,1,4,6,9,49,1.0
228908,3,359,4.666666666666667,119.66666666666667,1,4,6,14,52,1.0
228917,1,303,9.0,303.0,1,3,6,9,125,1.0
228927,1,516,19.0,516.0,1,3,8,19,125,1.0
228938,1,140,5.0,140.0,1,3,4,5,126,1.0
228941,1,273,9.0,273.0,1,2,6,9,125,1.0
228944,1,157,6.0,157.0,1,3,5,6,125,1.0
228951,1,142,5.0,142.0,1,2,3,5,125,1.0
228954,1,179,9.0,179.0,1,3,6,9,125,1.0
228956,1,145,5.0,145.0,1,3,5,5,125,1.0
228965,1,116,5.0,116.0,1,2,3,5,126,1.0
228975,1,156,6.0,156.0,1,3,3,6,125,1.0
228981,1,147,5.0,147.0,1,2,3,5,125,1.0
228983,1,139,5.0,139.0,1,2,5,5,126,1.0
228989,1,94,6.0,94.0,1,2,4,6,123,1.0
228992,2,298,5.5,149.0,1,3,6,11,43,1.0
228994,3,366,4.333333333333333,122.0,1,4,8,13,65,1.0
229003,1,128,6.0,128.0,1,1,2,6,123,1.0
229005,1,143,3.0,143.0,1,2,3,3,123,1.0
229006,4,377,3.5,94.25,1,3,5,14,1,1.0
229014,1,210,6.0,210.0,1,3,4,6,123,1.0
229017,4,315,2.25,78.75,1,4,6,9,27,1.0
229020,1,146,5.0,146.0,1,2,3,5,123,1.0
229028,1,140,5.0,140.0,1,2,4,5,123,1.0
229034,5,409,3.2,81.8,1,3,9,16,57,1.0
229035,1,169,6.0,169.0,1,2,4,6,123,1.0
229039,1,154,6.0,154.0,1,2,4,6,123,1.0
229043,1,137,5.0,137.0,1,2,3,5,123,1.0
229045,1,221,8.0,221.0,1,2,3,8,123,1.0
229048,1,170,5.0,170.0,1,2,3,5,123,1.0
229062,1,82,4.0,82.0,1,2,4,4,123,1.0
229063,2,200,3.5,100.0,2,2,3,7,62,0.5
229071,1,210,7.0,210.0,1,2,5,7,123,1.0
229079,3,249,3.6666666666666665,83.0,1,3,4,11,98,1.0
229091,2,220,3.5,110.0,2,2,4,7,65,0.5
229093,2,353,8.0,176.5,1,2,7,16,55,1.0
229100,1,194,7.0,194.0,1,4,5,7,123,1.0
229102,2,208,3.5,104.0,2,2,6,7,97,0.5
229109,1,124,6.0,124.0,1,2,3,6,121,1.0
229110,2,180,3.0,90.0,1,3,5,6,67,1.0
229124,1,232,7.0,232.0,1,2,3,7,121,1.0
229126,1,142,7.0,142.0,1,2,3,7,123,1.0
229139,1,173,5.0,173.0,1,1,2,5,121,1.0
229142,1,123,5.0,123.0,1,3,4,5,121,1.0
229148,1,132,4.0,132.0,1,2,4,4,121,1.0
229149,1,151,5.0,151.0,1,2,3,5,121,1.0
229158,1,163,5.0,163.0,1,2,4,5,121,1.0
229165,1,136,7.0,136.0,1,2,5,7,123,1.0
229174,2,316,4.0,158.0,1,2,5,8,3,1.0
229177,1,161,5.0,161.0,1,3,4,5,123,1.0
229193,1,110,5.0,110.0,1,2,4,5,122,1.0
229201,2,260,4.5,130.0,2,2,5,9,57,0.5
229202,1,164,5.0,164.0,1,3,5,5,121,1.0
229205,2,177,3.5,88.5,1,3,4,7,91,1.0
229208,1,172,5.0,172.0,1,2,3,5,121,1.0
229213,1,139,5.0,139.0,1,2,4,5,121,1.0
229226,1,136,8.0,136.0,1,2,4,8,121,1.0
229227,1,152,5.0,152.0,1,3,4,5,121,1.0
229231,5,410,2.2,82.0,1,3,8,11,32,1.0
229235,1,118,5.0,118.0,1,2,3,5,121,1.0
229236,1,136,5.0,136.0,1,2,3,5,121,1.0
229249,3,176,2.0,58.666666666666664,1,3,3,6,42,1.0
229259,2,263,4.0,131.5,2,3,6,8,24,0.5
229265,1,142,4.0,142.0,1,3,4,4,118,1.0
229287,6,686,3.8333333333333335,114.33333333333333,3,4,8,23,35,0.16666666666666666
229297,3,497,5.333333333333333,165.66666666666666,1,3,6,16,76,1.0
229298,2,391,7.5,195.5,2,3,7,15,25,0.5
229301,4,360,3.75,90.0,3,3,7,15,49,0.25
229314,4,217,2.0,54.25,4,3,5,8,65,0.25
229316,1,132,5.0,132.0,1,2,4,5,118,1.0
229318,2,349,5.0,174.5,1,3,6,10,113,1.0
229328,1,139,5.0,139.0,1,3,4,5,118,1.0
229342,1,314,9.0,314.0,1,3,7,9,118,1.0
229344,2,184,3.5,92.0,2,3,6,7,59,0.5
229350,2,380,6.5,190.0,1,4,7,13,106,1.0
229361,1,149,5.0,149.0,1,2,3,5,118,1.0
229364,1,297,9.0,297.0,1,4,7,9,118,1.0
229369,2,170,4.0,85.0,1,2,5,8,88,1.0
229371,1,190,6.0,190.0,1,2,4,6,120,1.0
229375,1,310,9.0,310.0,1,2,7,9,118,1.0
229380,1,375,11.0,375.0,1,3,5,11,118,1.0
229381,1,127,5.0,127.0,1,2,4,5,118,1.0
229383,1,207,8.0,207.0,1,2,5,8,118,1.0
229384,1,272,6.0,272.0,1,2,5,6,120,1.0
229401,1,139,4.0,139.0,1,2,3,4,118,1.0
229405,5,563,4.0,112.6,1,3,8,20,21,1.0
229413,1,129,4.0,129.0,1,1,2,4,120,1.0
229415,3,328,3.6666666666666665,109.33333333333333,1,2,3,11,29,1.0
229421,2,172,3.5,86.0,1,2,4,7,99,1.0
229422,2,455,7.0,227.5,1,2,6,14,85,1.0
229425,1,138,5.0,138.0,1,2,3,5,119,1.0
229437,1,214,7.0,214.0,1,2,4,7,118,1.0
229442,2,226,3.5,113.0,1,3,5,7,43,1.0
229443,1,183,7.0,183.0,1,3,3,7,118,1.0
229447,1,160,6.0,160.0,1,3,5,6,119,1.0
229450,1,206,8.0,206.0,1,2,3,8,119,1.0
229452,1,261,10.0,261.0,1,3,5,10,120,1.0
229466,1,377,12.0,377.0,1,3,6,12,118,1.0
229469,3,287,3.3333333333333335,95.66666666666667,2,3,6,10,32,0.6666666666666666
229470,1,133,5.0,133.0,1,2,5,5,119,1.0
229476,2,602,9.0,301.0,1,3,8,18,113,1.0
229480,2,255,4.5,127.5,1,3,5,9,85,1.0
229484,1,101,4.0,101.0,1,2,3,4,118,1.0
229491,2,252,4.0,126.0,1,3,5,8,56,1.0
229494,5,585,4.4,117.0,1,3,6,22,56,1.0
229515,2,138,3.5,69.0,1,2,5,7,119,1.0
229517,1,164,6.0,164.0,1,2,5,6,119,1.0
229524,1,176,4.0,176.0,1,2,4,4,119,1.0
229535,1,145,6.0,145.0,1,3,5,6,119,1.0
229542,1,235,8.0,235.0,1,2,6,8,118,1.0
229547,3,331,3.3333333333333335,110.33333333333333,1,3,8,10,52,1.0
229554,1,129,5.0,129.0,1,3,4,5,118,1.0
229570,6,433,2.6666666666666665,72.16666666666667,2,4,8,16,18,0.6666666666666666
229572,1,137,5.0,137.0,1,2,4,5,118,1.0
229576,1,194,6.0,194.0,1,3,6,6,118,1.0
229579,2,490,9.0,245.0,1,2,6,18,118,1.0
229580,2,218,3.5,109.0,1,3,5,7,76,1.0
229585,1,134,5.0,134.0,1,2,4,5,119,1.0
229593,2,356,6.5,178.0,1,4,8,13,49,1.0
229596,1,133,5.0,133.0,1,3,4,5,118,1.0
229603,1,71,2.0,71.0,1,1,2,2,118,1.0
229605,1,320,9.0,320.0,1,3,6,9,119,1.0
229612,1,169,5.0,169.0,1,3,5,5,118,1.0
229613,2,326,4.5,163.0,1,3,6,9,2,1.0
229621,2,149,4.0,74.5,1,2,4,8,69,1.0
229622,2,260,4.5,130.0,2,3,5,9,72,0.5
229623,1,132,5.0,132.0,1,2,4,5,120,1.0
229626,2,278,4.0,139.0,1,3,4,8,104,1.0
229629,2,309,7.0,154.5,1,3,6,14,84,1.0
229630,2,204,3.0,102.0,1,2,4,6,2,1.0
229635,1,145,5.0,145.0,1,3,4,5,120,1.0
229641,1,127,3.0,127.0,1,2,3,3,118,1.0
229642,1,86,5.0,86.0,1,2,4,5,118,1.0
229643,2,304,5.5,152.0,1,3,5,11,34,1.0
229658,5,607,4.0,121.4,1,4,8,20,51,1.0
229672,1,112,4.0,112.0,1,2,4,4,119,1.0
229673,1,192,7.0,192.0,1,2,5,7,119,1.0
229689,2,274,4.0,137.0,1,3,5,8,72,1.0
229690,1,227,8.0,227.0,1,2,3,8,118,1.0
229692,9,876,4.555555555555555,97.33333333333333,5,3,7,41,20,0.3333333333333333
229703,1,170,5.0,170.0,1,3,3,5,119,1.0
229720,1,288,9.0,288.0,1,3,5,9,119,1.0
229721,2,382,5.0,191.0,1,3,7,10,57,1.0
229758,1,145,5.0,145.0,1,3,4,5,119,1.0
229766,1,183,6.0,183.0,1,3,3,6,120,1.0
229767,1,177,5.0,177.0,1,2,4,5,118,1.0
229773,1,161,5.0,161.0,1,3,5,5,120,1.0
229777,3,288,2.6666666666666665,96.0,1,3,7,8,90,1.0
229784,2,292,3.5,146.0,2,2,5,7,18,0.5
229785,1,138,5.0,138.0,1,2,3,5,119,1.0
229789,2,239,4.0,119.5,1,3,5,8,105,1.0
229792,2,311,5.0,155.5,1,2,5,10,119,1.0
229800,1,128,5.0,128.0,1,2,4,5,117,1.0
229801,4,468,4.5,117.0,1,3,7,18,27,1.0
229802,2,200,3.5,100.0,1,3,5,7,64,1.0
229809,1,151,5.0,151.0,1,2,4,5,116,1.0
229814,1,169,6.0,169.0,1,2,4,6,116,1.0
229815,2,243,5.0,121.5,2,3,6,10,105,0.5
229830,1,202,5.0,202.0,1,2,5,5,116,1.0
229836,2,374,5.5,187.0,1,3,8,11,65,1.0
229839,3,360,5.333333333333333,120.0,1,4,8,16,64,1.0
229844,2,264,4.0,132.0,2,4,6,8,116,0.5
229845,1,241,8.0,241.0,1,2,5,8,116,1.0
229859,4,555,5.5,138.75,1,3,6,22,46,1.0
229860,1,263,7.0,263.0,1,3,6,7,116,1.0
229862,1,133,5.0,133.0,1,2,4,5,116,1.0
229865,2,164,4.0,82.0,2,2,5,8,44,0.5
229867,2,291,5.5,145.5,2,4,8,11,60,0.5
229874,1,288,10.0,288.0,1,3,4,10,116,1.0
229879,1,227,7.0,227.0,1,3,5,7,116,1.0
229882,1,96,5.0,96.0,1,2,4,5,116,1.0
229897,2,290,7.0,145.0,1,2,5,14,69,1.0
229900,3,472,5.666666666666667,157.33333333333334,1,3,7,17,32,1.0
229904,2,349,3.5,174.5,1,3,4,7,0,1.0
229909,1,261,7.0,261.0,1,3,6,7,116,1.0
229915,1,532,19.0,532.0,1,3,6,19,115,1.0
229922,1,130,6.0,130.0,1,2,3,6,115,1.0
229941,1,195,6.0,195.0,1,4,4,6,115,1.0
229952,1,178,7.0,178.0,1,2,3,7,115,1.0
229963,2,251,5.0,125.5,2,3,6,10,100,0.5
229972,2,257,5.5,128.5,1,2,3,11,56,1.0
229974,2,381,5.0,190.5,1,4,8,10,76,1.0
229975,2,254,5.5,127.0,1,2,4,11,113,1.0
229980,1,139,5.0,139.0,1,3,4,5,114,1.0
229989,1,158,5.0,158.0,1,3,4,5,114,1.0
229999,3,305,3.0,101.66666666666667,2,2,3,9,65,0.6666666666666666
230003,2,301,6.5,150.5,2,4,8,13,31,0.5
230007,1,302,9.0,302.0,1,2,5,9,114,1.0
230013,1,216,6.0,216.0,1,2,4,6,114,1.0
230033,1,161,6.0,161.0,1,3,4,6,114,1.0
230039,1,167,6.0,167.0,1,2,4,6,114,1.0
230044,1,145,6.0,145.0,1,3,5,6,114,1.0
230048,1,94,5.0,94.0,1,2,3,5,114,1.0
230051,1,154,5.0,154.0,1,3,4,5,114,1.0
230055,1,252,9.0,252.0,1,2,4,9,114,1.0
230058,2,252,4.0,126.0,1,2,5,8,55,1.0
230071,1,120,5.0,120.0,1,2,5,5,114,1.0
230073,1,317,9.0,317.0,1,3,6,9,114,1.0
230085,2,152,3.0,76.0,2,3,4,6,11,0.5
230094,2,171,4.5,85.5,1,2,5,9,63,1.0
230097,2,178,3.5,89.0,1,3,4,7,102,1.0
230101,1,179,6.0,179.0,1,3,5,6,113,1.0
230108,2,264,4.5,132.0,1,3,5,9,56,1.0
230109,1,145,5.0,145.0,1,3,3,5,113,1.0
230126,1,201,9.0,201.0,1,2,5,9,113,1.0
230131,1,199,7.0,199.0,1,2,3,7,113,1.0
230137,2,231,3.0,115.5,2,3,6,6,108,0.5
230143,1,138,7.0,138.0,1,2,4,7,113,1.0
230151,1,125,5.0,125.0,1,2,3,5,113,1.0
230158,1,128,4.0,128.0,1,1,2,4,113,1.0
230159,3,419,5.0,139.66666666666666,1,3,7,15,46,1.0
230167,1,129,6.0,129.0,1,2,3,6,113,1.0
230170,3,312,4.0,104.0,1,2,6,12,56,1.0
230179,5,384,2.8,76.8,1,3,7,14,55,1.0
230183,1,346,12.0,346.0,1,3,5,12,113,1.0
230190,1,148,5.0,148.0,1,2,5,5,113,1.0
230192,2,221,3.0,110.5,1,3,5,6,100,1.0
230196,2,181,3.0,90.5,1,1,2,6,64,1.0
230197,1,196,7.0,196.0,1,3,4,7,113,1.0
230208,1,144,5.0,144.0,1,3,4,5,113,1.0
230216,1,152,5.0,152.0,1,2,4,5,113,1.0
230229,1,148,5.0,148.0,1,2,4,5,113,1.0
230230,1,216,7.0,216.0,1,3,5,7,113,1.0
230231,1,115,5.0,115.0,1,3,4,5,113,1.0
230245,1,149,5.0,149.0,1,2,4,5,112,1.0
230248,1,137,5.0,137.0,1,3,4,5,112,1.0
230254,3,156,2.0,52.0,1,2,3,6,109,1.0
230261,2,282,4.5,141.0,1,3,6,9,65,1.0
230278,2,205,3.5,102.5,1,3,4,7,85,1.0
230281,1,231,7.0,231.0,1,4,6,7,112,1.0
230297,3,356,3.6666666666666665,118.66666666666667,2,3,6,11,62,0.6666666666666666
230299,2,170,3.0,85.0,1,2,4,6,83,1.0
230300,2,208,4.0,104.0,1,2,5,8,60,1.0
230308,1,206,7.0,206.0,1,2,3,7,112,1.0
230323,1,110,4.0,110.0,1,3,4,4,111,1.0
230337,1,176,7.0,176.0,1,2,4,7,112,1.0
230342,2,285,4.0,142.5,2,4,6,8,109,0.5
230350,2,259,5.0,129.5,2,3,5,10,50,0.5
230351,2,272,5.0,136.0,1,3,6,10,64,1.0
230353,2,207,4.0,103.5,1,2,5,8,48,1.0
230358,2,317,4.5,158.5,1,4,7,9,37,1.0
230362,1,204,6.0,204.0,1,4,5,6,112,1.0
230370,1,110,5.0,110.0,1,2,3,5,111,1.0
230377,1,172,6.0,172.0,1,2,4,6,111,1.0
230382,2,241,4.5,120.5,1,3,7,9,107,1.0
230387,1,146,5.0,146.0,1,2,3,5,112,1.0
230390,1,148,6.0,148.0,1,2,4,6,112,1.0
230393,1,153,4.0,153.0,1,2,3,4,112,1.0
230394,2,353,5.5,176.5,2,3,6,11,86,0.5
230395,1,169,5.0,169.0,1,2,4,5,111,1.0
230407,2,199,3.0,99.5,1,3,3,6,21,1.0
230411,1,207,8.0,207.0,1,3,5,8,112,1.0
230414,1,124,5.0,124.0,1,2,3,5,112,1.0
230415,3,591,5.0,197.0,3,3,8,15,53,0.3333333333333333
230417,1,142,4.0,142.0,1,2,3,4,112,1.0
230422,1,219,5.0,219.0,1,2,2,5,111,1.0
230433,1,151,5.0,151.0,1,3,5,5,112,1.0
230436,1,87,5.0,87.0,1,3,5,5,111,1.0
230443,2,331,4.0,165.5,1,3,5,8,102,1.0
230448,2,249,6.0,124.5,2,2,4,12,95,0.5
230461,1,152,6.0,152.0,1,2,4,6,111,1.0
230462,3,296,3.6666666666666665,98.66666666666667,1,3,6,11,43,1.0
230467,5,242,2.2,48.4,1,3,6,11,55,1.0
230472,1,116,4.0,116.0,1,2,3,4,111,1.0
230473,2,210,4.5,105.0,1,4,5,9,109,1.0
230476,1,142,5.0,142.0,1,2,3,5,111,1.0
230478,1,138,5.0,138.0,1,2,3,5,111,1.0
230485,1,155,6.0,155.0,1,2,4,6,112,1.0
230487,1,143,5.0,143.0,1,2,5,5,111,1.0
230492,1,131,4.0,131.0,1,2,4,4,111,1.0
230494,1,164,5.0,164.0,1,2,3,5,111,1.0
230497,2,288,4.0,144.0,1,1,2,8,17,1.0
230500,2,397,5.0,198.5,1,2,7,10,109,1.0
230505,2,193,4.0,96.5,1,3,5,8,111,1.0
230515,3,283,3.6666666666666665,94.33333333333333,2,4,5,11,41,0.6666666666666666
230520,4,403,4.5,100.75,1,3,7,18,51,1.0
230524,3,480,5.666666666666667,160.0,2,3,8,17,2,0.6666666666666666
230529,1,203,6.0,203.0,1,3,6,6,111,1.0
230533,1,132,5.0,132.0,1,2,4,5,112,1.0
230536,1,179,6.0,179.0,1,3,4,6,112,1.0
230541,1,92,5.0,92.0,1,2,3,5,111,1.0
230550,3,430,5.0,143.33333333333334,1,4,4,15,111,1.0
230555,3,300,3.6666666666666665,100.0,1,2,5,11,42,1.0
230559,2,276,4.5,138.0,1,3,5,9,111,1.0
230560,1,295,10.0,295.0,1,3,6,10,112,1.0
230561,2,209,3.0,104.5,1,3,5,6,111,1.0
230577,2,722,14.0,361.0,1,3,9,28,71,1.0
230593,1,139,5.0,139.0,1,3,4,5,111,1.0
230594,1,233,7.0,233.0,1,3,5,7,111,1.0
230605,4,619,4.75,154.75,1,3,8,19,27,1.0
230614,1,108,5.0,108.0,1,2,3,5,111,1.0
230625,1,121,5.0,121.0,1,2,4,5,111,1.0
230629,2,342,5.5,171.0,1,2,3,11,41,1.0
230630,1,154,4.0,154.0,1,3,3,4,112,1.0
230635,1,114,5.0,114.0,1,2,4,5,111,1.0
230639,4,329,3.25,82.25,2,3,6,13,62,0.25
230647,3,190,2.6666666666666665,63.333333333333336,1,3,5,8,65,1.0
230652,2,266,4.5,133.0,2,2,4,9,34,0.5
230660,2,323,5.5,161.5,1,2,6,11,2,1.0
230664,2,166,3.0,83.0,2,2,3,6,63,0.5
230667,1,314,8.0,314.0,1,3,7,8,109,1.0
230684,1,111,5.0,111.0,1,2,4,5,109,1.0
230691,1,209,5.0,209.0,1,3,5,5,109,1.0
230700,1,151,4.0,151.0,1,2,3,4,109,1.0
230703,1,104,4.0,104.0,1,2,3,4,109,1.0
230716,1,151,5.0,151.0,1,2,5,5,109,1.0
230717,1,248,9.0,248.0,1,2,5,9,109,1.0
230718,1,94,5.0,94.0,1,2,3,5,109,1.0
230723,1,151,5.0,151.0,1,3,4,5,109,1.0
230728,2,213,3.5,106.5,2,4,5,7,52,0.5
230729,3,403,5.333333333333333,134.33333333333334,2,2,5,16,56,0.6666666666666666
230731,1,94,5.0,94.0,1,2,4,5,109,1.0
230747,2,306,6.0,153.0,1,2,5,12,51,1.0
230752,1,362,12.0,362.0,1,3,7,12,108,1.0
230753,1,134,5.0,134.0,1,2,4,5,108,1.0
230755,1,160,7.0,160.0,1,2,5,7,108,1.0
230756,2,157,4.0,78.5,1,3,5,8,57,1.0
230777,1,102,5.0,102.0,1,2,4,5,108,1.0
230779,1,184,6.0,184.0,1,2,3,6,108,1.0
230793,2,354,6.5,177.0,1,4,6,13,90,1.0
230801,1,146,6.0,146.0,1,2,5,6,108,1.0
230802,1,173,7.0,173.0,1,3,5,7,108,1.0
230803,1,156,5.0,156.0,1,1,3,5,108,1.0
230812,3,233,2.6666666666666665,77.66666666666667,1,2,3,8,107,1.0
230845,1,305,10.0,305.0,1,3,5,10,107,1.0
230849,1,129,5.0,129.0,1,3,4,5,107,1.0
230856,1,91,4.0,91.0,1,2,4,4,107,1.0
230883,2,254,4.0,127.0,2,3,4,8,70,0.5
230888,1,165,5.0,165.0,1,2,4,5,107,1.0
230892,1,158,5.0,158.0,1,3,4,5,107,1.0
230896,1,299,9.0,299.0,1,3,5,9,107,1.0
230901,1,114,5.0,114.0,1,2,3,5,107,1.0
230905,1,166,6.0,166.0,1,2,5,6,107,1.0
230907,1,111,5.0,111.0,1,2,4,5,107,1.0
230911,2,493,6.5,246.5,2,4,7,13,3,0.5
230932,2,205,4.0,102.5,1,2,7,8,70,1.0
230933,2,328,6.0,164.0,2,2,6,12,69,0.5
230939,1,185,6.0,185.0,1,3,5,6,107,1.0
230946,1,171,5.0,171.0,1,2,3,5,107,1.0
230952,3,449,5.0,149.66666666666666,2,3,7,15,1,0.6666666666666666
230954,2,233,4.5,116.5,1,4,5,9,53,1.0
230959,1,150,7.0,150.0,1,3,6,7,107,1.0
230969,1,151,6.0,151.0,1,3,4,6,107,1.0
230981,1,136,6.0,136.0,1,2,3,6,106,1.0
230983,1,154,4.0,154.0,1,1,2,4,106,1.0
230985,2,162,2.5,81.0,1,1,3,5,106,1.0
230990,3,647,9.0,215.66666666666666,1,4,12,27,55,1.0
231010,2,514,7.5,257.0,1,3,6,15,77,1.0
231019,3,419,4.666666666666667,139.66666666666666,1,3,8,14,106,1.0
231021,1,124,5.0,124.0,1,2,3,5,106,1.0
231028,1,137,6.0,137.0,1,2,3,6,106,1.0
231042,2,453,5.5,226.5,2,2,3,11,15,0.5
231048,1,225,7.0,225.0,1,3,5,7,111,1.0
231050,3,388,5.0,129.33333333333334,1,3,7,15,0,1.0
231057,1,304,9.0,304.0,1,2,3,9,104,1.0
231066,1,127,5.0,127.0,1,2,5,5,105,1.0
231076,1,147,5.0,147.0,1,2,4,5,105,1.0
231079,1,114,5.0,114.0,1,3,4,5,105,1.0
231088,1,147,5.0,147.0,1,3,5,5,104,1.0
231096,1,153,5.0,153.0,1,3,5,5,104,1.0
231100,1,100,5.0,100.0,1,2,3,5,105,1.0
231108,1,134,5.0,134.0,1,2,3,5,105,1.0
231115,1,223,6.0,223.0,1,2,5,6,105,1.0
231123,1,128,5.0,128.0,1,2,3,5,104,1.0
231132,1,203,6.0,203.0,1,3,6,6,105,1.0
231141,1,92,5.0,92.0,1,2,3,5,105,1.0
231157,1,160,5.0,160.0,1,1,3,5,105,1.0
231182,4,395,2.75,98.75,1,3,4,11,59,1.0
231186,1,188,6.0,188.0,1,2,3,6,105,1.0
231193,3,235,3.0,78.33333333333333,2,2,4,9,24,0.6666666666666666
231194,2,468,6.5,234.0,2,3,4,13,83,0.5
231196,1,156,5.0,156.0,1,3,3,5,104,1.0
231198,2,242,4.0,121.0,2,2,4,8,55,0.5
231200,1,124,4.0,124.0,1,1,3,4,104,1.0
231207,1,122,5.0,122.0,1,2,3,5,105,1.0
231216,1,192,8.0,192.0,1,2,2,8,105,1.0
231217,2,92,1.5,46.0,1,2,3,3,6,1.0
231224,1,134,5.0,134.0,1,3,4,5,105,1.0
231225,1,201,7.0,201.0,1,2,4,7,104,1.0
231228,1,146,6.0,146.0,1,3,5,6,105,1.0
231232,3,271,3.0,90.33333333333333,1,3,6,9,94,1.0
231242,1,169,6.0,169.0,1,2,3,6,104,1.0
231257,3,494,4.666666666666667,164.66666666666666,1,4,7,14,10,1.0
231267,1,132,5.0,132.0,1,3,3,5,105,1.0
231273,2,390,6.5,195.0,1,3,7,13,48,1.0
231295,1,142,5.0,142.0,1,2,2,5,105,1.0
231316,1,169,7.0,169.0,1,3,5,7,104,1.0
231326,1,156,4.0,156.0,1,2,4,4,105,1.0
231327,1,297,9.0,297.0,1,2,4,9,105,1.0
231330,1,366,11.0,366.0,1,2,6,11,105,1.0
231332,2,332,4.5,166.0,1,2,4,9,104,1.0
231346,1,139,5.0,139.0,1,3,5,5,104,1.0
231356,2,198,4.0,99.0,1,2,5,8,65,1.0
231363,1,150,4.0,150.0,1,2,4,4,104,1.0
231367,1,147,5.0,147.0,1,2,4,5,104,1.0
231378,1,261,8.0,261.0,1,3,4,8,105,1.0
231394,1,128,4.0,128.0,1,1,3,4,105,1.0
231399,2,235,4.0,117.5,1,4,4,8,92,1.0
231415,1,196,7.0,196.0,1,2,4,7,104,1.0
231448,1,215,8.0,215.0,1,2,4,8,105,1.0
231463,1,160,6.0,160.0,1,2,4,6,102,1.0
231464,3,358,4.0,119.33333333333333,1,3,5,12,44,1.0
231473,1,314,8.0,314.0,1,2,3,8,102,1.0
231480,1,108,5.0,108.0,1,2,3,5,102,1.0
231482,2,368,6.0,184.0,1,3,6,12,97,1.0
231502,1,200,6.0,200.0,1,1,3,6,103,1.0
231510,1,211,7.0,211.0,1,3,4,7,102,1.0
231514,1,133,4.0,133.0,1,1,2,4,102,1.0
231516,1,123,3.0,123.0,1,1,3,3,53,1.0
231519,1,94,4.0,94.0,1,2,3,4,102,1.0
231520,1,208,6.0,208.0,1,3,5,6,102,1.0
231523,1,140,5.0,140.0,1,2,4,5,102,1.0
231526,1,161,5.0,161.0,1,3,5,5,102,1.0
231530,1,218,7.0,218.0,1,3,6,7,102,1.0
231533,2,301,5.5,150.5,1,3,7,11,71,1.0
231534,3,506,4.666666666666667,168.66666666666666,1,4,10,14,22,1.0
231539,2,260,4.0,130.0,1,2,4,8,41,1.0
231540,2,228,4.5,114.0,2,2,7,9,83,0.5
231548,1,129,4.0,129.0,1,1,2,4,101,1.0
231551,1,75,1.0,75.0,1,1,1,1,101,1.0
231554,1,155,5.0,155.0,1,2,5,5,101,1.0
231561,2,600,8.5,300.0,1,3,7,17,35,1.0
231563,1,195,6.0,195.0,1,2,4,6,101,1.0
231567,1,263,9.0,263.0,1,2,4,9,101,1.0
231572,1,164,6.0,164.0,1,2,4,6,101,1.0
231587,1,308,8.0,308.0,1,4,5,8,101,1.0
231589,1,280,6.0,280.0,1,2,5,6,101,1.0
231590,1,149,5.0,149.0,1,2,4,5,101,1.0
231591,1,138,5.0,138.0,1,3,3,5,101,1.0
231610,3,431,4.333333333333333,143.66666666666666,1,3,7,13,64,1.0
231615,1,123,5.0,123.0,1,3,3,5,101,1.0
231616,1,230,6.0,230.0,1,3,5,6,101,1.0
231636,1,213,7.0,213.0,1,2,4,7,101,1.0
231637,1,81,2.0,81.0,1,1,2,2,101,1.0
231643,1,142,4.0,142.0,1,1,3,4,101,1.0
231644,2,503,7.0,251.5,1,3,7,14,90,1.0
231645,1,127,5.0,127.0,1,3,4,5,101,1.0
231646,1,148,5.0,148.0,1,2,3,5,101,1.0
231647,1,203,6.0,203.0,1,4,5,6,101,1.0
231669,2,269,4.0,134.5,1,3,6,8,98,1.0
231675,1,170,6.0,170.0,1,2,5,6,100,1.0
231679,1,99,3.0,99.0,1,1,2,3,104,1.0
231681,1,217,7.0,217.0,1,3,4,7,100,1.0
231694,1,205,7.0,205.0,1,2,3,7,100,1.0
231699,1,410,11.0,410.0,1,3,5,11,100,1.0
231705,3,292,3.3333333333333335,97.33333333333333,1,2,3,10,62,1.0
231731,1,163,5.0,163.0,1,1,3,5,100,1.0
231765,1,259,8.0,259.0,1,3,5,8,100,1.0
231766,1,293,10.0,293.0,1,3,6,10,100,1.0
231767,2,214,4.0,107.0,1,3,5,8,97,1.0
231774,1,179,5.0,179.0,1,3,5,5,100,1.0
231789,1,128,6.0,128.0,1,3,4,6,100,1.0
231798,1,142,6.0,142.0,1,2,3,6,100,1.0
231814,2,338,5.5,169.0,1,3,5,11,93,1.0
231815,1,247,8.0,247.0,1,3,7,8,99,1.0
231821,1,144,5.0,144.0,1,2,3,5,99,1.0
231824,2,244,4.5,122.0,1,3,4,9,91,1.0
231829,3,356,3.6666666666666665,118.66666666666667,1,3,5,11,80,1.0
231831,2,296,4.0,148.0,2,3,4,8,90,0.5
231836,1,225,7.0,225.0,1,3,4,7,99,1.0
231837,2,298,5.5,149.0,1,3,5,11,36,1.0
231841,1,138,5.0,138.0,1,2,4,5,99,1.0
231844,1,208,6.0,208.0,1,3,5,6,99,1.0
231848,1,155,5.0,155.0,1,2,4,5,99,1.0
231854,1,183,5.0,183.0,1,2,5,5,99,1.0
231862,3,326,4.0,108.66666666666667,2,4,5,12,36,0.6666666666666666
231866,2,280,4.5,140.0,1,3,6,9,64,1.0
231867,1,134,5.0,134.0,1,2,2,5,99,1.0
231875,2,174,2.5,87.0,1,1,4,5,30,1.0
231879,2,258,5.5,129.0,1,2,4,11,99,1.0
231883,1,118,5.0,118.0,1,2,3,5,99,1.0
231885,1,133,5.0,133.0,1,3,4,5,99,1.0
231893,1,127,6.0,127.0,1,3,4,6,99,1.0
231894,1,92,5.0,92.0,1,3,4,5,99,1.0
231902,1,197,7.0,197.0,1,2,3,7,99,1.0
231907,2,377,6.5,188.5,1,3,3,13,79,1.0
231908,1,158,5.0,158.0,1,3,4,5,99,1.0
231919,2,420,5.0,210.0,1,4,8,10,11,1.0
231925,2,188,4.0,94.0,2,2,4,8,83,0.5
231935,1,134,5.0,134.0,1,3,4,5,99,1.0
231941,7,564,4.0,80.57142857142857,2,4,9,28,17,0.8571428571428571
231943,1,170,6.0,170.0,1,3,4,6,97,1.0
231950,1,207,7.0,207.0,1,2,5,7,97,1.0
231957,1,183,5.0,183.0,1,2,5,5,97,1.0
231958,2,241,4.5,120.5,1,4,6,9,97,1.0
231965,3,188,1.6666666666666667,62.666666666666664,1,2,4,5,62,1.0
231968,1,368,10.0,368.0,1,4,8,10,97,1.0
231974,3,436,4.666666666666667,145.33333333333334,3,4,8,14,41,0.3333333333333333
231977,2,373,8.0,186.5,2,4,8,16,61,0.5
231992,2,313,6.5,156.5,1,2,6,13,57,1.0
231997,1,236,7.0,236.0,1,4,4,7,98,1.0
232001,1,153,5.0,153.0,1,3,4,5,98,1.0
232007,3,369,4.666666666666667,123.0,1,3,8,14,52,1.0
232022,1,189,7.0,189.0,1,1,3,7,97,1.0
232035,1,341,10.0,341.0,1,4,6,10,98,1.0
232061,2,288,5.5,144.0,1,3,3,11,61,1.0
232074,3,120,2.0,40.0,1,2,4,6,41,1.0
232078,1,96,5.0,96.0,1,2,4,5,98,1.0
232081,2,209,4.0,104.5,1,2,3,8,61,1.0
232083,1,165,6.0,165.0,1,2,5,6,98,1.0
232084,1,180,7.0,180.0,1,2,3,7,98,1.0
232085,1,112,5.0,112.0,1,2,4,5,97,1.0
232095,1,194,6.0,194.0,1,3,6,6,98,1.0
232096,1,135,5.0,135.0,1,2,3,5,97,1.0
232111,3,313,4.0,104.33333333333333,1,4,7,12,58,1.0
232117,1,382,11.0,382.0,1,2,6,11,97,1.0
232120,2,308,5.5,154.0,1,3,7,11,90,1.0
232131,2,282,4.5,141.0,1,3,5,9,39,1.0
232132,1,221,7.0,221.0,1,3,6,7,98,1.0
232135,1,145,4.0,145.0,1,3,4,4,97,1.0
232143,1,373,10.0,373.0,1,2,3,10,97,1.0
232146,1,224,8.0,224.0,1,2,5,8,97,1.0
232160,2,256,4.0,128.0,2,2,5,8,64,0.5
232165,1,238,6.0,238.0,1,2,3,6,97,1.0
232174,2,318,7.0,159.0,1,2,6,14,97,1.0
232177,1,122,5.0,122.0,1,2,4,5,97,1.0
232188,1,137,5.0,137.0,1,2,5,5,98,1.0
232190,1,157,5.0,157.0,1,3,4,5,97,1.0
232208,1,161,5.0,161.0,1,3,4,5,97,1.0
232245,2,395,6.0,197.5,2,4,8,12,83,0.5
232261,1,186,7.0,186.0,1,2,3,7,97,1.0
232267,2,440,7.0,220.0,1,3,5,14,92,1.0
232271,2,187,3.0,93.5,1,3,5,6,97,1.0
232289,1,112,6.0,112.0,1,2,3,6,97,1.0
232296,2,224,4.0,112.0,1,2,4,8,22,1.0
232297,1,161,5.0,161.0,1,2,4,5,98,1.0
232304,1,164,5.0,164.0,1,3,5,5,98,1.0
232306,1,146,5.0,146.0,1,2,3,5,97,1.0
232310,2,661,10.0,330.5,1,4,10,20,65,1.0
232311,2,313,5.0,156.5,1,4,6,10,48,1.0
232330,1,192,9.0,192.0,1,2,3,9,97,1.0
232337,1,223,8.0,223.0,1,2,5,8,97,1.0
232342,2,318,5.0,159.0,1,2,6,10,97,1.0
232348,1,203,7.0,203.0,1,4,4,7,97,1.0
232351,1,144,5.0,144.0,1,2,5,5,98,1.0
232364,1,123,6.0,123.0,1,3,4,6,97,1.0
232374,1,411,9.0,411.0,1,4,6,9,97,1.0
232379,1,141,5.0,141.0,1,2,2,5,98,1.0
232384,1,115,5.0,115.0,1,2,3,5,94,1.0
232397,3,401,3.6666666666666665,133.66666666666666,1,4,5,11,31,1.0
232401,1,315,13.0,315.0,1,2,5,13,93,1.0
232410,4,391,3.0,97.75,2,3,8,12,63,0.75
232432,1,134,4.0,134.0,1,1,2,4,94,1.0
232436,1,131,5.0,131.0,1,2,4,5,94,1.0
232439,1,200,7.0,200.0,1,2,6,7,94,1.0
232440,2,177,3.0,88.5,1,3,5,6,8,1.0
232444,3,400,4.0,133.33333333333334,1,3,6,12,49,1.0
232450,1,106,5.0,106.0,1,2,3,5,93,1.0
232451,1,132,5.0,132.0,1,2,3,5,93,1.0
232467,1,173,6.0,173.0,1,3,4,6,93,1.0
232480,1,327,14.0,327.0,1,3,4,14,93,1.0
232481,1,663,20.0,663.0,1,2,8,20,93,1.0
232483,3,504,5.333333333333333,168.0,2,3,7,16,62,0.3333333333333333
232487,1,222,8.0,222.0,1,1,2,8,95,1.0
232488,1,131,5.0,131.0,1,2,5,5,93,1.0
232489,1,326,9.0,326.0,1,3,5,9,94,1.0
232496,1,146,4.0,146.0,1,2,4,4,94,1.0
232500,1,174,5.0,174.0,1,2,3,5,93,1.0
232506,4,294,2.75,73.5,1,3,7,11,64,1.0
232515,1,107,5.0,107.0,1,3,4,5,94,1.0
232529,1,121,6.0,121.0,1,3,4,6,93,1.0
232546,3,405,5.333333333333333,135.0,1,4,8,16,35,1.0
232554,4,374,3.5,93.5,1,2,4,14,45,1.0
232562,1,132,5.0,132.0,1,2,3,5,94,1.0
232564,2,317,5.5,158.5,1,3,5,11,37,1.0
232565,1,235,7.0,235.0,1,2,4,7,94,1.0
232566,1,118,3.0,118.0,1,2,3,3,94,1.0
232570,2,178,3.0,89.0,1,2,4,6,62,1.0
232574,1,133,5.0,133.0,1,2,5,5,94,1.0
232581,2,362,4.5,181.0,1,2,4,9,83,1.0
232589,1,282,7.0,282.0,1,2,4,7,95,1.0
232592,1,175,6.0,175.0,1,2,5,6,93,1.0
232604,1,172,7.0,172.0,1,3,4,7,95,1.0
232610,4,280,3.0,70.0,1,2,4,12,32,1.0
232611,2,274,4.5,137.0,1,3,4,9,31,1.0
232617,2,346,5.0,173.0,1,3,5,10,94,1.0
232620,1,211,5.0,211.0,1,2,4,5,95,1.0
232626,1,112,5.0,112.0,1,2,4,5,93,1.0
232639,2,148,2.5,74.0,1,3,3,5,93,1.0
232640,1,520,14.0,520.0,1,3,8,14,93,1.0
232641,4,322,2.75,80.5,2,3,6,11,2,0.75
232651,1,99,3.0,99.0,1,2,3,3,93,1.0
232664,1,131,7.0,131.0,1,2,3,7,94,1.0
232668,1,177,8.0,177.0,1,2,4,8,93,1.0
232685,1,134,6.0,134.0,1,2,5,6,93,1.0
232687,1,142,5.0,142.0,1,2,5,5,93,1.0
232691,3,389,4.333333333333333,129.66666666666666,1,4,5,13,94,1.0
232692,1,143,5.0,143.0,1,2,4,5,94,1.0
232694,1,158,5.0,158.0,1,3,3,5,94,1.0
232702,1,184,6.0,184.0,1,2,4,6,94,1.0
232711,4,422,3.5,105.5,2,4,6,14,24,0.75
232714,1,89,5.0,89.0,1,2,5,5,95,1.0
232723,1,99,6.0,99.0,1,3,4,6,92,1.0
232730,3,481,5.333333333333333,160.33333333333334,1,3,4,16,64,1.0
232740,1,255,7.0,255.0,1,3,5,7,92,1.0
232741,1,121,5.0,121.0,1,2,4,5,92,1.0
232754,2,219,4.5,109.5,1,2,6,9,63,1.0
232756,2,123,3.0,61.5,1,3,5,6,63,1.0
232761,1,163,6.0,163.0,1,3,5,6,93,1.0
232766,1,148,5.0,148.0,1,2,2,5,92,1.0
232780,5,545,3.8,109.0,1,3,8,19,34,1.0
232782,1,292,9.0,292.0,1,3,4,9,92,1.0
232787,1,204,7.0,204.0,1,3,4,7,92,1.0
232789,4,507,3.5,126.75,1,3,6,14,2,1.0
232794,2,159,3.5,79.5,2,2,5,7,4,0.5
232809,1,181,7.0,181.0,1,3,4,7,92,1.0
232817,1,62,4.0,62.0,1,2,4,4,92,1.0
232818,2,272,4.5,136.0,2,3,5,9,36,0.5
232835,2,206,4.0,103.0,1,2,5,8,66,1.0
232837,2,310,6.0,155.0,2,2,5,12,55,0.5
232848,3,349,4.333333333333333,116.33333333333333,3,2,6,13,35,0.3333333333333333
232859,3,302,3.6666666666666665,100.66666666666667,2,3,7,11,69,0.6666666666666666
232878,1,170,6.0,170.0,1,3,4,6,91,1.0
232880,1,123,6.0,123.0,1,2,4,6,90,1.0
232886,2,343,5.5,171.5,1,2,4,11,63,1.0
232896,1,130,5.0,130.0,1,2,4,5,91,1.0
232907,1,147,6.0,147.0,1,3,6,6,91,1.0
232909,1,127,4.0,127.0,1,3,3,4,91,1.0
232922,1,135,5.0,135.0,1,2,3,5,91,1.0
232925,1,169,5.0,169.0,1,2,3,5,90,1.0
232928,1,122,6.0,122.0,1,2,2,6,91,1.0
232933,1,297,9.0,297.0,1,2,7,9,90,1.0
232936,1,564,13.0,564.0,1,3,6,13,91,1.0
232939,1,140,5.0,140.0,1,3,3,5,90,1.0
232942,1,309,9.0,309.0,1,3,6,9,91,1.0
232943,2,492,6.5,246.0,1,2,6,13,69,1.0
232952,1,198,6.0,198.0,1,1,4,6,90,1.0
232954,1,126,5.0,126.0,1,2,3,5,90,1.0
232956,1,131,5.0,131.0,1,2,3,5,90,1.0
232965,2,180,4.5,90.0,1,2,4,9,91,1.0
232969,1,139,5.0,139.0,1,3,4,5,90,1.0
232971,3,352,4.0,117.33333333333333,1,3,7,12,90,1.0
232972,1,148,6.0,148.0,1,2,5,6,91,1.0
232986,2,273,3.5,136.5,1,2,5,7,57,1.0
232993,1,118,5.0,118.0,1,2,4,5,90,1.0
233000,1,152,4.0,152.0,1,3,4,4,91,1.0
233003,1,86,5.0,86.0,1,2,4,5,91,1.0
233006,1,195,6.0,195.0,1,2,4,6,90,1.0
233007,1,350,8.0,350.0,1,3,6,8,90,1.0
233027,1,132,5.0,132.0,1,2,4,5,91,1.0
233036,2,255,4.0,127.5,1,1,3,8,13,1.0
233041,2,155,3.0,77.5,1,3,5,6,65,1.0
233042,1,159,4.0,159.0,1,2,3,4,91,1.0
233051,3,230,3.0,76.66666666666667,1,3,6,9,35,1.0
233055,1,244,9.0,244.0,1,3,6,9,91,1.0
233060,1,170,6.0,170.0,1,2,5,6,91,1.0
233076,1,147,6.0,147.0,1,2,5,6,91,1.0
233094,1,148,5.0,148.0,1,2,4,5,90,1.0
233114,2,189,2.5,94.5,1,2,3,5,57,1.0
233136,1,162,4.0,162.0,1,1,2,4,90,1.0
233143,1,139,5.0,139.0,1,3,5,5,90,1.0
233150,2,124,2.5,62.0,1,2,2,5,87,1.0
233151,1,147,4.0,147.0,1,2,4,4,91,1.0
233155,1,106,5.0,106.0,1,2,3,5,90,1.0
233162,1,197,7.0,197.0,1,2,4,7,91,1.0
233170,1,143,5.0,143.0,1,2,3,5,91,1.0
233171,1,129,5.0,129.0,1,2,5,5,90,1.0
233185,1,187,7.0,187.0,1,3,4,7,90,1.0
233187,1,109,5.0,109.0,1,2,3,5,90,1.0
233193,1,126,5.0,126.0,1,2,3,5,91,1.0
233196,1,177,6.0,177.0,1,2,5,6,90,1.0
233198,1,398,13.0,398.0,1,3,7,13,90,1.0
233201,1,116,6.0,116.0,1,2,4,6,90,1.0
233202,1,146,5.0,146.0,1,2,3,5,90,1.0
233207,3,473,5.0,157.66666666666666,2,4,6,15,42,0.6666666666666666
233208,1,91,2.0,91.0,1,1,1,2,90,1.0
233212,3,413,4.666666666666667,137.66666666666666,2,3,6,14,60,0.3333333333333333
233219,1,211,7.0,211.0,1,2,6,7,90,1.0
233227,1,307,10.0,307.0,1,2,4,10,90,1.0
233241,1,208,7.0,208.0,1,2,5,7,90,1.0
233244,2,224,4.0,112.0,1,2,5,8,2,1.0
233245,2,234,4.0,117.0,1,4,7,8,34,1.0
233253,1,139,5.0,139.0,1,2,3,5,90,1.0
233259,5,477,3.0,95.4,1,4,8,15,38,1.0
233263,3,624,7.0,208.0,1,4,8,21,21,1.0
233269,2,508,7.0,254.0,2,4,9,14,66,0.5
233270,1,190,7.0,190.0,1,2,3,7,88,1.0
233278,2,349,4.0,174.5,1,3,7,8,76,1.0
233282,1,89,6.0,89.0,1,2,3,6,89,1.0
233287,1,149,6.0,149.0,1,2,5,6,88,1.0
233290,2,206,3.5,103.0,1,3,4,7,53,1.0
233293,1,146,3.0,146.0,1,2,3,3,88,1.0
233299,2,201,5.5,100.5,1,4,6,11,48,1.0
233305,2,304,4.5,152.0,1,1,4,9,85,1.0
233310,1,140,5.0,140.0,1,3,3,5,88,1.0
233330,1,146,4.0,146.0,1,3,4,4,88,1.0
233339,1,170,6.0,170.0,1,2,4,6,88,1.0
233344,1,136,5.0,136.0,1,2,4,5,88,1.0
233348,4,315,2.25,78.75,2,3,5,9,43,0.75
233350,1,133,6.0,133.0,1,2,3,6,88,1.0
233361,1,349,9.0,349.0,1,2,4,9,87,1.0
233365,2,252,4.0,126.0,2,4,6,8,66,0.5
233373,2,531,7.5,265.5,1,3,6,15,87,1.0
233387,1,186,7.0,186.0,1,3,4,7,87,1.0
233388,1,136,5.0,136.0,1,2,3,5,87,1.0
233389,2,259,4.0,129.5,1,3,7,8,58,1.0
233396,1,210,6.0,210.0,1,2,5,6,87,1.0
233402,1,139,5.0,139.0,1,2,2,5,87,1.0
233407,2,109,1.5,54.5,1,2,2,3,34,1.0
233425,1,180,6.0,180.0,1,3,4,6,87,1.0
233426,1,180,5.0,180.0,1,2,4,5,87,1.0
233430,3,574,5.666666666666667,191.33333333333334,1,3,7,17,29,1.0
233441,1,164,5.0,164.0,1,3,4,5,87,1.0
233444,2,221,3.5,110.5,1,2,5,7,71,1.0
233445,1,145,5.0,145.0,1,2,3,5,87,1.0
233458,1,263,7.0,263.0,1,3,6,7,87,1.0
233461,1,191,6.0,191.0,1,1,5,6,87,1.0
233470,2,349,5.5,174.5,1,3,5,11,24,1.0
233492,1,110,5.0,110.0,1,2,3,5,86,1.0
233497,1,129,5.0,129.0,1,2,4,5,86,1.0
233508,2,224,3.5,112.0,2,2,5,7,85,0.5
233509,1,101,4.0,101.0,1,2,2,4,86,1.0
233514,1,128,5.0,128.0,1,3,5,5,86,1.0
233516,1,129,5.0,129.0,1,1,2,5,86,1.0
233531,2,225,5.0,112.5,1,4,6,10,13,1.0
233537,2,229,4.0,114.5,1,2,4,8,86,1.0
233551,1,160,7.0,160.0,1,2,4,7,86,1.0
233561,1,166,5.0,166.0,1,2,3,5,86,1.0
233569,2,286,4.0,143.0,1,1,3,8,86,1.0
233575,1,239,7.0,239.0,1,3,4,7,86,1.0
233592,1,390,13.0,390.0,1,4,7,13,86,1.0
233598,1,74,3.0,74.0,1,2,2,3,86,1.0
233607,1,170,7.0,170.0,1,3,4,7,86,1.0
233620,1,149,5.0,149.0,1,3,5,5,85,1.0
233621,3,306,3.0,102.0,2,3,4,9,65,0.6666666666666666
233624,3,270,2.6666666666666665,90.0,1,3,5,8,80,1.0
233626,2,324,5.5,162.0,1,3,4,11,57,1.0
233630,2,185,4.0,92.5,1,2,6,8,57,1.0
233640,2,222,5.0,111.0,1,3,5,10,44,1.0
233646,1,205,5.0,205.0,1,1,4,5,85,1.0
233655,3,522,6.0,174.0,3,3,6,18,56,0.3333333333333333
233656,3,409,4.333333333333333,136.33333333333334,1,2,3,13,76,1.0
233662,2,323,4.0,161.5,2,4,6,8,9,0.5
233671,2,154,3.0,77.0,1,1,2,6,57,1.0
233673,3,235,3.3333333333333335,78.33333333333333,1,4,7,10,61,1.0
233681,2,485,8.5,242.5,2,3,7,17,56,0.5
233690,1,172,6.0,172.0,1,3,5,6,85,1.0
233692,1,147,5.0,147.0,1,3,3,5,85,1.0
233693,2,173,3.0,86.5,1,3,5,6,85,1.0
233701,2,338,3.0,169.0,2,3,4,6,41,0.5
233708,2,220,3.5,110.0,1,2,4,7,6,1.0
233719,1,199,8.0,199.0,1,3,5,8,85,1.0
233743,2,335,6.0,167.5,1,3,5,12,64,1.0
233744,1,207,6.0,207.0,1,2,3,6,85,1.0
233751,4,439,4.25,109.75,1,3,6,17,42,1.0
233753,1,143,6.0,143.0,1,3,4,6,85,1.0
233756,3,220,2.6666666666666665,73.33333333333333,1,2,5,8,72,1.0
233764,2,133,3.0,66.5,1,2,5,6,27,1.0
233765,2,569,12.0,284.5,1,3,7,24,51,1.0
233767,2,267,4.5,133.5,1,3,4,9,76,1.0
233772,2,220,4.5,110.0,1,3,4,9,83,1.0
233795,1,108,5.0,108.0,1,2,4,5,83,1.0
233796,3,342,5.0,114.0,1,3,5,15,20,1.0
233797,1,120,6.0,120.0,1,2,2,6,83,1.0
233815,2,224,3.0,112.0,2,3,3,6,83,0.5
233817,1,122,5.0,122.0,1,3,4,5,84,1.0
233826,2,172,3.0,86.0,1,2,5,6,35,1.0
233832,2,188,5.0,94.0,1,3,6,10,76,1.0
233836,1,160,6.0,160.0,1,3,4,6,84,1.0
233838,1,159,6.0,159.0,1,2,5,6,84,1.0
233856,1,148,4.0,148.0,1,1,3,4,83,1.0
233874,2,404,6.5,202.0,1,2,7,13,69,1.0
233880,1,97,3.0,97.0,1,1,3,3,83,1.0
233882,1,277,9.0,277.0,1,2,5,9,83,1.0
233885,1,147,5.0,147.0,1,2,3,5,83,1.0
233896,1,344,7.0,344.0,1,3,3,7,84,1.0
233898,1,173,7.0,173.0,1,2,3,7,83,1.0
233900,4,664,6.25,166.0,2,3,7,25,22,0.75
233934,1,104,5.0,104.0,1,2,5,5,84,1.0
233940,1,179,7.0,179.0,1,2,3,7,83,1.0
233941,4,546,4.75,136.5,1,2,6,19,62,1.0
233950,1,133,6.0,133.0,1,2,4,6,83,1.0
233955,2,260,4.0,130.0,1,2,4,8,81,1.0
233958,2,257,4.0,128.5,1,3,7,8,49,1.0
233959,1,105,6.0,105.0,1,3,4,6,83,1.0
233960,1,211,7.0,211.0,1,3,4,7,83,1.0
233961,1,211,6.0,211.0,1,1,3,6,83,1.0
233962,1,104,4.0,104.0,1,2,3,4,83,1.0
233968,2,165,4.0,82.5,1,2,3,8,7,1.0
233969,1,151,5.0,151.0,1,2,3,5,84,1.0
233970,2,269,4.0,134.5,1,2,5,8,58,1.0
233972,1,334,11.0,334.0,1,2,6,11,83,1.0
233975,1,140,6.0,140.0,1,2,3,6,83,1.0
233976,2,292,4.5,146.0,1,2,5,9,65,1.0
233977,1,174,6.0,174.0,1,3,4,6,84,1.0
233980,1,156,6.0,156.0,1,2,3,6,84,1.0
233990,2,231,4.0,115.5,1,3,5,8,59,1.0
233996,2,276,4.5,138.0,1,4,6,9,76,1.0
234002,1,149,5.0,149.0,1,3,4,5,83,1.0
234006,1,95,5.0,95.0,1,2,3,5,84,1.0
234011,2,224,5.0,112.0,1,3,6,10,41,1.0
234014,1,140,6.0,140.0,1,3,4,6,84,1.0
234018,2,261,4.0,130.5,1,2,7,8,84,1.0
234019,2,175,3.5,87.5,1,3,5,7,65,1.0
234035,1,85,3.0,85.0,1,1,2,3,83,1.0
234036,1,103,4.0,103.0,1,2,3,4,84,1.0
234037,1,100,4.0,100.0,1,2,4,4,83,1.0
234038,1,395,13.0,395.0,1,3,5,13,83,1.0
234045,1,137,5.0,137.0,1,2,4,5,83,1.0
234048,1,317,9.0,317.0,1,2,4,9,83,1.0
234063,1,292,7.0,292.0,1,2,4,7,83,1.0
234072,2,333,5.0,166.5,1,3,5,10,1,1.0
234090,3,452,5.333333333333333,150.66666666666666,1,3,6,16,1,1.0
234098,1,130,5.0,130.0,1,2,4,5,83,1.0
234110,3,292,3.6666666666666665,97.33333333333333,3,4,6,11,28,0.3333333333333333
234114,1,198,6.0,198.0,1,1,5,6,83,1.0
234134,2,333,6.0,166.5,1,3,6,12,76,1.0
234139,1,115,5.0,115.0,1,2,4,5,83,1.0
234152,1,116,5.0,116.0,1,2,3,5,83,1.0
234157,1,148,7.0,148.0,1,2,4,7,84,1.0
234163,2,213,2.5,106.5,1,3,5,5,22,1.0
234166,1,453,18.0,453.0,1,2,6,18,84,1.0
234171,1,200,7.0,200.0,1,3,4,7,84,1.0
234174,1,125,6.0,125.0,1,3,4,6,83,1.0
234178,1,109,5.0,109.0,1,2,4,5,83,1.0
234180,1,186,6.0,186.0,1,2,4,6,83,1.0
234183,1,170,5.0,170.0,1,3,5,5,84,1.0
234185,1,130,5.0,130.0,1,2,4,5,83,1.0
234186,1,137,5.0,137.0,1,2,3,5,83,1.0
234189,4,513,4.0,128.25,2,3,7,16,24,0.75
234192,2,172,3.5,86.0,2,3,4,7,38,0.5
234197,1,151,6.0,151.0,1,3,4,6,83,1.0
234208,1,230,9.0,230.0,1,2,3,9,81,1.0
234209,3,349,4.0,116.33333333333333,3,3,7,12,58,0.3333333333333333
234212,1,68,3.0,68.0,1,2,3,3,81,1.0
234226,1,146,4.0,146.0,1,1,4,4,81,1.0
234227,1,206,7.0,206.0,1,3,3,7,81,1.0
234235,1,202,7.0,202.0,1,3,5,7,81,1.0
234241,2,231,4.0,115.5,1,3,5,8,27,1.0
234243,2,217,3.5,108.5,1,2,3,7,70,1.0
234251,3,160,2.3333333333333335,53.333333333333336,1,2,4,7,81,1.0
234254,1,157,5.0,157.0,1,3,4,5,81,1.0
234267,1,208,9.0,208.0,1,2,3,9,81,1.0
234281,2,301,4.0,150.5,2,4,6,8,27,0.5
234282,1,94,6.0,94.0,1,2,3,6,81,1.0
234295,2,139,3.5,69.5,1,3,6,7,59,1.0
234303,2,358,6.5,179.0,1,2,7,13,38,1.0
234314,1,133,5.0,133.0,1,2,4,5,80,1.0
234318,1,134,5.0,134.0,1,3,4,5,80,1.0
234320,1,77,2.0,77.0,1,1,1,2,58,0.0
234326,1,96,5.0,96.0,1,2,3,5,80,1.0
234336,1,109,6.0,109.0,1,2,4,6,80,1.0
234339,1,160,6.0,160.0,1,2,3,6,80,1.0
234342,1,114,5.0,114.0,1,2,3,5,80,1.0
234351,1,139,5.0,139.0,1,2,3,5,80,1.0
234356,2,502,8.0,251.0,2,4,7,16,38,0.5
234360,1,109,5.0,109.0,1,2,4,5,80,1.0
234361,2,453,7.0,226.5,2,4,7,14,28,0.5
234368,1,300,9.0,300.0,1,2,4,9,80,1.0
234374,1,296,10.0,296.0,1,3,6,10,80,1.0
234377,1,233,8.0,233.0,1,3,6,8,80,1.0
234384,1,149,5.0,149.0,1,2,4,5,80,1.0
234391,1,128,6.0,128.0,1,3,4,6,80,1.0
234402,3,318,4.0,106.0,1,2,5,12,56,1.0
234418,1,100,5.0,100.0,1,2,2,5,79,1.0
234421,1,164,6.0,164.0,1,2,5,6,79,1.0
234427,1,84,2.0,84.0,1,1,2,2,79,1.0
234437,1,147,5.0,147.0,1,2,5,5,79,1.0
234448,1,164,6.0,164.0,1,2,4,6,79,1.0
234457,1,132,4.0,132.0,1,1,3,4,79,1.0
234462,1,160,6.0,160.0,1,3,5,6,79,1.0
234475,1,134,5.0,134.0,1,2,4,5,79,1.0
234493,1,122,5.0,122.0,1,2,3,5,79,1.0
234500,2,188,4.0,94.0,1,3,5,8,65,1.0
234501,1,132,5.0,132.0,1,2,3,5,79,1.0
234506,2,233,4.0,116.5,2,2,4,8,57,0.5
234517,1,228,9.0,228.0,1,3,4,9,80,1.0
234520,1,145,5.0,145.0,1,2,4,5,79,1.0
234531,1,74,5.0,74.0,1,2,3,5,78,1.0
234540,2,268,4.5,134.0,1,4,6,9,71,1.0
234549,1,118,4.0,118.0,1,1,2,4,78,1.0
234552,1,138,6.0,138.0,1,2,2,6,78,1.0
234555,1,101,4.0,101.0,1,1,3,4,78,1.0
234561,3,342,4.0,114.0,2,3,6,12,49,0.6666666666666666
234569,1,136,5.0,136.0,1,3,3,5,78,1.0
234575,2,167,3.0,83.5,1,3,5,6,44,1.0
234583,1,104,6.0,104.0,1,2,4,6,78,1.0
234585,1,108,5.0,108.0,1,2,5,5,78,1.0
234591,1,117,5.0,117.0,1,3,4,5,78,1.0
234607,1,130,6.0,130.0,1,3,3,6,78,1.0
234612,1,126,5.0,126.0,1,3,3,5,78,1.0
234619,1,186,6.0,186.0,1,2,3,6,78,1.0
234629,1,182,5.0,182.0,1,3,4,5,78,1.0
234633,1,104,4.0,104.0,1,2,3,4,78,1.0
234647,1,149,7.0,149.0,1,2,3,7,78,1.0
234657,1,144,6.0,144.0,1,2,4,6,78,1.0
234659,1,407,9.0,407.0,1,4,7,9,78,1.0
234661,1,124,5.0,124.0,1,2,3,5,78,1.0
234662,1,244,10.0,244.0,1,2,3,10,78,1.0
234676,1,183,5.0,183.0,1,1,4,5,76,1.0
234681,1,144,6.0,144.0,1,2,3,6,77,1.0
234684,1,130,5.0,130.0,1,2,3,5,76,1.0
234686,1,148,5.0,148.0,1,2,3,5,76,1.0
234693,1,125,5.0,125.0,1,2,5,5,76,1.0
234709,1,156,5.0,156.0,1,3,3,5,77,1.0
234710,1,365,11.0,365.0,1,3,7,11,76,1.0
234718,1,181,6.0,181.0,1,3,6,6,76,1.0
234719,4,408,2.75,102.0,1,3,6,11,29,1.0
234723,1,633,18.0,633.0,1,4,6,18,76,1.0
234724,1,212,6.0,212.0,1,3,6,6,76,1.0
234732,2,259,5.0,129.5,1,4,7,10,32,1.0
234739,1,111,5.0,111.0,1,2,4,5,76,1.0
234751,1,333,10.0,333.0,1,3,5,10,76,1.0
234759,3,528,6.666666666666667,176.0,1,3,6,20,55,1.0
234773,1,137,4.0,137.0,1,2,3,4,77,1.0
234780,1,136,5.0,136.0,1,3,3,5,77,1.0
234799,1,146,5.0,146.0,1,3,5,5,76,1.0
234806,1,231,7.0,231.0,1,4,6,7,77,1.0
234812,2,351,5.0,175.5,1,2,3,10,27,1.0
234820,2,285,4.0,142.5,1,3,6,8,46,1.0
234826,1,204,5.0,204.0,1,2,2,5,76,1.0
234827,1,116,5.0,116.0,1,2,2,5,77,1.0
234829,1,151,5.0,151.0,1,3,4,5,77,1.0
234836,1,129,6.0,129.0,1,2,3,6,77,1.0
234837,2,211,4.0,105.5,2,4,6,8,48,0.5
234838,1,148,5.0,148.0,1,2,5,5,76,1.0
234851,3,337,4.666666666666667,112.33333333333333,2,3,4,14,0,0.6666666666666666
234853,2,270,3.0,135.0,1,2,4,6,45,1.0
234856,1,170,5.0,170.0,1,3,4,5,76,1.0
234861,2,191,4.0,95.5,1,3,5,8,50,1.0
234874,1,225,7.0,225.0,1,2,4,7,76,1.0
234881,1,272,7.0,272.0,1,2,3,7,76,1.0
234883,1,135,4.0,135.0,1,2,3,4,76,1.0
234893,1,83,4.0,83.0,1,3,4,4,76,1.0
234895,1,219,8.0,219.0,1,2,5,8,76,1.0
234901,1,157,6.0,157.0,1,3,3,6,76,1.0
234909,1,113,4.0,113.0,1,1,2,4,76,1.0
234911,1,153,5.0,153.0,1,3,4,5,76,1.0
234913,1,147,5.0,147.0,1,2,4,5,76,1.0
234921,1,111,4.0,111.0,1,1,3,4,76,1.0
234924,2,403,9.0,201.5,1,3,6,18,72,1.0
234932,1,150,5.0,150.0,1,2,3,5,77,1.0
234938,2,284,5.0,142.0,2,3,6,10,34,0.5
234945,1,174,6.0,174.0,1,2,3,6,76,1.0
234947,1,686,26.0,686.0,1,3,9,26,76,1.0
234966,1,118,5.0,118.0,1,2,3,5,76,1.0
234971,1,87,5.0,87.0,1,2,4,5,76,1.0
234984,2,464,7.5,232.0,1,4,8,15,32,1.0
234995,1,125,6.0,125.0,1,3,4,6,76,1.0
234998,1,145,6.0,145.0,1,3,3,6,76,1.0
235012,1,291,9.0,291.0,1,3,4,9,76,1.0
235020,1,149,7.0,149.0,1,2,3,7,76,1.0
235027,1,113,5.0,113.0,1,2,5,5,77,1.0
235043,1,108,5.0,108.0,1,2,5,5,76,1.0
235044,1,216,6.0,216.0,1,3,4,6,77,1.0
235069,1,244,8.0,244.0,1,2,5,8,74,1.0
235070,1,124,5.0,124.0,1,2,4,5,74,1.0
235086,1,187,6.0,187.0,1,3,5,6,74,1.0
235089,1,134,5.0,134.0,1,2,3,5,74,1.0
235092,1,187,6.0,187.0,1,2,4,6,74,1.0
235095,2,220,5.0,110.0,1,3,5,10,42,1.0
235121,2,427,6.5,213.5,1,4,6,13,69,1.0
235136,1,164,6.0,164.0,1,2,3,6,73,1.0
235139,2,176,3.0,88.0,1,3,6,6,1,1.0
235141,1,138,5.0,138.0,1,3,4,5,73,1.0
235146,1,135,5.0,135.0,1,2,3,5,73,1.0
235154,1,168,5.0,168.0,1,3,5,5,73,1.0
235162,2,270,4.0,135.0,1,3,5,8,73,1.0
235176,1,187,6.0,187.0,1,3,4,6,73,1.0
235179,2,187,5.0,93.5,1,3,6,10,50,1.0
235183,1,175,6.0,175.0,1,2,4,6,73,1.0
235185,1,127,5.0,127.0,1,2,4,5,73,1.0
235201,1,149,5.0,149.0,1,3,3,5,73,1.0
235205,1,194,7.0,194.0,1,3,4,7,73,1.0
235235,2,286,4.5,143.0,2,4,7,9,65,0.5
235240,1,262,10.0,262.0,1,3,4,10,72,1.0
235248,1,122,4.0,122.0,1,3,4,4,72,1.0
235254,1,276,8.0,276.0,1,2,3,8,72,1.0
235262,2,268,5.0,134.0,1,2,4,10,71,1.0
235267,1,124,4.0,124.0,1,2,4,4,72,1.0
235271,4,587,3.75,146.75,2,4,6,15,61,0.75
235278,2,280,5.5,140.0,2,4,6,11,65,0.5
235281,1,148,5.0,148.0,1,2,3,5,72,1.0
235282,1,244,6.0,244.0,1,3,3,6,72,1.0
235290,2,294,4.5,147.0,1,3,5,9,67,1.0
235306,1,199,7.0,199.0,1,3,5,7,72,1.0
235308,1,284,7.0,284.0,1,3,3,7,72,1.0
235310,1,166,5.0,166.0,1,1,4,5,72,1.0
235315,2,302,4.5,151.0,2,2,5,9,22,0.5
235323,1,213,5.0,213.0,1,2,3,5,72,1.0
235330,1,111,7.0,111.0,1,2,3,7,73,1.0
235335,1,141,5.0,141.0,1,2,3,5,72,1.0
235337,2,247,5.0,123.5,1,2,5,10,70,1.0
235383,1,223,7.0,223.0,1,3,3,7,71,1.0
235385,1,237,7.0,237.0,1,3,4,7,71,1.0
235386,1,287,9.0,287.0,1,3,5,9,71,1.0
235395,1,140,5.0,140.0,1,2,3,5,71,1.0
235417,3,586,5.333333333333333,195.33333333333334,1,3,7,16,67,1.0
235426,2,463,7.0,231.5,2,3,6,14,37,0.5
235465,1,140,5.0,140.0,1,3,4,5,69,1.0
235473,1,133,5.0,133.0,1,2,5,5,69,1.0
235476,1,155,5.0,155.0,1,2,3,5,69,1.0
235488,1,117,5.0,117.0,1,2,3,5,69,1.0
235511,4,398,2.75,99.5,2,4,7,11,3,0.5
235522,1,252,9.0,252.0,1,2,4,9,71,1.0
235533,1,144,6.0,144.0,1,2,4,6,70,1.0
235538,2,303,5.5,151.5,1,3,7,11,63,1.0
235541,2,235,4.0,117.5,1,3,7,8,37,1.0
235547,3,412,4.333333333333333,137.33333333333334,2,3,6,13,59,0.6666666666666666
235549,1,309,12.0,309.0,1,2,5,12,69,1.0
235553,2,182,3.0,91.0,1,3,5,6,48,1.0
235557,1,126,5.0,126.0,1,2,4,5,69,1.0
235572,1,198,6.0,198.0,1,2,4,6,69,1.0
235574,1,138,5.0,138.0,1,2,3,5,70,1.0
235588,1,204,7.0,204.0,1,2,6,7,70,1.0
235590,1,80,5.0,80.0,1,2,4,5,69,1.0
235591,1,121,5.0,121.0,1,3,4,5,69,1.0
235604,2,220,3.5,110.0,2,3,4,7,7,0.5
235609,2,250,5.0,125.0,1,2,3,10,67,1.0
235612,1,242,7.0,242.0,1,2,6,7,70,1.0
235635,1,221,7.0,221.0,1,3,5,7,69,1.0
235638,2,211,4.5,105.5,1,3,7,9,65,1.0
235648,1,161,5.0,161.0,1,2,4,5,69,1.0
235654,1,202,6.0,202.0,1,3,4,6,69,1.0
235662,1,144,5.0,144.0,1,3,3,5,69,1.0
235663,2,325,5.5,162.5,1,2,5,11,63,1.0
235668,1,390,12.0,390.0,1,4,8,12,69,1.0
235670,1,290,10.0,290.0,1,2,5,10,69,1.0
235672,1,142,5.0,142.0,1,3,4,5,69,1.0
235681,1,160,5.0,160.0,1,2,2,5,69,1.0
235685,1,141,7.0,141.0,1,4,6,7,69,1.0
235693,1,137,5.0,137.0,1,2,3,5,69,1.0
235712,2,172,4.0,86.0,1,3,5,8,37,1.0
235713,3,294,3.6666666666666665,98.0,1,3,6,11,2,1.0
235717,2,176,5.0,88.0,1,2,5,10,65,1.0
235730,2,274,6.0,137.0,1,3,7,12,52,1.0
235736,1,145,6.0,145.0,1,3,4,6,69,1.0
235750,1,166,8.0,166.0,1,2,4,8,70,1.0
235757,1,128,5.0,128.0,1,2,3,5,67,1.0
235762,1,150,5.0,150.0,1,2,4,5,67,1.0
235767,1,248,4.0,248.0,1,2,3,4,67,1.0
235783,1,158,5.0,158.0,1,3,4,5,67,1.0
235796,2,278,4.0,139.0,1,1,5,8,67,1.0
235798,2,491,7.0,245.5,1,3,7,14,58,1.0
235808,5,615,5.2,123.0,1,3,9,26,20,1.0
235814,1,188,7.0,188.0,1,2,4,7,66,1.0
235817,2,242,4.5,121.0,1,3,6,9,64,1.0
235819,1,165,5.0,165.0,1,3,3,5,66,1.0
235830,1,90,4.0,90.0,1,2,4,4,66,1.0
235838,1,112,5.0,112.0,1,2,3,5,66,1.0
235846,1,161,6.0,161.0,1,3,3,6,66,1.0
235852,1,184,5.0,184.0,1,2,2,5,66,1.0
235862,1,174,8.0,174.0,1,3,4,8,66,1.0
235866,2,217,3.5,108.5,1,2,4,7,35,1.0
235878,1,158,5.0,158.0,1,2,2,5,65,1.0
235879,1,173,5.0,173.0,1,3,4,5,65,1.0
235894,1,131,5.0,131.0,1,3,5,5,65,1.0
235896,1,95,4.0,95.0,1,2,3,4,65,1.0
235903,2,265,5.5,132.5,1,2,7,11,44,1.0
235910,3,376,3.3333333333333335,125.33333333333333,2,2,7,10,10,0.3333333333333333
235922,1,80,5.0,80.0,1,2,4,5,65,1.0
235930,3,230,2.6666666666666665,76.66666666666667,1,2,4,8,61,1.0
235942,1,177,7.0,177.0,1,3,5,7,64,1.0
235973,4,125,1.5,31.25,1,2,4,6,49,1.0
235976,1,163,6.0,163.0,1,3,3,6,64,1.0
235985,1,221,7.0,221.0,1,3,4,7,62,1.0
235986,1,140,6.0,140.0,1,3,5,6,69,1.0
235990,1,95,5.0,95.0,1,2,4,5,62,1.0
236003,2,229,4.5,114.5,1,3,4,9,52,1.0
236008,3,416,5.0,138.66666666666666,2,3,6,15,13,0.6666666666666666
236011,1,386,12.0,386.0,1,3,7,12,63,1.0
236027,1,202,7.0,202.0,1,2,5,7,63,1.0
236030,1,132,6.0,132.0,1,2,4,6,63,1.0
236036,2,155,3.0,77.5,2,3,6,6,41,0.5
236044,1,126,5.0,126.0,1,2,4,5,63,1.0
236051,1,184,9.0,184.0,1,2,4,9,62,1.0
236060,1,80,5.0,80.0,1,2,3,5,62,1.0
236064,1,328,9.0,328.0,1,2,6,9,62,1.0
236067,1,147,5.0,147.0,1,2,3,5,62,1.0
236068,1,217,8.0,217.0,1,1,3,8,62,1.0
236069,1,196,7.0,196.0,1,1,5,7,62,1.0
236077,1,148,7.0,148.0,1,2,4,7,62,1.0
236083,1,146,5.0,146.0,1,3,4,5,63,1.0
236087,1,173,5.0,173.0,1,3,3,5,62,1.0
236092,1,267,7.0,267.0,1,3,6,7,62,1.0
236095,2,160,3.5,80.0,1,4,6,7,38,1.0
236099,1,123,5.0,123.0,1,3,4,5,62,1.0
236107,1,120,5.0,120.0,1,2,4,5,62,1.0
236119,1,457,12.0,457.0,1,3,4,12,60,1.0
236130,1,141,5.0,141.0,1,2,3,5,60,1.0
236138,2,197,4.0,98.5,1,2,5,8,60,1.0
236147,1,162,5.0,162.0,1,1,2,5,61,1.0
236162,1,156,7.0,156.0,1,2,5,7,59,1.0
236164,1,154,6.0,154.0,1,2,3,6,59,1.0
236174,1,127,5.0,127.0,1,3,4,5,59,1.0
236184,1,123,5.0,123.0,1,2,4,5,59,1.0
236189,2,194,3.5,97.0,1,1,3,7,64,1.0
236191,2,261,5.0,130.5,1,3,4,10,49,1.0
236195,1,174,7.0,174.0,1,2,5,7,59,1.0
236213,1,484,17.0,484.0,1,3,7,17,58,1.0
236229,1,193,6.0,193.0,1,3,5,6,58,1.0
236230,2,342,6.5,171.0,1,2,4,13,57,1.0
236236,1,88,5.0,88.0,1,2,3,5,58,1.0
236238,1,100,4.0,100.0,1,1,4,4,58,1.0
236241,1,95,5.0,95.0,1,2,4,5,57,1.0
236249,1,306,10.0,306.0,1,3,6,10,57,1.0
236253,2,172,3.0,86.0,1,3,3,6,57,1.0
236256,1,114,4.0,114.0,1,1,2,4,57,1.0
236257,2,202,3.0,101.0,1,3,5,6,36,1.0
236277,1,401,12.0,401.0,1,3,7,12,55,1.0
236290,1,160,6.0,160.0,1,2,4,6,56,1.0
236291,1,299,9.0,299.0,1,4,7,9,55,1.0
236298,1,253,10.0,253.0,1,1,5,10,55,1.0
236299,4,317,4.0,79.25,2,3,7,16,3,0.75
236309,1,186,8.0,186.0,1,2,4,8,55,1.0
236313,1,116,4.0,116.0,1,1,3,4,56,1.0
236315,1,128,5.0,128.0,1,2,4,5,55,1.0
236320,1,243,9.0,243.0,1,2,4,9,56,1.0
236327,3,210,3.6666666666666665,70.0,1,2,5,11,30,1.0
236340,1,137,5.0,137.0,1,3,4,5,56,1.0
236355,1,113,4.0,113.0,1,1,3,4,55,1.0
236359,1,270,8.0,270.0,1,2,3,8,55,1.0
236360,2,301,5.0,150.5,1,2,4,10,55,1.0
236365,1,127,5.0,127.0,1,1,3,5,55,1.0
236386,1,145,6.0,145.0,1,3,5,6,53,1.0
236389,1,118,5.0,118.0,1,2,5,5,53,1.0
236391,2,364,6.5,182.0,2,3,6,13,20,0.5
236396,1,197,6.0,197.0,1,1,2,6,53,1.0
236400,1,77,4.0,77.0,1,2,3,4,53,1.0
236412,1,134,4.0,134.0,1,1,2,4,54,1.0
236418,2,160,2.5,80.0,1,2,4,5,7,1.0
236421,1,255,9.0,255.0,1,3,6,9,54,1.0
236422,2,170,4.5,85.0,2,3,6,9,28,0.5
236430,1,160,6.0,160.0,1,2,4,6,54,1.0
236435,2,204,3.5,102.0,1,3,4,7,52,1.0
236441,1,172,7.0,172.0,1,2,3,7,52,1.0
236455,1,175,7.0,175.0,1,2,4,7,52,1.0
236463,1,166,5.0,166.0,1,2,3,5,52,1.0
236475,1,77,5.0,77.0,1,2,3,5,51,1.0
236485,1,119,5.0,119.0,1,2,5,5,51,1.0
236494,1,207,8.0,207.0,1,4,5,8,51,1.0
236499,1,152,6.0,152.0,1,2,4,6,51,1.0
236502,1,154,7.0,154.0,1,2,5,7,51,1.0
236503,1,292,9.0,292.0,1,3,6,9,51,1.0
236508,1,90,4.0,90.0,1,2,2,4,51,1.0
236509,1,369,15.0,369.0,1,3,7,15,51,1.0
236521,1,156,6.0,156.0,1,2,3,6,50,1.0
236529,2,149,4.0,74.5,1,2,5,8,30,1.0
236533,2,175,4.0,87.5,2,2,3,8,0,0.5
236534,1,135,5.0,135.0,1,3,4,5,50,1.0
236540,1,114,3.0,114.0,1,2,2,3,50,1.0
236542,1,205,5.0,205.0,1,1,5,5,52,1.0
236555,1,105,7.0,105.0,1,2,3,7,49,1.0
236556,1,106,6.0,106.0,1,2,3,6,49,1.0
236573,1,130,5.0,130.0,1,2,3,5,49,1.0
236577,1,242,9.0,242.0,1,2,3,9,49,1.0
236590,1,138,6.0,138.0,1,2,3,6,49,1.0
236592,2,231,4.5,115.5,2,2,3,9,45,0.5
236598,1,161,5.0,161.0,1,3,5,5,49,1.0
236599,1,134,5.0,134.0,1,2,3,5,48,1.0
236605,1,142,5.0,142.0,1,2,3,5,48,1.0
236609,2,303,6.0,151.5,1,2,7,12,6,1.0
236613,1,146,6.0,146.0,1,2,4,6,48,1.0
236619,1,156,5.0,156.0,1,2,3,5,48,1.0
236621,1,355,15.0,355.0,1,3,7,15,49,1.0
236630,1,100,5.0,100.0,1,2,3,5,48,1.0
236635,2,224,5.0,112.0,1,3,5,10,48,1.0
236640,1,174,5.0,174.0,1,2,4,5,49,1.0
236651,1,177,7.0,177.0,1,2,4,7,47,1.0
236666,2,528,8.5,264.0,1,3,6,17,39,1.0
236667,1,122,5.0,122.0,1,2,4,5,46,1.0
236670,1,60,3.0,60.0,1,1,2,3,46,1.0
236672,1,134,5.0,134.0,1,2,2,5,46,1.0
236677,1,152,5.0,152.0,1,2,5,5,47,1.0
236678,1,363,11.0,363.0,1,3,6,11,46,1.0
236681,3,215,3.3333333333333335,71.66666666666667,1,3,7,10,3,1.0
236684,1,121,5.0,121.0,1,2,3,5,47,1.0
236687,1,116,6.0,116.0,1,2,4,6,45,1.0
236704,1,146,5.0,146.0,1,3,4,5,45,1.0
236705,1,190,7.0,190.0,1,3,5,7,45,1.0
236714,1,96,5.0,96.0,1,3,5,5,45,1.0
236717,2,406,6.5,203.0,1,3,5,13,35,1.0
236721,1,149,5.0,149.0,1,2,5,5,44,1.0
236722,1,163,6.0,163.0,1,2,4,6,44,1.0
236723,2,241,4.5,120.5,2,2,5,9,6,0.5
236741,1,112,6.0,112.0,1,2,4,6,44,1.0
236753,1,283,9.0,283.0,1,4,8,9,44,1.0
236756,1,138,5.0,138.0,1,1,3,5,44,1.0
236764,1,101,5.0,101.0,1,2,4,5,44,1.0
236770,1,189,7.0,189.0,1,3,5,7,43,1.0
236776,2,82,2.0,41.0,1,1,4,4,27,1.0
236779,1,98,5.0,98.0,1,2,3,5,43,1.0
236780,1,126,4.0,126.0,1,2,3,4,43,1.0
236788,1,125,5.0,125.0,1,2,3,5,43,1.0
236789,1,152,5.0,152.0,1,2,3,5,43,1.0
236790,1,221,6.0,221.0,1,4,5,6,43,1.0
236799,1,138,5.0,138.0,1,3,5,5,43,1.0
236813,1,123,5.0,123.0,1,3,4,5,43,1.0
236818,1,130,5.0,130.0,1,2,3,5,43,1.0
236838,1,164,7.0,164.0,1,2,4,7,41,1.0
236840,1,130,5.0,130.0,1,2,2,5,42,1.0
236844,1,135,7.0,135.0,1,3,5,7,42,1.0
236846,1,59,3.0,59.0,1,2,3,3,42,1.0
236848,1,120,5.0,120.0,1,2,4,5,41,1.0
236867,2,269,4.0,134.5,1,3,6,8,34,1.0
236869,1,162,4.0,162.0,1,2,4,4,42,1.0
236870,1,111,5.0,111.0,1,2,4,5,42,1.0
236872,1,86,5.0,86.0,1,2,5,5,42,1.0
236874,2,203,3.0,101.5,2,2,4,6,6,0.5
236876,1,168,7.0,168.0,1,2,3,7,41,1.0
236879,1,181,7.0,181.0,1,3,4,7,42,1.0
236886,1,137,4.0,137.0,1,1,3,4,41,1.0
236898,2,220,3.5,110.0,2,3,6,7,20,0.5
236899,1,158,5.0,158.0,1,2,3,5,41,1.0
236902,1,86,5.0,86.0,1,3,4,5,42,1.0
236905,1,170,6.0,170.0,1,2,3,6,42,1.0
236908,1,105,5.0,105.0,1,2,4,5,41,1.0
236910,1,100,6.0,100.0,1,2,4,6,42,1.0
236938,1,54,5.0,54.0,1,2,3,5,42,1.0
236939,1,77,4.0,77.0,1,2,2,4,41,1.0
236942,1,159,6.0,159.0,1,2,3,6,41,1.0
236945,1,205,7.0,205.0,1,2,5,7,41,1.0
236946,2,335,5.0,167.5,1,3,6,10,21,1.0
236947,1,132,5.0,132.0,1,1,3,5,41,1.0
236964,1,204,7.0,204.0,1,3,5,7,41,1.0
236965,2,293,4.5,146.5,2,3,5,9,2,0.5
236967,1,158,7.0,158.0,1,2,3,7,41,1.0
236973,1,235,8.0,235.0,1,3,5,8,42,1.0
236977,1,61,4.0,61.0,1,2,4,4,39,1.0
236979,1,234,7.0,234.0,1,3,5,7,39,1.0
236983,1,145,6.0,145.0,1,2,3,6,39,1.0
236985,1,106,5.0,106.0,1,2,3,5,39,1.0
236987,1,170,7.0,170.0,1,3,5,7,39,1.0
236994,1,179,6.0,179.0,1,2,4,6,39,1.0
236998,1,232,8.0,232.0,1,3,5,8,39,1.0
236999,1,178,5.0,178.0,1,3,5,5,39,1.0
237001,1,180,8.0,180.0,1,2,5,8,39,1.0
237022,1,207,5.0,207.0,1,1,2,5,38,1.0
237025,1,128,5.0,128.0,1,3,5,5,38,1.0
237038,1,126,5.0,126.0,1,3,4,5,38,1.0
237040,1,271,10.0,271.0,1,3,5,10,38,1.0
237041,1,130,4.0,130.0,1,1,2,4,38,1.0
237051,1,146,6.0,146.0,1,2,3,6,38,1.0
237055,1,188,7.0,188.0,1,2,6,7,38,1.0
237057,2,257,5.5,128.5,1,2,6,11,29,1.0
237064,1,131,5.0,131.0,1,2,4,5,38,1.0
237065,2,307,5.0,153.5,1,4,6,10,13,1.0
237073,1,160,6.0,160.0,1,2,3,6,37,1.0
237079,1,265,7.0,265.0,1,1,4,7,37,1.0
237101,1,311,9.0,311.0,1,4,6,9,37,1.0
237102,1,214,7.0,214.0,1,3,5,7,37,1.0
237104,1,272,9.0,272.0,1,2,4,9,37,1.0
237128,1,201,6.0,201.0,1,2,3,6,37,1.0
237136,1,112,5.0,112.0,1,1,3,5,37,1.0
237169,1,135,4.0,135.0,1,2,4,4,36,1.0
237170,1,286,9.0,286.0,1,4,7,9,36,1.0
237175,1,224,7.0,224.0,1,3,5,7,36,1.0
237200,1,214,8.0,214.0,1,2,6,8,36,1.0
237206,1,274,14.0,274.0,1,2,5,14,36,1.0
237218,1,246,7.0,246.0,1,2,6,7,36,1.0
237219,1,409,13.0,409.0,1,2,6,13,37,1.0
237233,3,549,5.0,183.0,1,4,9,15,35,1.0
237238,1,90,4.0,90.0,1,1,2,4,36,1.0
237239,1,136,5.0,136.0,1,3,4,5,36,1.0
237240,1,178,7.0,178.0,1,3,4,7,36,1.0
237249,1,241,8.0,241.0,1,2,3,8,36,1.0
237256,1,0,1.0,0.0,1,1,1,1,36,1.0
237267,1,208,7.0,208.0,1,2,4,7,34,1.0
237268,1,204,7.0,204.0,1,2,3,7,35,1.0
237285,1,153,6.0,153.0,1,2,3,6,34,1.0
237287,1,136,5.0,136.0,1,2,4,5,34,1.0
237294,1,113,6.0,113.0,1,2,4,6,34,1.0
237295,1,250,9.0,250.0,1,2,3,9,35,1.0
237296,1,174,5.0,174.0,1,2,4,5,34,1.0
237303,1,167,6.0,167.0,1,2,3,6,35,1.0
237305,1,227,8.0,227.0,1,2,2,8,34,1.0
237315,1,255,9.0,255.0,1,3,5,9,35,1.0
237318,1,282,11.0,282.0,1,2,3,11,35,1.0
237319,1,322,10.0,322.0,1,2,7,10,35,1.0
237332,2,303,5.0,151.5,1,2,4,10,18,1.0
237333,1,94,5.0,94.0,1,2,3,5,34,1.0
237337,1,155,4.0,155.0,1,1,3,4,34,1.0
237342,1,138,4.0,138.0,1,1,3,4,34,1.0
237352,1,138,5.0,138.0,1,3,4,5,34,1.0
237361,1,123,5.0,123.0,1,2,4,5,35,1.0
237366,1,96,4.0,96.0,1,1,3,4,34,1.0
237371,1,319,10.0,319.0,1,3,5,10,34,1.0
237376,1,335,11.0,335.0,1,4,8,11,34,1.0
237379,2,287,5.5,143.5,2,3,4,11,6,0.5
237381,1,178,8.0,178.0,1,3,4,8,34,1.0
237383,1,173,6.0,173.0,1,2,5,6,35,1.0
237393,1,141,7.0,141.0,1,2,3,7,34,1.0
237406,1,143,6.0,143.0,1,3,5,6,34,1.0
237414,1,237,7.0,237.0,1,3,6,7,35,1.0
237421,1,117,8.0,117.0,1,2,4,8,34,1.0
237424,1,136,5.0,136.0,1,2,3,5,35,1.0
237440,1,151,5.0,151.0,1,2,3,5,32,1.0
237449,1,136,5.0,136.0,1,2,4,5,32,1.0
237453,2,273,4.5,136.5,1,2,5,9,31,1.0
237463,1,169,6.0,169.0,1,3,5,6,33,1.0
237482,2,255,5.5,127.5,2,3,5,11,30,0.5
237493,2,520,8.5,260.0,1,2,5,17,3,1.0
237505,1,113,5.0,113.0,1,2,4,5,31,1.0
237512,1,149,5.0,149.0,1,2,3,5,31,1.0
237514,1,199,7.0,199.0,1,2,5,7,31,1.0
237517,1,290,10.0,290.0,1,2,3,10,31,1.0
237525,1,163,5.0,163.0,1,2,5,5,31,1.0
237531,1,149,4.0,149.0,1,1,3,4,31,1.0
237532,1,167,6.0,167.0,1,3,4,6,31,1.0
237547,1,181,7.0,181.0,1,3,4,7,31,1.0
237549,1,150,5.0,150.0,1,2,5,5,31,1.0
237552,1,162,6.0,162.0,1,2,5,6,31,1.0
237556,1,39,1.0,39.0,1,1,1,1,31,1.0
237575,2,104,3.5,52.0,1,3,3,7,30,1.0
237578,1,144,6.0,144.0,1,1,2,6,30,1.0
237593,1,146,5.0,146.0,1,3,5,5,30,1.0
237596,1,149,5.0,149.0,1,2,3,5,30,1.0
237607,1,156,4.0,156.0,1,1,2,4,30,1.0
237615,1,172,6.0,172.0,1,2,4,6,30,1.0
237665,1,118,4.0,118.0,1,1,3,4,29,1.0
237678,1,138,5.0,138.0,1,3,5,5,29,1.0
237680,2,418,7.5,209.0,2,2,6,15,7,0.5
237685,1,150,5.0,150.0,1,2,2,5,29,1.0
237687,1,128,5.0,128.0,1,3,4,5,29,1.0
237692,1,194,8.0,194.0,1,3,6,8,29,1.0
237708,1,419,16.0,419.0,1,3,7,16,28,1.0
237718,3,308,4.0,102.66666666666667,2,4,10,12,3,0.6666666666666666
237739,1,175,7.0,175.0,1,3,5,7,28,1.0
237746,1,134,5.0,134.0,1,3,4,5,28,1.0
237751,1,114,5.0,114.0,1,2,3,5,28,1.0
237756,1,273,9.0,273.0,1,4,5,9,28,1.0
237759,1,148,5.0,148.0,1,2,2,5,28,1.0
237760,1,155,5.0,155.0,1,3,4,5,28,1.0
237773,1,108,4.0,108.0,1,2,4,4,28,1.0
237774,1,103,5.0,103.0,1,3,4,5,28,1.0
237779,2,297,5.0,148.5,1,4,6,10,0,1.0
237787,1,150,5.0,150.0,1,2,3,5,28,1.0
237789,1,133,6.0,133.0,1,2,4,6,28,1.0
237794,1,148,5.0,148.0,1,2,4,5,28,1.0
237801,1,153,4.0,153.0,1,1,3,4,27,1.0
237805,1,173,7.0,173.0,1,2,3,7,27,1.0
237817,1,108,5.0,108.0,1,3,5,5,27,1.0
237826,1,98,5.0,98.0,1,2,5,5,27,1.0
237827,1,176,5.0,176.0,1,2,4,5,27,1.0
237832,1,131,5.0,131.0,1,3,5,5,25,1.0
237834,3,244,3.6666666666666665,81.33333333333333,1,3,7,11,24,1.0
237841,1,174,6.0,174.0,1,2,4,6,27,1.0
237853,2,375,6.5,187.5,1,3,5,13,2,1.0
237861,1,151,4.0,151.0,1,2,4,4,27,1.0
237866,1,156,5.0,156.0,1,2,4,5,27,1.0
237870,1,348,11.0,348.0,1,3,9,11,25,1.0
237872,1,80,4.0,80.0,1,3,4,4,27,1.0
237883,1,100,5.0,100.0,1,2,3,5,25,1.0
237908,1,126,5.0,126.0,1,2,3,5,27,1.0
237912,1,156,4.0,156.0,1,1,3,4,27,1.0
237915,1,249,9.0,249.0,1,3,7,9,27,1.0
237917,1,104,5.0,104.0,1,3,4,5,27,1.0
237924,1,154,5.0,154.0,1,2,3,5,25,1.0
237927,2,459,7.5,229.5,1,4,8,15,27,1.0
237928,1,189,6.0,189.0,1,3,5,6,25,1.0
237932,1,311,12.0,311.0,1,4,7,12,27,1.0
237943,1,124,5.0,124.0,1,2,3,5,24,1.0
237948,3,354,4.0,118.0,1,2,7,12,14,1.0
237956,1,147,5.0,147.0,1,1,3,5,24,1.0
237968,1,101,3.0,101.0,1,1,3,3,24,1.0
237973,2,340,5.5,170.0,1,4,8,11,3,1.0
237975,1,123,5.0,123.0,1,2,3,5,24,1.0
237984,1,297,10.0,297.0,1,3,8,10,24,1.0
237991,1,235,9.0,235.0,1,3,5,9,24,1.0
237992,1,123,6.0,123.0,1,3,6,6,24,1.0
238004,2,287,4.5,143.5,1,3,6,9,20,1.0
238007,1,138,5.0,138.0,1,2,5,5,24,1.0
238011,1,145,5.0,145.0,1,2,4,5,24,1.0
238015,1,119,5.0,119.0,1,2,3,5,24,1.0
238016,1,138,5.0,138.0,1,2,4,5,24,1.0
238021,1,153,5.0,153.0,1,3,5,5,24,1.0
238027,2,192,3.0,96.0,1,3,6,6,23,1.0
238031,1,154,6.0,154.0,1,2,5,6,23,1.0
238038,1,131,5.0,131.0,1,3,5,5,23,1.0
238040,1,167,5.0,167.0,1,2,4,5,23,1.0
238051,1,143,6.0,143.0,1,3,5,6,23,1.0
238054,1,249,9.0,249.0,1,2,5,9,23,1.0
238056,1,90,4.0,90.0,1,3,3,4,23,1.0
238059,1,264,11.0,264.0,1,3,7,11,23,1.0
238066,1,146,4.0,146.0,1,2,4,4,23,1.0
238072,1,197,6.0,197.0,1,2,4,6,23,1.0
238080,2,272,4.0,136.0,2,3,6,8,8,0.5
238082,1,151,5.0,151.0,1,2,3,5,23,1.0
238086,2,203,3.5,101.5,1,3,5,7,16,1.0
238091,1,156,5.0,156.0,1,2,3,5,23,1.0
238108,1,139,5.0,139.0,1,2,4,5,23,1.0
238147,1,215,7.0,215.0,1,2,4,7,22,1.0
238150,1,207,7.0,207.0,1,2,3,7,22,1.0
238152,1,231,8.0,231.0,1,2,5,8,22,1.0
238156,1,284,9.0,284.0,1,2,5,9,22,1.0
238158,1,179,5.0,179.0,1,1,3,5,22,1.0
238159,1,110,6.0,110.0,1,3,5,6,22,1.0
238161,1,144,6.0,144.0,1,2,5,6,27,1.0
238165,1,185,5.0,185.0,1,3,5,5,22,1.0
238170,1,153,5.0,153.0,1,2,4,5,22,1.0
238177,1,124,4.0,124.0,1,1,3,4,22,1.0
238179,1,68,5.0,68.0,1,2,4,5,22,1.0
238183,1,139,5.0,139.0,1,2,5,5,22,1.0
238185,1,298,9.0,298.0,1,3,7,9,22,1.0
238189,1,139,5.0,139.0,1,2,4,5,22,1.0
238195,2,241,3.5,120.5,1,3,4,7,20,1.0
238196,1,107,6.0,107.0,1,2,4,6,21,1.0
238200,1,140,5.0,140.0,1,2,4,5,20,1.0
238213,1,117,4.0,117.0,1,2,3,4,20,1.0
238216,1,125,5.0,125.0,1,2,3,5,20,1.0
238227,1,146,5.0,146.0,1,3,4,5,20,1.0
238228,1,247,8.0,247.0,1,2,5,8,21,1.0
238229,1,129,6.0,129.0,1,3,5,6,21,1.0
238234,1,194,7.0,194.0,1,3,4,7,20,1.0
238238,1,184,6.0,184.0,1,2,5,6,21,1.0
238249,1,145,5.0,145.0,1,3,4,5,21,1.0
238254,1,257,9.0,257.0,1,2,6,9,20,1.0
238280,1,125,5.0,125.0,1,2,3,5,21,1.0
238318,1,165,8.0,165.0,1,2,5,8,20,1.0
238326,1,162,5.0,162.0,1,2,4,5,20,1.0
238336,1,338,10.0,338.0,1,2,6,10,20,1.0
238339,1,129,6.0,129.0,1,3,5,6,20,1.0
238350,1,178,7.0,178.0,1,2,4,7,22,1.0
238353,1,108,5.0,108.0,1,2,2,5,20,1.0
238354,1,166,7.0,166.0,1,2,3,7,20,1.0
238365,1,150,6.0,150.0,1,2,4,6,21,1.0
238373,1,749,27.0,749.0,1,2,6,27,20,1.0
238374,1,194,7.0,194.0,1,2,3,7,21,1.0
238382,1,29,2.0,29.0,1,2,2,2,21,1.0
238384,1,96,4.0,96.0,1,1,3,4,20,1.0
238386,1,150,5.0,150.0,1,2,4,5,20,1.0
238394,1,136,5.0,136.0,1,2,3,5,20,1.0
238395,1,151,4.0,151.0,1,2,4,4,21,1.0
238409,1,126,6.0,126.0,1,2,2,6,20,1.0
238416,1,147,5.0,147.0,1,2,5,5,18,1.0
238417,1,185,6.0,185.0,1,3,5,6,19,1.0
238422,1,148,6.0,148.0,1,3,5,6,18,1.0
238424,1,143,5.0,143.0,1,2,4,5,18,1.0
238441,1,141,5.0,141.0,1,2,5,5,18,1.0
238447,1,162,6.0,162.0,1,3,5,6,18,1.0
238451,2,396,6.0,198.0,1,2,5,12,18,1.0
238455,1,228,10.0,228.0,1,2,6,10,18,1.0
238457,1,170,5.0,170.0,1,2,2,5,18,1.0
238458,1,166,6.0,166.0,1,3,5,6,17,1.0
238468,1,178,6.0,178.0,1,2,3,6,17,1.0
238480,1,191,6.0,191.0,1,2,4,6,17,1.0
238484,1,132,5.0,132.0,1,2,3,5,17,1.0
238485,1,121,5.0,121.0,1,3,5,5,17,1.0
238497,1,142,5.0,142.0,1,2,5,5,17,1.0
238500,1,145,5.0,145.0,1,3,5,5,17,1.0
238503,1,619,18.0,619.0,1,3,7,18,17,1.0
238521,1,113,4.0,113.0,1,2,3,4,17,1.0
238534,1,180,4.0,180.0,1,2,4,4,17,1.0
238554,1,123,4.0,123.0,1,2,3,4,17,1.0
238556,1,326,8.0,326.0,1,1,2,8,17,1.0
238557,1,142,4.0,142.0,1,2,4,4,17,1.0
238563,1,129,4.0,129.0,1,1,4,4,17,1.0
238565,1,115,5.0,115.0,1,3,4,5,17,1.0
238574,1,260,8.0,260.0,1,3,6,8,16,1.0
238585,1,245,7.0,245.0,1,2,4,7,15,1.0
238586,1,307,9.0,307.0,1,2,5,9,15,1.0
238602,1,92,5.0,92.0,1,2,4,5,15,1.0
238608,2,172,3.5,86.0,1,3,5,7,14,1.0
238616,2,462,6.5,231.0,2,2,8,13,10,0.5
238620,1,56,1.0,56.0,1,1,1,1,15,1.0
238631,1,155,5.0,155.0,1,2,4,5,15,1.0
238634,1,130,5.0,130.0,1,2,5,5,15,1.0
238640,1,116,4.0,116.0,1,2,4,4,15,1.0
238647,1,199,7.0,199.0,1,2,3,7,15,1.0
238667,1,119,5.0,119.0,1,2,5,5,15,1.0
238677,1,79,4.0,79.0,1,1,2,4,15,1.0
238680,1,122,5.0,122.0,1,2,3,5,15,1.0
238685,1,231,7.0,231.0,1,2,5,7,15,1.0
238686,1,176,5.0,176.0,1,2,5,5,15,1.0
238687,1,240,8.0,240.0,1,2,5,8,15,1.0
238688,2,218,3.5,109.0,1,3,6,7,13,1.0
238694,1,162,5.0,162.0,1,2,3,5,13,1.0
238697,1,147,4.0,147.0,1,2,3,4,14,1.0
238699,1,298,10.0,298.0,1,2,5,10,13,1.0
238703,1,145,5.0,145.0,1,2,4,5,13,1.0
238706,1,183,8.0,183.0,1,3,6,8,13,1.0
238710,1,125,4.0,125.0,1,1,3,4,13,1.0
238711,2,237,4.0,118.5,2,2,5,8,6,0.5
238719,1,153,5.0,153.0,1,2,4,5,14,1.0
238721,1,129,5.0,129.0,1,2,4,5,13,1.0
238738,1,106,6.0,106.0,1,2,3,6,13,1.0
238742,1,187,7.0,187.0,1,2,4,7,14,1.0
238773,1,156,7.0,156.0,1,3,4,7,13,1.0
238785,1,125,5.0,125.0,1,2,4,5,14,1.0
238786,2,244,4.5,122.0,1,3,6,9,13,1.0
238787,1,104,4.0,104.0,1,2,4,4,13,1.0
238789,1,247,7.0,247.0,1,3,7,7,14,1.0
238790,1,215,6.0,215.0,1,1,3,6,14,1.0
238794,1,323,10.0,323.0,1,1,3,10,14,1.0
238795,1,136,4.0,136.0,1,1,2,4,14,1.0
238799,1,178,6.0,178.0,1,3,4,6,13,1.0
238800,1,117,6.0,117.0,1,2,3,6,13,1.0
238829,1,130,6.0,130.0,1,2,3,6,14,1.0
238835,2,241,4.0,120.5,1,3,7,8,6,1.0
238842,1,215,7.0,215.0,1,2,5,7,13,1.0
238850,1,110,5.0,110.0,1,2,3,5,13,1.0
238862,1,74,2.0,74.0,1,1,2,2,14,1.0
238864,1,165,4.0,165.0,1,1,4,4,14,1.0
238872,1,125,4.0,125.0,1,2,3,4,13,1.0
238886,1,170,7.0,170.0,1,2,5,7,14,1.0
238897,1,135,6.0,135.0,1,3,5,6,14,1.0
238918,1,145,5.0,145.0,1,2,3,5,11,1.0
238932,1,187,6.0,187.0,1,2,3,6,12,1.0
238941,2,182,4.0,91.0,1,2,3,8,10,1.0
238947,1,156,5.0,156.0,1,2,3,5,11,1.0
238958,1,138,4.0,138.0,1,1,2,4,11,1.0
238963,1,215,6.0,215.0,1,3,6,6,11,1.0
238977,1,146,5.0,146.0,1,2,4,5,10,1.0
238981,1,131,6.0,131.0,1,3,4,6,10,1.0
238986,1,99,5.0,99.0,1,2,3,5,10,1.0
238993,1,272,9.0,272.0,1,2,6,9,10,1.0
238994,1,199,6.0,199.0,1,2,3,6,10,1.0
239007,1,286,9.0,286.0,1,2,5,9,10,1.0
239030,1,147,5.0,147.0,1,2,4,5,10,1.0
239033,1,156,4.0,156.0,1,1,2,4,10,1.0
239035,1,179,6.0,179.0,1,2,4,6,10,1.0
239037,1,143,4.0,143.0,1,2,4,4,10,1.0
239040,1,128,5.0,128.0,1,2,4,5,10,1.0
239048,2,287,4.5,143.5,2,3,6,9,0,0.5
239050,2,395,5.0,197.5,1,1,5,10,7,1.0
239053,1,188,6.0,188.0,1,3,5,6,10,1.0
239056,1,110,5.0,110.0,1,2,4,5,9,1.0
239060,1,249,7.0,249.0,1,2,3,7,9,1.0
239065,1,112,5.0,112.0,1,2,3,5,9,1.0
239073,1,163,6.0,163.0,1,3,3,6,9,1.0
239075,1,234,7.0,234.0,1,3,4,7,9,1.0
239076,1,137,5.0,137.0,1,2,4,5,9,1.0
239086,1,129,5.0,129.0,1,2,3,5,9,1.0
239094,2,238,3.0,119.0,1,1,4,6,9,1.0
239095,1,164,5.0,164.0,1,2,2,5,9,1.0
239102,1,212,7.0,212.0,1,2,5,7,9,1.0
239105,2,244,4.0,122.0,2,2,6,8,3,0.5
239115,1,138,4.0,138.0,1,1,3,4,9,1.0
239116,1,125,5.0,125.0,1,2,3,5,9,1.0
239120,2,564,10.5,282.0,1,3,8,21,8,1.0
239127,1,121,5.0,121.0,1,2,4,5,9,1.0
239132,1,146,5.0,146.0,1,3,4,5,9,1.0
239134,1,196,5.0,196.0,1,3,5,5,9,1.0
239135,1,103,4.0,103.0,1,2,3,4,9,1.0
239148,1,251,8.0,251.0,1,2,5,8,9,1.0
239154,1,168,6.0,168.0,1,3,4,6,9,1.0
239157,1,162,5.0,162.0,1,2,4,5,9,1.0
239162,1,140,5.0,140.0,1,2,4,5,8,1.0
239164,1,99,5.0,99.0,1,2,3,5,8,1.0
239166,1,166,6.0,166.0,1,2,5,6,8,1.0
239167,1,137,5.0,137.0,1,2,5,5,8,1.0
239180,1,211,8.0,211.0,1,3,5,8,8,1.0
239209,2,206,3.5,103.0,1,2,5,7,1,1.0
239223,1,142,5.0,142.0,1,2,4,5,8,1.0
239225,1,187,7.0,187.0,1,2,6,7,8,1.0
239226,1,109,4.0,109.0,1,2,3,4,8,1.0
239235,1,272,10.0,272.0,1,2,6,10,8,1.0
239238,1,132,5.0,132.0,1,3,5,5,8,1.0
239240,1,227,7.0,227.0,1,2,3,7,8,1.0
239244,1,96,5.0,96.0,1,2,3,5,8,1.0
239251,1,104,5.0,104.0,1,2,3,5,8,1.0
239256,1,234,6.0,234.0,1,1,5,6,8,1.0
239257,1,144,7.0,144.0,1,2,5,7,8,1.0
239262,1,118,5.0,118.0,1,2,4,5,6,1.0
239294,1,178,6.0,178.0,1,2,5,6,7,1.0
239298,1,114,4.0,114.0,1,2,3,4,7,1.0
239304,1,52,3.0,52.0,1,2,3,3,7,1.0
239307,1,275,8.0,275.0,1,1,4,8,6,1.0
239312,1,110,4.0,110.0,1,2,3,4,6,1.0
239313,1,177,9.0,177.0,1,2,3,9,7,1.0
239316,1,97,3.0,97.0,1,2,3,3,7,1.0
239323,1,257,8.0,257.0,1,2,5,8,6,1.0
239325,1,185,5.0,185.0,1,3,5,5,7,1.0
239327,1,148,4.0,148.0,1,1,2,4,6,1.0
239335,1,374,10.0,374.0,1,3,8,10,6,1.0
239338,1,176,4.0,176.0,1,2,4,4,6,1.0
239358,1,148,5.0,148.0,1,2,3,5,7,1.0
239360,1,124,5.0,124.0,1,3,5,5,6,1.0
239365,1,372,12.0,372.0,1,2,6,12,6,1.0
239377,1,110,5.0,110.0,1,2,4,5,6,1.0
239387,1,141,5.0,141.0,1,2,5,5,6,1.0
239389,1,162,4.0,162.0,1,1,2,4,7,1.0
239390,1,183,7.0,183.0,1,3,7,7,7,1.0
239394,1,104,4.0,104.0,1,2,4,4,6,1.0
239397,1,154,4.0,154.0,1,1,3,4,6,1.0
239401,1,138,6.0,138.0,1,2,3,6,7,1.0
239404,1,111,4.0,111.0,1,2,3,4,7,1.0
239406,1,128,5.0,128.0,1,3,4,5,6,1.0
239416,2,218,3.5,109.0,1,2,5,7,4,1.0
239421,1,154,5.0,154.0,1,2,5,5,6,1.0
239435,1,153,5.0,153.0,1,2,5,5,6,1.0
239443,1,114,7.0,114.0,1,2,5,7,6,1.0
239447,1,180,6.0,180.0,1,2,3,6,7,1.0
239463,1,161,6.0,161.0,1,2,4,6,6,1.0
239470,1,154,5.0,154.0,1,2,5,5,6,1.0
239478,2,446,7.0,223.0,1,2,5,14,7,1.0
239497,1,122,4.0,122.0,1,1,2,4,7,1.0
239498,1,132,5.0,132.0,1,2,4,5,6,1.0
239501,1,156,4.0,156.0,1,2,4,4,6,1.0
239502,1,120,5.0,120.0,1,2,4,5,6,1.0
239509,1,233,9.0,233.0,1,2,6,9,6,1.0
239521,1,91,5.0,91.0,1,3,4,5,6,1.0
239527,1,138,6.0,138.0,1,3,4,6,6,1.0
239528,1,156,5.0,156.0,1,2,4,5,7,1.0
239533,1,138,5.0,138.0,1,2,4,5,7,1.0
239534,1,154,7.0,154.0,1,2,4,7,7,1.0
239540,1,165,5.0,165.0,1,2,4,5,7,1.0
239543,1,128,5.0,128.0,1,2,3,5,6,1.0
239545,2,312,5.0,156.0,1,1,4,10,7,1.0
239557,2,148,3.0,74.0,1,2,3,6,3,1.0
239558,1,228,7.0,228.0,1,2,5,7,4,1.0
239562,1,54,2.0,54.0,1,1,2,2,4,1.0
239575,1,158,5.0,158.0,1,2,3,5,4,1.0
239576,1,151,5.0,151.0,1,3,4,5,4,1.0
239581,1,108,5.0,108.0,1,2,3,5,5,1.0
239602,1,132,4.0,132.0,1,1,3,4,4,1.0
239607,1,203,7.0,203.0,1,2,4,7,3,1.0
239611,1,155,5.0,155.0,1,2,5,5,3,1.0
239631,1,121,7.0,121.0,1,2,4,7,3,1.0
239640,1,193,6.0,193.0,1,3,6,6,3,1.0
239648,1,184,7.0,184.0,1,2,4,7,3,1.0
239654,2,213,3.0,106.5,1,3,6,6,3,1.0
239672,1,136,4.0,136.0,1,2,4,4,27,1.0
239674,1,156,5.0,156.0,1,3,4,5,27,1.0
239680,1,99,5.0,99.0,1,3,5,5,27,1.0
239685,1,138,5.0,138.0,1,3,5,5,3,1.0
239696,1,162,6.0,162.0,1,2,5,6,3,1.0
239701,1,144,5.0,144.0,1,2,3,5,3,1.0
239705,1,196,7.0,196.0,1,2,3,7,3,1.0
239709,1,207,7.0,207.0,1,2,5,7,3,1.0
239720,1,186,6.0,186.0,1,3,4,6,3,1.0
239725,1,146,6.0,146.0,1,2,3,6,3,1.0
239727,1,398,11.0,398.0,1,2,6,11,2,1.0
239728,1,197,6.0,197.0,1,2,3,6,2,1.0
239735,1,113,4.0,113.0,1,2,3,4,2,1.0
239745,1,43,2.0,43.0,1,2,2,2,2,1.0
239752,2,290,5.5,145.0,1,2,3,11,1,1.0
239756,1,228,7.0,228.0,1,2,5,7,2,1.0
239758,2,199,4.0,99.5,1,2,5,8,1,1.0
239761,1,107,5.0,107.0,1,2,4,5,2,1.0
239770,1,147,4.0,147.0,1,2,3,4,2,1.0
239780,1,154,5.0,154.0,1,2,3,5,2,1.0
239783,1,166,5.0,166.0,1,2,5,5,2,1.0
239792,1,154,7.0,154.0,1,2,4,7,2,1.0
239796,1,184,5.0,184.0,1,2,4,5,2,1.0
239811,1,194,6.0,194.0,1,3,5,6,2,1.0
239820,1,311,9.0,311.0,1,2,6,9,2,1.0
239823,2,230,3.5,115.0,1,3,4,7,1,1.0
239835,1,149,5.0,149.0,1,2,5,5,2,1.0
239846,1,126,6.0,126.0,1,3,4,6,1,1.0
239871,1,444,13.0,444.0,1,2,5,13,1,1.0
239875,1,198,5.0,198.0,1,1,3,5,1,1.0
239877,1,124,3.0,124.0,1,1,3,3,1,1.0
239885,1,359,12.0,359.0,1,2,5,12,1,1.0
239906,1,198,6.0,198.0,1,1,5,6,1,1.0
239907,1,185,6.0,185.0,1,2,3,6,1,1.0
239929,1,169,5.0,169.0,1,2,5,5,1,1.0
239934,1,139,6.0,139.0,1,2,3,6,2,1.0
239938,1,166,6.0,166.0,1,2,3,6,1,1.0
239939,1,140,5.0,140.0,1,2,4,5,1,1.0
239940,1,120,5.0,120.0,1,2,4,5,1,1.0
239941,1,120,6.0,120.0,1,2,4,6,1,1.0
239942,1,78,2.0,78.0,1,1,2,2,1,1.0
239947,1,104,5.0,104.0,1,2,4,5,1,1.0
239948,1,141,7.0,141.0,1,2,3,7,1,1.0
239959,1,154,5.0,154.0,1,3,5,5,1,1.0
239969,1,139,5.0,139.0,1,2,5,5,0,1.0
239982,1,106,5.0,106.0,1,2,3,5,0,1.0
239984,1,160,4.0,160.0,1,1,4,4,0,1.0
240064,1,188,6.0,188.0,1,1,3,6,0,1.0
240065,1,235,6.0,235.0,1,2,4,6,0,1.0
240066,1,148,6.0,148.0,1,2,4,6,0,1.0
240075,1,156,5.0,156.0,1,2,3,5,0,1.0
240104,1,156,5.0,156.0,1,2,3,5,0,1.0
240105,1,156,5.0,156.0,1,2,3,5,0,1.0
240148,1,217,7.0,217.0,1,2,5,7,0,1.0
240174,1,154,6.0,154.0,1,2,3,6,0,1.0
240178,1,265,9.0,265.0,1,2,5,9,0,1.0
240184,1,118,6.0,118.0,1,3,4,6,0,1.0
240205,1,162,5.0,162.0,1,2,3,5,0,1.0
240219,1,138,5.0,138.0,1,2,4,5,0,1.0
240221,1,142,5.0,142.0,1,2,5,5,0,1.0
240269,1,245,8.0,245.0,1,2,4,8,0,1.0
240290,1,81,5.0,81.0,1,3,4,5,0,1.0
240296,1,239,8.0,239.0,1,3,5,8,0,1.0
